Date,Adj Close,Close,High,Low,Open,Volume
1962-01-02 00:00:00,,,,,,
1962-01-03 00:00:00,,,,,,
1962-01-04 00:00:00,,,,,,
1962-01-05 00:00:00,,,,,,
1962-01-08 00:00:00,,,,,,
1962-01-09 00:00:00,,,,,,
1962-01-10 00:00:00,,,,,,
1962-01-11 00:00:00,,,,,,
1962-01-12 00:00:00,,,,,,
1962-01-15 00:00:00,,,,,,
1962-01-16 00:00:00,,,,,,
1962-01-17 00:00:00,,,,,,
1962-01-18 00:00:00,,,,,,
1962-01-19 00:00:00,,,,,,
1962-01-22 00:00:00,,,,,,
1962-01-23 00:00:00,,,,,,
1962-01-24 00:00:00,,,,,,
1962-01-25 00:00:00,,,,,,
1962-01-26 00:00:00,,,,,,
1962-01-29 00:00:00,,,,,,
1962-01-30 00:00:00,,,,,,
1962-01-31 00:00:00,,,,,,
1962-02-01 00:00:00,,,,,,
1962-02-02 00:00:00,,,,,,
1962-02-05 00:00:00,,,,,,
1962-02-06 00:00:00,,,,,,
1962-02-07 00:00:00,,,,,,
1962-02-08 00:00:00,,,,,,
1962-02-09 00:00:00,,,,,,
1962-02-12 00:00:00,,,,,,
1962-02-13 00:00:00,,,,,,
1962-02-14 00:00:00,,,,,,
1962-02-15 00:00:00,,,,,,
1962-02-16 00:00:00,,,,,,
1962-02-19 00:00:00,,,,,,
1962-02-20 00:00:00,,,,,,
1962-02-21 00:00:00,,,,,,
1962-02-23 00:00:00,,,,,,
1962-02-26 00:00:00,,,,,,
1962-02-27 00:00:00,,,,,,
1962-02-28 00:00:00,,,,,,
1962-03-01 00:00:00,,,,,,
1962-03-02 00:00:00,,,,,,
1962-03-05 00:00:00,,,,,,
1962-03-06 00:00:00,,,,,,
1962-03-07 00:00:00,,,,,,
1962-03-08 00:00:00,,,,,,
1962-03-09 00:00:00,,,,,,
1962-03-12 00:00:00,,,,,,
1962-03-13 00:00:00,,,,,,
1962-03-14 00:00:00,,,,,,
1962-03-15 00:00:00,,,,,,
1962-03-16 00:00:00,,,,,,
1962-03-19 00:00:00,,,,,,
1962-03-20 00:00:00,,,,,,
1962-03-21 00:00:00,,,,,,
1962-03-22 00:00:00,,,,,,
1962-03-23 00:00:00,,,,,,
1962-03-26 00:00:00,,,,,,
1962-03-27 00:00:00,,,,,,
1962-03-28 00:00:00,,,,,,
1962-03-29 00:00:00,,,,,,
1962-03-30 00:00:00,,,,,,
1962-04-02 00:00:00,,,,,,
1962-04-03 00:00:00,,,,,,
1962-04-04 00:00:00,,,,,,
1962-04-05 00:00:00,,,,,,
1962-04-06 00:00:00,,,,,,
1962-04-09 00:00:00,,,,,,
1962-04-10 00:00:00,,,,,,
1962-04-11 00:00:00,,,,,,
1962-04-12 00:00:00,,,,,,
1962-04-13 00:00:00,,,,,,
1962-04-16 00:00:00,,,,,,
1962-04-17 00:00:00,,,,,,
1962-04-18 00:00:00,,,,,,
1962-04-19 00:00:00,,,,,,
1962-04-23 00:00:00,,,,,,
1962-04-24 00:00:00,,,,,,
1962-04-25 00:00:00,,,,,,
1962-04-26 00:00:00,,,,,,
1962-04-27 00:00:00,,,,,,
1962-04-30 00:00:00,,,,,,
1962-05-01 00:00:00,,,,,,
1962-05-02 00:00:00,,,,,,
1962-05-03 00:00:00,,,,,,
1962-05-04 00:00:00,,,,,,
1962-05-07 00:00:00,,,,,,
1962-05-08 00:00:00,,,,,,
1962-05-09 00:00:00,,,,,,
1962-05-10 00:00:00,,,,,,
1962-05-11 00:00:00,,,,,,
1962-05-14 00:00:00,,,,,,
1962-05-15 00:00:00,,,,,,
1962-05-16 00:00:00,,,,,,
1962-05-17 00:00:00,,,,,,
1962-05-18 00:00:00,,,,,,
1962-05-21 00:00:00,,,,,,
1962-05-22 00:00:00,,,,,,
1962-05-23 00:00:00,,,,,,
1962-05-24 00:00:00,,,,,,
1962-05-25 00:00:00,,,,,,
1962-05-28 00:00:00,,,,,,
1962-05-29 00:00:00,,,,,,
1962-05-31 00:00:00,,,,,,
1962-06-01 00:00:00,,,,,,
1962-06-04 00:00:00,,,,,,
1962-06-05 00:00:00,,,,,,
1962-06-06 00:00:00,,,,,,
1962-06-07 00:00:00,,,,,,
1962-06-08 00:00:00,,,,,,
1962-06-11 00:00:00,,,,,,
1962-06-12 00:00:00,,,,,,
1962-06-13 00:00:00,,,,,,
1962-06-14 00:00:00,,,,,,
1962-06-15 00:00:00,,,,,,
1962-06-18 00:00:00,,,,,,
1962-06-19 00:00:00,,,,,,
1962-06-20 00:00:00,,,,,,
1962-06-21 00:00:00,,,,,,
1962-06-22 00:00:00,,,,,,
1962-06-25 00:00:00,,,,,,
1962-06-26 00:00:00,,,,,,
1962-06-27 00:00:00,,,,,,
1962-06-28 00:00:00,,,,,,
1962-06-29 00:00:00,,,,,,
1962-07-02 00:00:00,,,,,,
1962-07-03 00:00:00,,,,,,
1962-07-05 00:00:00,,,,,,
1962-07-06 00:00:00,,,,,,
1962-07-09 00:00:00,,,,,,
1962-07-10 00:00:00,,,,,,
1962-07-11 00:00:00,,,,,,
1962-07-12 00:00:00,,,,,,
1962-07-13 00:00:00,,,,,,
1962-07-16 00:00:00,,,,,,
1962-07-17 00:00:00,,,,,,
1962-07-18 00:00:00,,,,,,
1962-07-19 00:00:00,,,,,,
1962-07-20 00:00:00,,,,,,
1962-07-23 00:00:00,,,,,,
1962-07-24 00:00:00,,,,,,
1962-07-25 00:00:00,,,,,,
1962-07-26 00:00:00,,,,,,
1962-07-27 00:00:00,,,,,,
1962-07-30 00:00:00,,,,,,
1962-07-31 00:00:00,,,,,,
1962-08-01 00:00:00,,,,,,
1962-08-02 00:00:00,,,,,,
1962-08-03 00:00:00,,,,,,
1962-08-06 00:00:00,,,,,,
1962-08-07 00:00:00,,,,,,
1962-08-08 00:00:00,,,,,,
1962-08-09 00:00:00,,,,,,
1962-08-10 00:00:00,,,,,,
1962-08-13 00:00:00,,,,,,
1962-08-14 00:00:00,,,,,,
1962-08-15 00:00:00,,,,,,
1962-08-16 00:00:00,,,,,,
1962-08-17 00:00:00,,,,,,
1962-08-20 00:00:00,,,,,,
1962-08-21 00:00:00,,,,,,
1962-08-22 00:00:00,,,,,,
1962-08-23 00:00:00,,,,,,
1962-08-24 00:00:00,,,,,,
1962-08-27 00:00:00,,,,,,
1962-08-28 00:00:00,,,,,,
1962-08-29 00:00:00,,,,,,
1962-08-30 00:00:00,,,,,,
1962-08-31 00:00:00,,,,,,
1962-09-04 00:00:00,,,,,,
1962-09-05 00:00:00,,,,,,
1962-09-06 00:00:00,,,,,,
1962-09-07 00:00:00,,,,,,
1962-09-10 00:00:00,,,,,,
1962-09-11 00:00:00,,,,,,
1962-09-12 00:00:00,,,,,,
1962-09-13 00:00:00,,,,,,
1962-09-14 00:00:00,,,,,,
1962-09-17 00:00:00,,,,,,
1962-09-18 00:00:00,,,,,,
1962-09-19 00:00:00,,,,,,
1962-09-20 00:00:00,,,,,,
1962-09-21 00:00:00,,,,,,
1962-09-24 00:00:00,,,,,,
1962-09-25 00:00:00,,,,,,
1962-09-26 00:00:00,,,,,,
1962-09-27 00:00:00,,,,,,
1962-09-28 00:00:00,,,,,,
1962-10-01 00:00:00,,,,,,
1962-10-02 00:00:00,,,,,,
1962-10-03 00:00:00,,,,,,
1962-10-04 00:00:00,,,,,,
1962-10-05 00:00:00,,,,,,
1962-10-08 00:00:00,,,,,,
1962-10-09 00:00:00,,,,,,
1962-10-10 00:00:00,,,,,,
1962-10-11 00:00:00,,,,,,
1962-10-12 00:00:00,,,,,,
1962-10-15 00:00:00,,,,,,
1962-10-16 00:00:00,,,,,,
1962-10-17 00:00:00,,,,,,
1962-10-18 00:00:00,,,,,,
1962-10-19 00:00:00,,,,,,
1962-10-22 00:00:00,,,,,,
1962-10-23 00:00:00,,,,,,
1962-10-24 00:00:00,,,,,,
1962-10-25 00:00:00,,,,,,
1962-10-26 00:00:00,,,,,,
1962-10-29 00:00:00,,,,,,
1962-10-30 00:00:00,,,,,,
1962-10-31 00:00:00,,,,,,
1962-11-01 00:00:00,,,,,,
1962-11-02 00:00:00,,,,,,
1962-11-05 00:00:00,,,,,,
1962-11-07 00:00:00,,,,,,
1962-11-08 00:00:00,,,,,,
1962-11-09 00:00:00,,,,,,
1962-11-12 00:00:00,,,,,,
1962-11-13 00:00:00,,,,,,
1962-11-14 00:00:00,,,,,,
1962-11-15 00:00:00,,,,,,
1962-11-16 00:00:00,,,,,,
1962-11-19 00:00:00,,,,,,
1962-11-20 00:00:00,,,,,,
1962-11-21 00:00:00,,,,,,
1962-11-23 00:00:00,,,,,,
1962-11-26 00:00:00,,,,,,
1962-11-27 00:00:00,,,,,,
1962-11-28 00:00:00,,,,,,
1962-11-29 00:00:00,,,,,,
1962-11-30 00:00:00,,,,,,
1962-12-03 00:00:00,,,,,,
1962-12-04 00:00:00,,,,,,
1962-12-05 00:00:00,,,,,,
1962-12-06 00:00:00,,,,,,
1962-12-07 00:00:00,,,,,,
1962-12-10 00:00:00,,,,,,
1962-12-11 00:00:00,,,,,,
1962-12-12 00:00:00,,,,,,
1962-12-13 00:00:00,,,,,,
1962-12-14 00:00:00,,,,,,
1962-12-17 00:00:00,,,,,,
1962-12-18 00:00:00,,,,,,
1962-12-19 00:00:00,,,,,,
1962-12-20 00:00:00,,,,,,
1962-12-21 00:00:00,,,,,,
1962-12-24 00:00:00,,,,,,
1962-12-26 00:00:00,,,,,,
1962-12-27 00:00:00,,,,,,
1962-12-28 00:00:00,,,,,,
1962-12-31 00:00:00,,,,,,
1963-01-02 00:00:00,,,,,,
1963-01-03 00:00:00,,,,,,
1963-01-04 00:00:00,,,,,,
1963-01-07 00:00:00,,,,,,
1963-01-08 00:00:00,,,,,,
1963-01-09 00:00:00,,,,,,
1963-01-10 00:00:00,,,,,,
1963-01-11 00:00:00,,,,,,
1963-01-14 00:00:00,,,,,,
1963-01-15 00:00:00,,,,,,
1963-01-16 00:00:00,,,,,,
1963-01-17 00:00:00,,,,,,
1963-01-18 00:00:00,,,,,,
1963-01-21 00:00:00,,,,,,
1963-01-22 00:00:00,,,,,,
1963-01-23 00:00:00,,,,,,
1963-01-24 00:00:00,,,,,,
1963-01-25 00:00:00,,,,,,
1963-01-28 00:00:00,,,,,,
1963-01-29 00:00:00,,,,,,
1963-01-30 00:00:00,,,,,,
1963-01-31 00:00:00,,,,,,
1963-02-01 00:00:00,,,,,,
1963-02-04 00:00:00,,,,,,
1963-02-05 00:00:00,,,,,,
1963-02-06 00:00:00,,,,,,
1963-02-07 00:00:00,,,,,,
1963-02-08 00:00:00,,,,,,
1963-02-11 00:00:00,,,,,,
1963-02-12 00:00:00,,,,,,
1963-02-13 00:00:00,,,,,,
1963-02-14 00:00:00,,,,,,
1963-02-15 00:00:00,,,,,,
1963-02-18 00:00:00,,,,,,
1963-02-19 00:00:00,,,,,,
1963-02-20 00:00:00,,,,,,
1963-02-21 00:00:00,,,,,,
1963-02-25 00:00:00,,,,,,
1963-02-26 00:00:00,,,,,,
1963-02-27 00:00:00,,,,,,
1963-02-28 00:00:00,,,,,,
1963-03-01 00:00:00,,,,,,
1963-03-04 00:00:00,,,,,,
1963-03-05 00:00:00,,,,,,
1963-03-06 00:00:00,,,,,,
1963-03-07 00:00:00,,,,,,
1963-03-08 00:00:00,,,,,,
1963-03-11 00:00:00,,,,,,
1963-03-12 00:00:00,,,,,,
1963-03-13 00:00:00,,,,,,
1963-03-14 00:00:00,,,,,,
1963-03-15 00:00:00,,,,,,
1963-03-18 00:00:00,,,,,,
1963-03-19 00:00:00,,,,,,
1963-03-20 00:00:00,,,,,,
1963-03-21 00:00:00,,,,,,
1963-03-22 00:00:00,,,,,,
1963-03-25 00:00:00,,,,,,
1963-03-26 00:00:00,,,,,,
1963-03-27 00:00:00,,,,,,
1963-03-28 00:00:00,,,,,,
1963-03-29 00:00:00,,,,,,
1963-04-01 00:00:00,,,,,,
1963-04-02 00:00:00,,,,,,
1963-04-03 00:00:00,,,,,,
1963-04-04 00:00:00,,,,,,
1963-04-05 00:00:00,,,,,,
1963-04-08 00:00:00,,,,,,
1963-04-09 00:00:00,,,,,,
1963-04-10 00:00:00,,,,,,
1963-04-11 00:00:00,,,,,,
1963-04-15 00:00:00,,,,,,
1963-04-16 00:00:00,,,,,,
1963-04-17 00:00:00,,,,,,
1963-04-18 00:00:00,,,,,,
1963-04-19 00:00:00,,,,,,
1963-04-22 00:00:00,,,,,,
1963-04-23 00:00:00,,,,,,
1963-04-24 00:00:00,,,,,,
1963-04-25 00:00:00,,,,,,
1963-04-26 00:00:00,,,,,,
1963-04-29 00:00:00,,,,,,
1963-04-30 00:00:00,,,,,,
1963-05-01 00:00:00,,,,,,
1963-05-02 00:00:00,,,,,,
1963-05-03 00:00:00,,,,,,
1963-05-06 00:00:00,,,,,,
1963-05-07 00:00:00,,,,,,
1963-05-08 00:00:00,,,,,,
1963-05-09 00:00:00,,,,,,
1963-05-10 00:00:00,,,,,,
1963-05-13 00:00:00,,,,,,
1963-05-14 00:00:00,,,,,,
1963-05-15 00:00:00,,,,,,
1963-05-16 00:00:00,,,,,,
1963-05-17 00:00:00,,,,,,
1963-05-20 00:00:00,,,,,,
1963-05-21 00:00:00,,,,,,
1963-05-22 00:00:00,,,,,,
1963-05-23 00:00:00,,,,,,
1963-05-24 00:00:00,,,,,,
1963-05-27 00:00:00,,,,,,
1963-05-28 00:00:00,,,,,,
1963-05-29 00:00:00,,,,,,
1963-05-31 00:00:00,,,,,,
1963-06-03 00:00:00,,,,,,
1963-06-04 00:00:00,,,,,,
1963-06-05 00:00:00,,,,,,
1963-06-06 00:00:00,,,,,,
1963-06-07 00:00:00,,,,,,
1963-06-10 00:00:00,,,,,,
1963-06-11 00:00:00,,,,,,
1963-06-12 00:00:00,,,,,,
1963-06-13 00:00:00,,,,,,
1963-06-14 00:00:00,,,,,,
1963-06-17 00:00:00,,,,,,
1963-06-18 00:00:00,,,,,,
1963-06-19 00:00:00,,,,,,
1963-06-20 00:00:00,,,,,,
1963-06-21 00:00:00,,,,,,
1963-06-24 00:00:00,,,,,,
1963-06-25 00:00:00,,,,,,
1963-06-26 00:00:00,,,,,,
1963-06-27 00:00:00,,,,,,
1963-06-28 00:00:00,,,,,,
1963-07-01 00:00:00,,,,,,
1963-07-02 00:00:00,,,,,,
1963-07-03 00:00:00,,,,,,
1963-07-05 00:00:00,,,,,,
1963-07-08 00:00:00,,,,,,
1963-07-09 00:00:00,,,,,,
1963-07-10 00:00:00,,,,,,
1963-07-11 00:00:00,,,,,,
1963-07-12 00:00:00,,,,,,
1963-07-15 00:00:00,,,,,,
1963-07-16 00:00:00,,,,,,
1963-07-17 00:00:00,,,,,,
1963-07-18 00:00:00,,,,,,
1963-07-19 00:00:00,,,,,,
1963-07-22 00:00:00,,,,,,
1963-07-23 00:00:00,,,,,,
1963-07-24 00:00:00,,,,,,
1963-07-25 00:00:00,,,,,,
1963-07-26 00:00:00,,,,,,
1963-07-29 00:00:00,,,,,,
1963-07-30 00:00:00,,,,,,
1963-07-31 00:00:00,,,,,,
1963-08-01 00:00:00,,,,,,
1963-08-02 00:00:00,,,,,,
1963-08-05 00:00:00,,,,,,
1963-08-06 00:00:00,,,,,,
1963-08-07 00:00:00,,,,,,
1963-08-08 00:00:00,,,,,,
1963-08-09 00:00:00,,,,,,
1963-08-12 00:00:00,,,,,,
1963-08-13 00:00:00,,,,,,
1963-08-14 00:00:00,,,,,,
1963-08-15 00:00:00,,,,,,
1963-08-16 00:00:00,,,,,,
1963-08-19 00:00:00,,,,,,
1963-08-20 00:00:00,,,,,,
1963-08-21 00:00:00,,,,,,
1963-08-22 00:00:00,,,,,,
1963-08-23 00:00:00,,,,,,
1963-08-26 00:00:00,,,,,,
1963-08-27 00:00:00,,,,,,
1963-08-28 00:00:00,,,,,,
1963-08-29 00:00:00,,,,,,
1963-08-30 00:00:00,,,,,,
1963-09-03 00:00:00,,,,,,
1963-09-04 00:00:00,,,,,,
1963-09-05 00:00:00,,,,,,
1963-09-06 00:00:00,,,,,,
1963-09-09 00:00:00,,,,,,
1963-09-10 00:00:00,,,,,,
1963-09-11 00:00:00,,,,,,
1963-09-12 00:00:00,,,,,,
1963-09-13 00:00:00,,,,,,
1963-09-16 00:00:00,,,,,,
1963-09-17 00:00:00,,,,,,
1963-09-18 00:00:00,,,,,,
1963-09-19 00:00:00,,,,,,
1963-09-20 00:00:00,,,,,,
1963-09-23 00:00:00,,,,,,
1963-09-24 00:00:00,,,,,,
1963-09-25 00:00:00,,,,,,
1963-09-26 00:00:00,,,,,,
1963-09-27 00:00:00,,,,,,
1963-09-30 00:00:00,,,,,,
1963-10-01 00:00:00,,,,,,
1963-10-02 00:00:00,,,,,,
1963-10-03 00:00:00,,,,,,
1963-10-04 00:00:00,,,,,,
1963-10-07 00:00:00,,,,,,
1963-10-08 00:00:00,,,,,,
1963-10-09 00:00:00,,,,,,
1963-10-10 00:00:00,,,,,,
1963-10-11 00:00:00,,,,,,
1963-10-14 00:00:00,,,,,,
1963-10-15 00:00:00,,,,,,
1963-10-16 00:00:00,,,,,,
1963-10-17 00:00:00,,,,,,
1963-10-18 00:00:00,,,,,,
1963-10-21 00:00:00,,,,,,
1963-10-22 00:00:00,,,,,,
1963-10-23 00:00:00,,,,,,
1963-10-24 00:00:00,,,,,,
1963-10-25 00:00:00,,,,,,
1963-10-28 00:00:00,,,,,,
1963-10-29 00:00:00,,,,,,
1963-10-30 00:00:00,,,,,,
1963-10-31 00:00:00,,,,,,
1963-11-01 00:00:00,,,,,,
1963-11-04 00:00:00,,,,,,
1963-11-06 00:00:00,,,,,,
1963-11-07 00:00:00,,,,,,
1963-11-08 00:00:00,,,,,,
1963-11-11 00:00:00,,,,,,
1963-11-12 00:00:00,,,,,,
1963-11-13 00:00:00,,,,,,
1963-11-14 00:00:00,,,,,,
1963-11-15 00:00:00,,,,,,
1963-11-18 00:00:00,,,,,,
1963-11-19 00:00:00,,,,,,
1963-11-20 00:00:00,,,,,,
1963-11-21 00:00:00,,,,,,
1963-11-22 00:00:00,,,,,,
1963-11-26 00:00:00,,,,,,
1963-11-27 00:00:00,,,,,,
1963-11-29 00:00:00,,,,,,
1963-12-02 00:00:00,,,,,,
1963-12-03 00:00:00,,,,,,
1963-12-04 00:00:00,,,,,,
1963-12-05 00:00:00,,,,,,
1963-12-06 00:00:00,,,,,,
1963-12-09 00:00:00,,,,,,
1963-12-10 00:00:00,,,,,,
1963-12-11 00:00:00,,,,,,
1963-12-12 00:00:00,,,,,,
1963-12-13 00:00:00,,,,,,
1963-12-16 00:00:00,,,,,,
1963-12-17 00:00:00,,,,,,
1963-12-18 00:00:00,,,,,,
1963-12-19 00:00:00,,,,,,
1963-12-20 00:00:00,,,,,,
1963-12-23 00:00:00,,,,,,
1963-12-24 00:00:00,,,,,,
1963-12-26 00:00:00,,,,,,
1963-12-27 00:00:00,,,,,,
1963-12-30 00:00:00,,,,,,
1963-12-31 00:00:00,,,,,,
1964-01-02 00:00:00,,,,,,
1964-01-03 00:00:00,,,,,,
1964-01-06 00:00:00,,,,,,
1964-01-07 00:00:00,,,,,,
1964-01-08 00:00:00,,,,,,
1964-01-09 00:00:00,,,,,,
1964-01-10 00:00:00,,,,,,
1964-01-13 00:00:00,,,,,,
1964-01-14 00:00:00,,,,,,
1964-01-15 00:00:00,,,,,,
1964-01-16 00:00:00,,,,,,
1964-01-17 00:00:00,,,,,,
1964-01-20 00:00:00,,,,,,
1964-01-21 00:00:00,,,,,,
1964-01-22 00:00:00,,,,,,
1964-01-23 00:00:00,,,,,,
1964-01-24 00:00:00,,,,,,
1964-01-27 00:00:00,,,,,,
1964-01-28 00:00:00,,,,,,
1964-01-29 00:00:00,,,,,,
1964-01-30 00:00:00,,,,,,
1964-01-31 00:00:00,,,,,,
1964-02-03 00:00:00,,,,,,
1964-02-04 00:00:00,,,,,,
1964-02-05 00:00:00,,,,,,
1964-02-06 00:00:00,,,,,,
1964-02-07 00:00:00,,,,,,
1964-02-10 00:00:00,,,,,,
1964-02-11 00:00:00,,,,,,
1964-02-12 00:00:00,,,,,,
1964-02-13 00:00:00,,,,,,
1964-02-14 00:00:00,,,,,,
1964-02-17 00:00:00,,,,,,
1964-02-18 00:00:00,,,,,,
1964-02-19 00:00:00,,,,,,
1964-02-20 00:00:00,,,,,,
1964-02-24 00:00:00,,,,,,
1964-02-25 00:00:00,,,,,,
1964-02-26 00:00:00,,,,,,
1964-02-27 00:00:00,,,,,,
1964-02-28 00:00:00,,,,,,
1964-03-02 00:00:00,,,,,,
1964-03-03 00:00:00,,,,,,
1964-03-04 00:00:00,,,,,,
1964-03-05 00:00:00,,,,,,
1964-03-06 00:00:00,,,,,,
1964-03-09 00:00:00,,,,,,
1964-03-10 00:00:00,,,,,,
1964-03-11 00:00:00,,,,,,
1964-03-12 00:00:00,,,,,,
1964-03-13 00:00:00,,,,,,
1964-03-16 00:00:00,,,,,,
1964-03-17 00:00:00,,,,,,
1964-03-18 00:00:00,,,,,,
1964-03-19 00:00:00,,,,,,
1964-03-20 00:00:00,,,,,,
1964-03-23 00:00:00,,,,,,
1964-03-24 00:00:00,,,,,,
1964-03-25 00:00:00,,,,,,
1964-03-26 00:00:00,,,,,,
1964-03-30 00:00:00,,,,,,
1964-03-31 00:00:00,,,,,,
1964-04-01 00:00:00,,,,,,
1964-04-02 00:00:00,,,,,,
1964-04-03 00:00:00,,,,,,
1964-04-06 00:00:00,,,,,,
1964-04-07 00:00:00,,,,,,
1964-04-08 00:00:00,,,,,,
1964-04-09 00:00:00,,,,,,
1964-04-10 00:00:00,,,,,,
1964-04-13 00:00:00,,,,,,
1964-04-14 00:00:00,,,,,,
1964-04-15 00:00:00,,,,,,
1964-04-16 00:00:00,,,,,,
1964-04-17 00:00:00,,,,,,
1964-04-20 00:00:00,,,,,,
1964-04-21 00:00:00,,,,,,
1964-04-22 00:00:00,,,,,,
1964-04-23 00:00:00,,,,,,
1964-04-24 00:00:00,,,,,,
1964-04-27 00:00:00,,,,,,
1964-04-28 00:00:00,,,,,,
1964-04-29 00:00:00,,,,,,
1964-04-30 00:00:00,,,,,,
1964-05-01 00:00:00,,,,,,
1964-05-04 00:00:00,,,,,,
1964-05-05 00:00:00,,,,,,
1964-05-06 00:00:00,,,,,,
1964-05-07 00:00:00,,,,,,
1964-05-08 00:00:00,,,,,,
1964-05-11 00:00:00,,,,,,
1964-05-12 00:00:00,,,,,,
1964-05-13 00:00:00,,,,,,
1964-05-14 00:00:00,,,,,,
1964-05-15 00:00:00,,,,,,
1964-05-18 00:00:00,,,,,,
1964-05-19 00:00:00,,,,,,
1964-05-20 00:00:00,,,,,,
1964-05-21 00:00:00,,,,,,
1964-05-22 00:00:00,,,,,,
1964-05-25 00:00:00,,,,,,
1964-05-26 00:00:00,,,,,,
1964-05-27 00:00:00,,,,,,
1964-05-28 00:00:00,,,,,,
1964-06-01 00:00:00,,,,,,
1964-06-02 00:00:00,,,,,,
1964-06-03 00:00:00,,,,,,
1964-06-04 00:00:00,,,,,,
1964-06-05 00:00:00,,,,,,
1964-06-08 00:00:00,,,,,,
1964-06-09 00:00:00,,,,,,
1964-06-10 00:00:00,,,,,,
1964-06-11 00:00:00,,,,,,
1964-06-12 00:00:00,,,,,,
1964-06-15 00:00:00,,,,,,
1964-06-16 00:00:00,,,,,,
1964-06-17 00:00:00,,,,,,
1964-06-18 00:00:00,,,,,,
1964-06-19 00:00:00,,,,,,
1964-06-22 00:00:00,,,,,,
1964-06-23 00:00:00,,,,,,
1964-06-24 00:00:00,,,,,,
1964-06-25 00:00:00,,,,,,
1964-06-26 00:00:00,,,,,,
1964-06-29 00:00:00,,,,,,
1964-06-30 00:00:00,,,,,,
1964-07-01 00:00:00,,,,,,
1964-07-02 00:00:00,,,,,,
1964-07-06 00:00:00,,,,,,
1964-07-07 00:00:00,,,,,,
1964-07-08 00:00:00,,,,,,
1964-07-09 00:00:00,,,,,,
1964-07-10 00:00:00,,,,,,
1964-07-13 00:00:00,,,,,,
1964-07-14 00:00:00,,,,,,
1964-07-15 00:00:00,,,,,,
1964-07-16 00:00:00,,,,,,
1964-07-17 00:00:00,,,,,,
1964-07-20 00:00:00,,,,,,
1964-07-21 00:00:00,,,,,,
1964-07-22 00:00:00,,,,,,
1964-07-23 00:00:00,,,,,,
1964-07-24 00:00:00,,,,,,
1964-07-27 00:00:00,,,,,,
1964-07-28 00:00:00,,,,,,
1964-07-29 00:00:00,,,,,,
1964-07-30 00:00:00,,,,,,
1964-07-31 00:00:00,,,,,,
1964-08-03 00:00:00,,,,,,
1964-08-04 00:00:00,,,,,,
1964-08-05 00:00:00,,,,,,
1964-08-06 00:00:00,,,,,,
1964-08-07 00:00:00,,,,,,
1964-08-10 00:00:00,,,,,,
1964-08-11 00:00:00,,,,,,
1964-08-12 00:00:00,,,,,,
1964-08-13 00:00:00,,,,,,
1964-08-14 00:00:00,,,,,,
1964-08-17 00:00:00,,,,,,
1964-08-18 00:00:00,,,,,,
1964-08-19 00:00:00,,,,,,
1964-08-20 00:00:00,,,,,,
1964-08-21 00:00:00,,,,,,
1964-08-24 00:00:00,,,,,,
1964-08-25 00:00:00,,,,,,
1964-08-26 00:00:00,,,,,,
1964-08-27 00:00:00,,,,,,
1964-08-28 00:00:00,,,,,,
1964-08-31 00:00:00,,,,,,
1964-09-01 00:00:00,,,,,,
1964-09-02 00:00:00,,,,,,
1964-09-03 00:00:00,,,,,,
1964-09-04 00:00:00,,,,,,
1964-09-08 00:00:00,,,,,,
1964-09-09 00:00:00,,,,,,
1964-09-10 00:00:00,,,,,,
1964-09-11 00:00:00,,,,,,
1964-09-14 00:00:00,,,,,,
1964-09-15 00:00:00,,,,,,
1964-09-16 00:00:00,,,,,,
1964-09-17 00:00:00,,,,,,
1964-09-18 00:00:00,,,,,,
1964-09-21 00:00:00,,,,,,
1964-09-22 00:00:00,,,,,,
1964-09-23 00:00:00,,,,,,
1964-09-24 00:00:00,,,,,,
1964-09-25 00:00:00,,,,,,
1964-09-28 00:00:00,,,,,,
1964-09-29 00:00:00,,,,,,
1964-09-30 00:00:00,,,,,,
1964-10-01 00:00:00,,,,,,
1964-10-02 00:00:00,,,,,,
1964-10-05 00:00:00,,,,,,
1964-10-06 00:00:00,,,,,,
1964-10-07 00:00:00,,,,,,
1964-10-08 00:00:00,,,,,,
1964-10-09 00:00:00,,,,,,
1964-10-12 00:00:00,,,,,,
1964-10-13 00:00:00,,,,,,
1964-10-14 00:00:00,,,,,,
1964-10-15 00:00:00,,,,,,
1964-10-16 00:00:00,,,,,,
1964-10-19 00:00:00,,,,,,
1964-10-20 00:00:00,,,,,,
1964-10-21 00:00:00,,,,,,
1964-10-22 00:00:00,,,,,,
1964-10-23 00:00:00,,,,,,
1964-10-26 00:00:00,,,,,,
1964-10-27 00:00:00,,,,,,
1964-10-28 00:00:00,,,,,,
1964-10-29 00:00:00,,,,,,
1964-10-30 00:00:00,,,,,,
1964-11-02 00:00:00,,,,,,
1964-11-04 00:00:00,,,,,,
1964-11-05 00:00:00,,,,,,
1964-11-06 00:00:00,,,,,,
1964-11-09 00:00:00,,,,,,
1964-11-10 00:00:00,,,,,,
1964-11-11 00:00:00,,,,,,
1964-11-12 00:00:00,,,,,,
1964-11-13 00:00:00,,,,,,
1964-11-16 00:00:00,,,,,,
1964-11-17 00:00:00,,,,,,
1964-11-18 00:00:00,,,,,,
1964-11-19 00:00:00,,,,,,
1964-11-20 00:00:00,,,,,,
1964-11-23 00:00:00,,,,,,
1964-11-24 00:00:00,,,,,,
1964-11-25 00:00:00,,,,,,
1964-11-27 00:00:00,,,,,,
1964-11-30 00:00:00,,,,,,
1964-12-01 00:00:00,,,,,,
1964-12-02 00:00:00,,,,,,
1964-12-03 00:00:00,,,,,,
1964-12-04 00:00:00,,,,,,
1964-12-07 00:00:00,,,,,,
1964-12-08 00:00:00,,,,,,
1964-12-09 00:00:00,,,,,,
1964-12-10 00:00:00,,,,,,
1964-12-11 00:00:00,,,,,,
1964-12-14 00:00:00,,,,,,
1964-12-15 00:00:00,,,,,,
1964-12-16 00:00:00,,,,,,
1964-12-17 00:00:00,,,,,,
1964-12-18 00:00:00,,,,,,
1964-12-21 00:00:00,,,,,,
1964-12-22 00:00:00,,,,,,
1964-12-23 00:00:00,,,,,,
1964-12-24 00:00:00,,,,,,
1964-12-28 00:00:00,,,,,,
1964-12-29 00:00:00,,,,,,
1964-12-30 00:00:00,,,,,,
1964-12-31 00:00:00,,,,,,
1965-01-04 00:00:00,,,,,,
1965-01-05 00:00:00,,,,,,
1965-01-06 00:00:00,,,,,,
1965-01-07 00:00:00,,,,,,
1965-01-08 00:00:00,,,,,,
1965-01-11 00:00:00,,,,,,
1965-01-12 00:00:00,,,,,,
1965-01-13 00:00:00,,,,,,
1965-01-14 00:00:00,,,,,,
1965-01-15 00:00:00,,,,,,
1965-01-18 00:00:00,,,,,,
1965-01-19 00:00:00,,,,,,
1965-01-20 00:00:00,,,,,,
1965-01-21 00:00:00,,,,,,
1965-01-22 00:00:00,,,,,,
1965-01-25 00:00:00,,,,,,
1965-01-26 00:00:00,,,,,,
1965-01-27 00:00:00,,,,,,
1965-01-28 00:00:00,,,,,,
1965-01-29 00:00:00,,,,,,
1965-02-01 00:00:00,,,,,,
1965-02-02 00:00:00,,,,,,
1965-02-03 00:00:00,,,,,,
1965-02-04 00:00:00,,,,,,
1965-02-05 00:00:00,,,,,,
1965-02-08 00:00:00,,,,,,
1965-02-09 00:00:00,,,,,,
1965-02-10 00:00:00,,,,,,
1965-02-11 00:00:00,,,,,,
1965-02-12 00:00:00,,,,,,
1965-02-15 00:00:00,,,,,,
1965-02-16 00:00:00,,,,,,
1965-02-17 00:00:00,,,,,,
1965-02-18 00:00:00,,,,,,
1965-02-19 00:00:00,,,,,,
1965-02-23 00:00:00,,,,,,
1965-02-24 00:00:00,,,,,,
1965-02-25 00:00:00,,,,,,
1965-02-26 00:00:00,,,,,,
1965-03-01 00:00:00,,,,,,
1965-03-02 00:00:00,,,,,,
1965-03-03 00:00:00,,,,,,
1965-03-04 00:00:00,,,,,,
1965-03-05 00:00:00,,,,,,
1965-03-08 00:00:00,,,,,,
1965-03-09 00:00:00,,,,,,
1965-03-10 00:00:00,,,,,,
1965-03-11 00:00:00,,,,,,
1965-03-12 00:00:00,,,,,,
1965-03-15 00:00:00,,,,,,
1965-03-16 00:00:00,,,,,,
1965-03-17 00:00:00,,,,,,
1965-03-18 00:00:00,,,,,,
1965-03-19 00:00:00,,,,,,
1965-03-22 00:00:00,,,,,,
1965-03-23 00:00:00,,,,,,
1965-03-24 00:00:00,,,,,,
1965-03-25 00:00:00,,,,,,
1965-03-26 00:00:00,,,,,,
1965-03-29 00:00:00,,,,,,
1965-03-30 00:00:00,,,,,,
1965-03-31 00:00:00,,,,,,
1965-04-01 00:00:00,,,,,,
1965-04-02 00:00:00,,,,,,
1965-04-05 00:00:00,,,,,,
1965-04-06 00:00:00,,,,,,
1965-04-07 00:00:00,,,,,,
1965-04-08 00:00:00,,,,,,
1965-04-09 00:00:00,,,,,,
1965-04-12 00:00:00,,,,,,
1965-04-13 00:00:00,,,,,,
1965-04-14 00:00:00,,,,,,
1965-04-15 00:00:00,,,,,,
1965-04-19 00:00:00,,,,,,
1965-04-20 00:00:00,,,,,,
1965-04-21 00:00:00,,,,,,
1965-04-22 00:00:00,,,,,,
1965-04-23 00:00:00,,,,,,
1965-04-26 00:00:00,,,,,,
1965-04-27 00:00:00,,,,,,
1965-04-28 00:00:00,,,,,,
1965-04-29 00:00:00,,,,,,
1965-04-30 00:00:00,,,,,,
1965-05-03 00:00:00,,,,,,
1965-05-04 00:00:00,,,,,,
1965-05-05 00:00:00,,,,,,
1965-05-06 00:00:00,,,,,,
1965-05-07 00:00:00,,,,,,
1965-05-10 00:00:00,,,,,,
1965-05-11 00:00:00,,,,,,
1965-05-12 00:00:00,,,,,,
1965-05-13 00:00:00,,,,,,
1965-05-14 00:00:00,,,,,,
1965-05-17 00:00:00,,,,,,
1965-05-18 00:00:00,,,,,,
1965-05-19 00:00:00,,,,,,
1965-05-20 00:00:00,,,,,,
1965-05-21 00:00:00,,,,,,
1965-05-24 00:00:00,,,,,,
1965-05-25 00:00:00,,,,,,
1965-05-26 00:00:00,,,,,,
1965-05-27 00:00:00,,,,,,
1965-05-28 00:00:00,,,,,,
1965-06-01 00:00:00,,,,,,
1965-06-02 00:00:00,,,,,,
1965-06-03 00:00:00,,,,,,
1965-06-04 00:00:00,,,,,,
1965-06-07 00:00:00,,,,,,
1965-06-08 00:00:00,,,,,,
1965-06-09 00:00:00,,,,,,
1965-06-10 00:00:00,,,,,,
1965-06-11 00:00:00,,,,,,
1965-06-14 00:00:00,,,,,,
1965-06-15 00:00:00,,,,,,
1965-06-16 00:00:00,,,,,,
1965-06-17 00:00:00,,,,,,
1965-06-18 00:00:00,,,,,,
1965-06-21 00:00:00,,,,,,
1965-06-22 00:00:00,,,,,,
1965-06-23 00:00:00,,,,,,
1965-06-24 00:00:00,,,,,,
1965-06-25 00:00:00,,,,,,
1965-06-28 00:00:00,,,,,,
1965-06-29 00:00:00,,,,,,
1965-06-30 00:00:00,,,,,,
1965-07-01 00:00:00,,,,,,
1965-07-02 00:00:00,,,,,,
1965-07-06 00:00:00,,,,,,
1965-07-07 00:00:00,,,,,,
1965-07-08 00:00:00,,,,,,
1965-07-09 00:00:00,,,,,,
1965-07-12 00:00:00,,,,,,
1965-07-13 00:00:00,,,,,,
1965-07-14 00:00:00,,,,,,
1965-07-15 00:00:00,,,,,,
1965-07-16 00:00:00,,,,,,
1965-07-19 00:00:00,,,,,,
1965-07-20 00:00:00,,,,,,
1965-07-21 00:00:00,,,,,,
1965-07-22 00:00:00,,,,,,
1965-07-23 00:00:00,,,,,,
1965-07-26 00:00:00,,,,,,
1965-07-27 00:00:00,,,,,,
1965-07-28 00:00:00,,,,,,
1965-07-29 00:00:00,,,,,,
1965-07-30 00:00:00,,,,,,
1965-08-02 00:00:00,,,,,,
1965-08-03 00:00:00,,,,,,
1965-08-04 00:00:00,,,,,,
1965-08-05 00:00:00,,,,,,
1965-08-06 00:00:00,,,,,,
1965-08-09 00:00:00,,,,,,
1965-08-10 00:00:00,,,,,,
1965-08-11 00:00:00,,,,,,
1965-08-12 00:00:00,,,,,,
1965-08-13 00:00:00,,,,,,
1965-08-16 00:00:00,,,,,,
1965-08-17 00:00:00,,,,,,
1965-08-18 00:00:00,,,,,,
1965-08-19 00:00:00,,,,,,
1965-08-20 00:00:00,,,,,,
1965-08-23 00:00:00,,,,,,
1965-08-24 00:00:00,,,,,,
1965-08-25 00:00:00,,,,,,
1965-08-26 00:00:00,,,,,,
1965-08-27 00:00:00,,,,,,
1965-08-30 00:00:00,,,,,,
1965-08-31 00:00:00,,,,,,
1965-09-01 00:00:00,,,,,,
1965-09-02 00:00:00,,,,,,
1965-09-03 00:00:00,,,,,,
1965-09-07 00:00:00,,,,,,
1965-09-08 00:00:00,,,,,,
1965-09-09 00:00:00,,,,,,
1965-09-10 00:00:00,,,,,,
1965-09-13 00:00:00,,,,,,
1965-09-14 00:00:00,,,,,,
1965-09-15 00:00:00,,,,,,
1965-09-16 00:00:00,,,,,,
1965-09-17 00:00:00,,,,,,
1965-09-20 00:00:00,,,,,,
1965-09-21 00:00:00,,,,,,
1965-09-22 00:00:00,,,,,,
1965-09-23 00:00:00,,,,,,
1965-09-24 00:00:00,,,,,,
1965-09-27 00:00:00,,,,,,
1965-09-28 00:00:00,,,,,,
1965-09-29 00:00:00,,,,,,
1965-09-30 00:00:00,,,,,,
1965-10-01 00:00:00,,,,,,
1965-10-04 00:00:00,,,,,,
1965-10-05 00:00:00,,,,,,
1965-10-06 00:00:00,,,,,,
1965-10-07 00:00:00,,,,,,
1965-10-08 00:00:00,,,,,,
1965-10-11 00:00:00,,,,,,
1965-10-12 00:00:00,,,,,,
1965-10-13 00:00:00,,,,,,
1965-10-14 00:00:00,,,,,,
1965-10-15 00:00:00,,,,,,
1965-10-18 00:00:00,,,,,,
1965-10-19 00:00:00,,,,,,
1965-10-20 00:00:00,,,,,,
1965-10-21 00:00:00,,,,,,
1965-10-22 00:00:00,,,,,,
1965-10-25 00:00:00,,,,,,
1965-10-26 00:00:00,,,,,,
1965-10-27 00:00:00,,,,,,
1965-10-28 00:00:00,,,,,,
1965-10-29 00:00:00,,,,,,
1965-11-01 00:00:00,,,,,,
1965-11-03 00:00:00,,,,,,
1965-11-04 00:00:00,,,,,,
1965-11-05 00:00:00,,,,,,
1965-11-08 00:00:00,,,,,,
1965-11-09 00:00:00,,,,,,
1965-11-10 00:00:00,,,,,,
1965-11-11 00:00:00,,,,,,
1965-11-12 00:00:00,,,,,,
1965-11-15 00:00:00,,,,,,
1965-11-16 00:00:00,,,,,,
1965-11-17 00:00:00,,,,,,
1965-11-18 00:00:00,,,,,,
1965-11-19 00:00:00,,,,,,
1965-11-22 00:00:00,,,,,,
1965-11-23 00:00:00,,,,,,
1965-11-24 00:00:00,,,,,,
1965-11-26 00:00:00,,,,,,
1965-11-29 00:00:00,,,,,,
1965-11-30 00:00:00,,,,,,
1965-12-01 00:00:00,,,,,,
1965-12-02 00:00:00,,,,,,
1965-12-03 00:00:00,,,,,,
1965-12-06 00:00:00,,,,,,
1965-12-07 00:00:00,,,,,,
1965-12-08 00:00:00,,,,,,
1965-12-09 00:00:00,,,,,,
1965-12-10 00:00:00,,,,,,
1965-12-13 00:00:00,,,,,,
1965-12-14 00:00:00,,,,,,
1965-12-15 00:00:00,,,,,,
1965-12-16 00:00:00,,,,,,
1965-12-17 00:00:00,,,,,,
1965-12-20 00:00:00,,,,,,
1965-12-21 00:00:00,,,,,,
1965-12-22 00:00:00,,,,,,
1965-12-23 00:00:00,,,,,,
1965-12-27 00:00:00,,,,,,
1965-12-28 00:00:00,,,,,,
1965-12-29 00:00:00,,,,,,
1965-12-30 00:00:00,,,,,,
1965-12-31 00:00:00,,,,,,
1966-01-03 00:00:00,,,,,,
1966-01-04 00:00:00,,,,,,
1966-01-05 00:00:00,,,,,,
1966-01-06 00:00:00,,,,,,
1966-01-07 00:00:00,,,,,,
1966-01-10 00:00:00,,,,,,
1966-01-11 00:00:00,,,,,,
1966-01-12 00:00:00,,,,,,
1966-01-13 00:00:00,,,,,,
1966-01-14 00:00:00,,,,,,
1966-01-17 00:00:00,,,,,,
1966-01-18 00:00:00,,,,,,
1966-01-19 00:00:00,,,,,,
1966-01-20 00:00:00,,,,,,
1966-01-21 00:00:00,,,,,,
1966-01-24 00:00:00,,,,,,
1966-01-25 00:00:00,,,,,,
1966-01-26 00:00:00,,,,,,
1966-01-27 00:00:00,,,,,,
1966-01-28 00:00:00,,,,,,
1966-01-31 00:00:00,,,,,,
1966-02-01 00:00:00,,,,,,
1966-02-02 00:00:00,,,,,,
1966-02-03 00:00:00,,,,,,
1966-02-04 00:00:00,,,,,,
1966-02-07 00:00:00,,,,,,
1966-02-08 00:00:00,,,,,,
1966-02-09 00:00:00,,,,,,
1966-02-10 00:00:00,,,,,,
1966-02-11 00:00:00,,,,,,
1966-02-14 00:00:00,,,,,,
1966-02-15 00:00:00,,,,,,
1966-02-16 00:00:00,,,,,,
1966-02-17 00:00:00,,,,,,
1966-02-18 00:00:00,,,,,,
1966-02-21 00:00:00,,,,,,
1966-02-23 00:00:00,,,,,,
1966-02-24 00:00:00,,,,,,
1966-02-25 00:00:00,,,,,,
1966-02-28 00:00:00,,,,,,
1966-03-01 00:00:00,,,,,,
1966-03-02 00:00:00,,,,,,
1966-03-03 00:00:00,,,,,,
1966-03-04 00:00:00,,,,,,
1966-03-07 00:00:00,,,,,,
1966-03-08 00:00:00,,,,,,
1966-03-09 00:00:00,,,,,,
1966-03-10 00:00:00,,,,,,
1966-03-11 00:00:00,,,,,,
1966-03-14 00:00:00,,,,,,
1966-03-15 00:00:00,,,,,,
1966-03-16 00:00:00,,,,,,
1966-03-17 00:00:00,,,,,,
1966-03-18 00:00:00,,,,,,
1966-03-21 00:00:00,,,,,,
1966-03-22 00:00:00,,,,,,
1966-03-23 00:00:00,,,,,,
1966-03-24 00:00:00,,,,,,
1966-03-25 00:00:00,,,,,,
1966-03-28 00:00:00,,,,,,
1966-03-29 00:00:00,,,,,,
1966-03-30 00:00:00,,,,,,
1966-03-31 00:00:00,,,,,,
1966-04-01 00:00:00,,,,,,
1966-04-04 00:00:00,,,,,,
1966-04-05 00:00:00,,,,,,
1966-04-06 00:00:00,,,,,,
1966-04-07 00:00:00,,,,,,
1966-04-11 00:00:00,,,,,,
1966-04-12 00:00:00,,,,,,
1966-04-13 00:00:00,,,,,,
1966-04-14 00:00:00,,,,,,
1966-04-15 00:00:00,,,,,,
1966-04-18 00:00:00,,,,,,
1966-04-19 00:00:00,,,,,,
1966-04-20 00:00:00,,,,,,
1966-04-21 00:00:00,,,,,,
1966-04-22 00:00:00,,,,,,
1966-04-25 00:00:00,,,,,,
1966-04-26 00:00:00,,,,,,
1966-04-27 00:00:00,,,,,,
1966-04-28 00:00:00,,,,,,
1966-04-29 00:00:00,,,,,,
1966-05-02 00:00:00,,,,,,
1966-05-03 00:00:00,,,,,,
1966-05-04 00:00:00,,,,,,
1966-05-05 00:00:00,,,,,,
1966-05-06 00:00:00,,,,,,
1966-05-09 00:00:00,,,,,,
1966-05-10 00:00:00,,,,,,
1966-05-11 00:00:00,,,,,,
1966-05-12 00:00:00,,,,,,
1966-05-13 00:00:00,,,,,,
1966-05-16 00:00:00,,,,,,
1966-05-17 00:00:00,,,,,,
1966-05-18 00:00:00,,,,,,
1966-05-19 00:00:00,,,,,,
1966-05-20 00:00:00,,,,,,
1966-05-23 00:00:00,,,,,,
1966-05-24 00:00:00,,,,,,
1966-05-25 00:00:00,,,,,,
1966-05-26 00:00:00,,,,,,
1966-05-27 00:00:00,,,,,,
1966-05-31 00:00:00,,,,,,
1966-06-01 00:00:00,,,,,,
1966-06-02 00:00:00,,,,,,
1966-06-03 00:00:00,,,,,,
1966-06-06 00:00:00,,,,,,
1966-06-07 00:00:00,,,,,,
1966-06-08 00:00:00,,,,,,
1966-06-09 00:00:00,,,,,,
1966-06-10 00:00:00,,,,,,
1966-06-13 00:00:00,,,,,,
1966-06-14 00:00:00,,,,,,
1966-06-15 00:00:00,,,,,,
1966-06-16 00:00:00,,,,,,
1966-06-17 00:00:00,,,,,,
1966-06-20 00:00:00,,,,,,
1966-06-21 00:00:00,,,,,,
1966-06-22 00:00:00,,,,,,
1966-06-23 00:00:00,,,,,,
1966-06-24 00:00:00,,,,,,
1966-06-27 00:00:00,,,,,,
1966-06-28 00:00:00,,,,,,
1966-06-29 00:00:00,,,,,,
1966-06-30 00:00:00,,,,,,
1966-07-01 00:00:00,,,,,,
1966-07-05 00:00:00,,,,,,
1966-07-06 00:00:00,,,,,,
1966-07-07 00:00:00,,,,,,
1966-07-08 00:00:00,,,,,,
1966-07-11 00:00:00,,,,,,
1966-07-12 00:00:00,,,,,,
1966-07-13 00:00:00,,,,,,
1966-07-14 00:00:00,,,,,,
1966-07-15 00:00:00,,,,,,
1966-07-18 00:00:00,,,,,,
1966-07-19 00:00:00,,,,,,
1966-07-20 00:00:00,,,,,,
1966-07-21 00:00:00,,,,,,
1966-07-22 00:00:00,,,,,,
1966-07-25 00:00:00,,,,,,
1966-07-26 00:00:00,,,,,,
1966-07-27 00:00:00,,,,,,
1966-07-28 00:00:00,,,,,,
1966-07-29 00:00:00,,,,,,
1966-08-01 00:00:00,,,,,,
1966-08-02 00:00:00,,,,,,
1966-08-03 00:00:00,,,,,,
1966-08-04 00:00:00,,,,,,
1966-08-05 00:00:00,,,,,,
1966-08-08 00:00:00,,,,,,
1966-08-09 00:00:00,,,,,,
1966-08-10 00:00:00,,,,,,
1966-08-11 00:00:00,,,,,,
1966-08-12 00:00:00,,,,,,
1966-08-15 00:00:00,,,,,,
1966-08-16 00:00:00,,,,,,
1966-08-17 00:00:00,,,,,,
1966-08-18 00:00:00,,,,,,
1966-08-19 00:00:00,,,,,,
1966-08-22 00:00:00,,,,,,
1966-08-23 00:00:00,,,,,,
1966-08-24 00:00:00,,,,,,
1966-08-25 00:00:00,,,,,,
1966-08-26 00:00:00,,,,,,
1966-08-29 00:00:00,,,,,,
1966-08-30 00:00:00,,,,,,
1966-08-31 00:00:00,,,,,,
1966-09-01 00:00:00,,,,,,
1966-09-02 00:00:00,,,,,,
1966-09-06 00:00:00,,,,,,
1966-09-07 00:00:00,,,,,,
1966-09-08 00:00:00,,,,,,
1966-09-09 00:00:00,,,,,,
1966-09-12 00:00:00,,,,,,
1966-09-13 00:00:00,,,,,,
1966-09-14 00:00:00,,,,,,
1966-09-15 00:00:00,,,,,,
1966-09-16 00:00:00,,,,,,
1966-09-19 00:00:00,,,,,,
1966-09-20 00:00:00,,,,,,
1966-09-21 00:00:00,,,,,,
1966-09-22 00:00:00,,,,,,
1966-09-23 00:00:00,,,,,,
1966-09-26 00:00:00,,,,,,
1966-09-27 00:00:00,,,,,,
1966-09-28 00:00:00,,,,,,
1966-09-29 00:00:00,,,,,,
1966-09-30 00:00:00,,,,,,
1966-10-03 00:00:00,,,,,,
1966-10-04 00:00:00,,,,,,
1966-10-05 00:00:00,,,,,,
1966-10-06 00:00:00,,,,,,
1966-10-07 00:00:00,,,,,,
1966-10-10 00:00:00,,,,,,
1966-10-11 00:00:00,,,,,,
1966-10-12 00:00:00,,,,,,
1966-10-13 00:00:00,,,,,,
1966-10-14 00:00:00,,,,,,
1966-10-17 00:00:00,,,,,,
1966-10-18 00:00:00,,,,,,
1966-10-19 00:00:00,,,,,,
1966-10-20 00:00:00,,,,,,
1966-10-21 00:00:00,,,,,,
1966-10-24 00:00:00,,,,,,
1966-10-25 00:00:00,,,,,,
1966-10-26 00:00:00,,,,,,
1966-10-27 00:00:00,,,,,,
1966-10-28 00:00:00,,,,,,
1966-10-31 00:00:00,,,,,,
1966-11-01 00:00:00,,,,,,
1966-11-02 00:00:00,,,,,,
1966-11-03 00:00:00,,,,,,
1966-11-04 00:00:00,,,,,,
1966-11-07 00:00:00,,,,,,
1966-11-09 00:00:00,,,,,,
1966-11-10 00:00:00,,,,,,
1966-11-11 00:00:00,,,,,,
1966-11-14 00:00:00,,,,,,
1966-11-15 00:00:00,,,,,,
1966-11-16 00:00:00,,,,,,
1966-11-17 00:00:00,,,,,,
1966-11-18 00:00:00,,,,,,
1966-11-21 00:00:00,,,,,,
1966-11-22 00:00:00,,,,,,
1966-11-23 00:00:00,,,,,,
1966-11-25 00:00:00,,,,,,
1966-11-28 00:00:00,,,,,,
1966-11-29 00:00:00,,,,,,
1966-11-30 00:00:00,,,,,,
1966-12-01 00:00:00,,,,,,
1966-12-02 00:00:00,,,,,,
1966-12-05 00:00:00,,,,,,
1966-12-06 00:00:00,,,,,,
1966-12-07 00:00:00,,,,,,
1966-12-08 00:00:00,,,,,,
1966-12-09 00:00:00,,,,,,
1966-12-12 00:00:00,,,,,,
1966-12-13 00:00:00,,,,,,
1966-12-14 00:00:00,,,,,,
1966-12-15 00:00:00,,,,,,
1966-12-16 00:00:00,,,,,,
1966-12-19 00:00:00,,,,,,
1966-12-20 00:00:00,,,,,,
1966-12-21 00:00:00,,,,,,
1966-12-22 00:00:00,,,,,,
1966-12-23 00:00:00,,,,,,
1966-12-27 00:00:00,,,,,,
1966-12-28 00:00:00,,,,,,
1966-12-29 00:00:00,,,,,,
1966-12-30 00:00:00,,,,,,
1967-01-03 00:00:00,,,,,,
1967-01-04 00:00:00,,,,,,
1967-01-05 00:00:00,,,,,,
1967-01-06 00:00:00,,,,,,
1967-01-09 00:00:00,,,,,,
1967-01-10 00:00:00,,,,,,
1967-01-11 00:00:00,,,,,,
1967-01-12 00:00:00,,,,,,
1967-01-13 00:00:00,,,,,,
1967-01-16 00:00:00,,,,,,
1967-01-17 00:00:00,,,,,,
1967-01-18 00:00:00,,,,,,
1967-01-19 00:00:00,,,,,,
1967-01-20 00:00:00,,,,,,
1967-01-23 00:00:00,,,,,,
1967-01-24 00:00:00,,,,,,
1967-01-25 00:00:00,,,,,,
1967-01-26 00:00:00,,,,,,
1967-01-27 00:00:00,,,,,,
1967-01-30 00:00:00,,,,,,
1967-01-31 00:00:00,,,,,,
1967-02-01 00:00:00,,,,,,
1967-02-02 00:00:00,,,,,,
1967-02-03 00:00:00,,,,,,
1967-02-06 00:00:00,,,,,,
1967-02-07 00:00:00,,,,,,
1967-02-08 00:00:00,,,,,,
1967-02-09 00:00:00,,,,,,
1967-02-10 00:00:00,,,,,,
1967-02-13 00:00:00,,,,,,
1967-02-14 00:00:00,,,,,,
1967-02-15 00:00:00,,,,,,
1967-02-16 00:00:00,,,,,,
1967-02-17 00:00:00,,,,,,
1967-02-20 00:00:00,,,,,,
1967-02-21 00:00:00,,,,,,
1967-02-23 00:00:00,,,,,,
1967-02-24 00:00:00,,,,,,
1967-02-27 00:00:00,,,,,,
1967-02-28 00:00:00,,,,,,
1967-03-01 00:00:00,,,,,,
1967-03-02 00:00:00,,,,,,
1967-03-03 00:00:00,,,,,,
1967-03-06 00:00:00,,,,,,
1967-03-07 00:00:00,,,,,,
1967-03-08 00:00:00,,,,,,
1967-03-09 00:00:00,,,,,,
1967-03-10 00:00:00,,,,,,
1967-03-13 00:00:00,,,,,,
1967-03-14 00:00:00,,,,,,
1967-03-15 00:00:00,,,,,,
1967-03-16 00:00:00,,,,,,
1967-03-17 00:00:00,,,,,,
1967-03-20 00:00:00,,,,,,
1967-03-21 00:00:00,,,,,,
1967-03-22 00:00:00,,,,,,
1967-03-23 00:00:00,,,,,,
1967-03-27 00:00:00,,,,,,
1967-03-28 00:00:00,,,,,,
1967-03-29 00:00:00,,,,,,
1967-03-30 00:00:00,,,,,,
1967-03-31 00:00:00,,,,,,
1967-04-03 00:00:00,,,,,,
1967-04-04 00:00:00,,,,,,
1967-04-05 00:00:00,,,,,,
1967-04-06 00:00:00,,,,,,
1967-04-07 00:00:00,,,,,,
1967-04-10 00:00:00,,,,,,
1967-04-11 00:00:00,,,,,,
1967-04-12 00:00:00,,,,,,
1967-04-13 00:00:00,,,,,,
1967-04-14 00:00:00,,,,,,
1967-04-17 00:00:00,,,,,,
1967-04-18 00:00:00,,,,,,
1967-04-19 00:00:00,,,,,,
1967-04-20 00:00:00,,,,,,
1967-04-21 00:00:00,,,,,,
1967-04-24 00:00:00,,,,,,
1967-04-25 00:00:00,,,,,,
1967-04-26 00:00:00,,,,,,
1967-04-27 00:00:00,,,,,,
1967-04-28 00:00:00,,,,,,
1967-05-01 00:00:00,,,,,,
1967-05-02 00:00:00,,,,,,
1967-05-03 00:00:00,,,,,,
1967-05-04 00:00:00,,,,,,
1967-05-05 00:00:00,,,,,,
1967-05-08 00:00:00,,,,,,
1967-05-09 00:00:00,,,,,,
1967-05-10 00:00:00,,,,,,
1967-05-11 00:00:00,,,,,,
1967-05-12 00:00:00,,,,,,
1967-05-15 00:00:00,,,,,,
1967-05-16 00:00:00,,,,,,
1967-05-17 00:00:00,,,,,,
1967-05-18 00:00:00,,,,,,
1967-05-19 00:00:00,,,,,,
1967-05-22 00:00:00,,,,,,
1967-05-23 00:00:00,,,,,,
1967-05-24 00:00:00,,,,,,
1967-05-25 00:00:00,,,,,,
1967-05-26 00:00:00,,,,,,
1967-05-29 00:00:00,,,,,,
1967-05-31 00:00:00,,,,,,
1967-06-01 00:00:00,,,,,,
1967-06-02 00:00:00,,,,,,
1967-06-05 00:00:00,,,,,,
1967-06-06 00:00:00,,,,,,
1967-06-07 00:00:00,,,,,,
1967-06-08 00:00:00,,,,,,
1967-06-09 00:00:00,,,,,,
1967-06-12 00:00:00,,,,,,
1967-06-13 00:00:00,,,,,,
1967-06-14 00:00:00,,,,,,
1967-06-15 00:00:00,,,,,,
1967-06-16 00:00:00,,,,,,
1967-06-19 00:00:00,,,,,,
1967-06-20 00:00:00,,,,,,
1967-06-21 00:00:00,,,,,,
1967-06-22 00:00:00,,,,,,
1967-06-23 00:00:00,,,,,,
1967-06-26 00:00:00,,,,,,
1967-06-27 00:00:00,,,,,,
1967-06-28 00:00:00,,,,,,
1967-06-29 00:00:00,,,,,,
1967-06-30 00:00:00,,,,,,
1967-07-03 00:00:00,,,,,,
1967-07-05 00:00:00,,,,,,
1967-07-06 00:00:00,,,,,,
1967-07-07 00:00:00,,,,,,
1967-07-10 00:00:00,,,,,,
1967-07-11 00:00:00,,,,,,
1967-07-12 00:00:00,,,,,,
1967-07-13 00:00:00,,,,,,
1967-07-14 00:00:00,,,,,,
1967-07-17 00:00:00,,,,,,
1967-07-18 00:00:00,,,,,,
1967-07-19 00:00:00,,,,,,
1967-07-20 00:00:00,,,,,,
1967-07-21 00:00:00,,,,,,
1967-07-24 00:00:00,,,,,,
1967-07-25 00:00:00,,,,,,
1967-07-26 00:00:00,,,,,,
1967-07-27 00:00:00,,,,,,
1967-07-28 00:00:00,,,,,,
1967-07-31 00:00:00,,,,,,
1967-08-01 00:00:00,,,,,,
1967-08-02 00:00:00,,,,,,
1967-08-03 00:00:00,,,,,,
1967-08-04 00:00:00,,,,,,
1967-08-07 00:00:00,,,,,,
1967-08-08 00:00:00,,,,,,
1967-08-09 00:00:00,,,,,,
1967-08-10 00:00:00,,,,,,
1967-08-11 00:00:00,,,,,,
1967-08-14 00:00:00,,,,,,
1967-08-15 00:00:00,,,,,,
1967-08-16 00:00:00,,,,,,
1967-08-17 00:00:00,,,,,,
1967-08-18 00:00:00,,,,,,
1967-08-21 00:00:00,,,,,,
1967-08-22 00:00:00,,,,,,
1967-08-23 00:00:00,,,,,,
1967-08-24 00:00:00,,,,,,
1967-08-25 00:00:00,,,,,,
1967-08-28 00:00:00,,,,,,
1967-08-29 00:00:00,,,,,,
1967-08-30 00:00:00,,,,,,
1967-08-31 00:00:00,,,,,,
1967-09-01 00:00:00,,,,,,
1967-09-05 00:00:00,,,,,,
1967-09-06 00:00:00,,,,,,
1967-09-07 00:00:00,,,,,,
1967-09-08 00:00:00,,,,,,
1967-09-11 00:00:00,,,,,,
1967-09-12 00:00:00,,,,,,
1967-09-13 00:00:00,,,,,,
1967-09-14 00:00:00,,,,,,
1967-09-15 00:00:00,,,,,,
1967-09-18 00:00:00,,,,,,
1967-09-19 00:00:00,,,,,,
1967-09-20 00:00:00,,,,,,
1967-09-21 00:00:00,,,,,,
1967-09-22 00:00:00,,,,,,
1967-09-25 00:00:00,,,,,,
1967-09-26 00:00:00,,,,,,
1967-09-27 00:00:00,,,,,,
1967-09-28 00:00:00,,,,,,
1967-09-29 00:00:00,,,,,,
1967-10-02 00:00:00,,,,,,
1967-10-03 00:00:00,,,,,,
1967-10-04 00:00:00,,,,,,
1967-10-05 00:00:00,,,,,,
1967-10-06 00:00:00,,,,,,
1967-10-09 00:00:00,,,,,,
1967-10-10 00:00:00,,,,,,
1967-10-11 00:00:00,,,,,,
1967-10-12 00:00:00,,,,,,
1967-10-13 00:00:00,,,,,,
1967-10-16 00:00:00,,,,,,
1967-10-17 00:00:00,,,,,,
1967-10-18 00:00:00,,,,,,
1967-10-19 00:00:00,,,,,,
1967-10-20 00:00:00,,,,,,
1967-10-23 00:00:00,,,,,,
1967-10-24 00:00:00,,,,,,
1967-10-25 00:00:00,,,,,,
1967-10-26 00:00:00,,,,,,
1967-10-27 00:00:00,,,,,,
1967-10-30 00:00:00,,,,,,
1967-10-31 00:00:00,,,,,,
1967-11-01 00:00:00,,,,,,
1967-11-02 00:00:00,,,,,,
1967-11-03 00:00:00,,,,,,
1967-11-06 00:00:00,,,,,,
1967-11-08 00:00:00,,,,,,
1967-11-09 00:00:00,,,,,,
1967-11-10 00:00:00,,,,,,
1967-11-13 00:00:00,,,,,,
1967-11-14 00:00:00,,,,,,
1967-11-15 00:00:00,,,,,,
1967-11-16 00:00:00,,,,,,
1967-11-17 00:00:00,,,,,,
1967-11-20 00:00:00,,,,,,
1967-11-21 00:00:00,,,,,,
1967-11-22 00:00:00,,,,,,
1967-11-24 00:00:00,,,,,,
1967-11-27 00:00:00,,,,,,
1967-11-28 00:00:00,,,,,,
1967-11-29 00:00:00,,,,,,
1967-11-30 00:00:00,,,,,,
1967-12-01 00:00:00,,,,,,
1967-12-04 00:00:00,,,,,,
1967-12-05 00:00:00,,,,,,
1967-12-06 00:00:00,,,,,,
1967-12-07 00:00:00,,,,,,
1967-12-08 00:00:00,,,,,,
1967-12-11 00:00:00,,,,,,
1967-12-12 00:00:00,,,,,,
1967-12-13 00:00:00,,,,,,
1967-12-14 00:00:00,,,,,,
1967-12-15 00:00:00,,,,,,
1967-12-18 00:00:00,,,,,,
1967-12-19 00:00:00,,,,,,
1967-12-20 00:00:00,,,,,,
1967-12-21 00:00:00,,,,,,
1967-12-22 00:00:00,,,,,,
1967-12-26 00:00:00,,,,,,
1967-12-27 00:00:00,,,,,,
1967-12-28 00:00:00,,,,,,
1967-12-29 00:00:00,,,,,,
1968-01-02 00:00:00,,,,,,
1968-01-03 00:00:00,,,,,,
1968-01-04 00:00:00,,,,,,
1968-01-05 00:00:00,,,,,,
1968-01-08 00:00:00,,,,,,
1968-01-09 00:00:00,,,,,,
1968-01-10 00:00:00,,,,,,
1968-01-11 00:00:00,,,,,,
1968-01-12 00:00:00,,,,,,
1968-01-15 00:00:00,,,,,,
1968-01-16 00:00:00,,,,,,
1968-01-17 00:00:00,,,,,,
1968-01-18 00:00:00,,,,,,
1968-01-19 00:00:00,,,,,,
1968-01-22 00:00:00,,,,,,
1968-01-23 00:00:00,,,,,,
1968-01-24 00:00:00,,,,,,
1968-01-25 00:00:00,,,,,,
1968-01-26 00:00:00,,,,,,
1968-01-29 00:00:00,,,,,,
1968-01-30 00:00:00,,,,,,
1968-01-31 00:00:00,,,,,,
1968-02-01 00:00:00,,,,,,
1968-02-02 00:00:00,,,,,,
1968-02-05 00:00:00,,,,,,
1968-02-06 00:00:00,,,,,,
1968-02-07 00:00:00,,,,,,
1968-02-08 00:00:00,,,,,,
1968-02-09 00:00:00,,,,,,
1968-02-13 00:00:00,,,,,,
1968-02-14 00:00:00,,,,,,
1968-02-15 00:00:00,,,,,,
1968-02-16 00:00:00,,,,,,
1968-02-19 00:00:00,,,,,,
1968-02-20 00:00:00,,,,,,
1968-02-21 00:00:00,,,,,,
1968-02-23 00:00:00,,,,,,
1968-02-26 00:00:00,,,,,,
1968-02-27 00:00:00,,,,,,
1968-02-28 00:00:00,,,,,,
1968-02-29 00:00:00,,,,,,
1968-03-01 00:00:00,,,,,,
1968-03-04 00:00:00,,,,,,
1968-03-05 00:00:00,,,,,,
1968-03-06 00:00:00,,,,,,
1968-03-07 00:00:00,,,,,,
1968-03-08 00:00:00,,,,,,
1968-03-11 00:00:00,,,,,,
1968-03-12 00:00:00,,,,,,
1968-03-13 00:00:00,,,,,,
1968-03-14 00:00:00,,,,,,
1968-03-15 00:00:00,,,,,,
1968-03-18 00:00:00,,,,,,
1968-03-19 00:00:00,,,,,,
1968-03-20 00:00:00,,,,,,
1968-03-21 00:00:00,,,,,,
1968-03-22 00:00:00,,,,,,
1968-03-25 00:00:00,,,,,,
1968-03-26 00:00:00,,,,,,
1968-03-27 00:00:00,,,,,,
1968-03-28 00:00:00,,,,,,
1968-03-29 00:00:00,,,,,,
1968-04-01 00:00:00,,,,,,
1968-04-02 00:00:00,,,,,,
1968-04-03 00:00:00,,,,,,
1968-04-04 00:00:00,,,,,,
1968-04-05 00:00:00,,,,,,
1968-04-08 00:00:00,,,,,,
1968-04-10 00:00:00,,,,,,
1968-04-11 00:00:00,,,,,,
1968-04-15 00:00:00,,,,,,
1968-04-16 00:00:00,,,,,,
1968-04-17 00:00:00,,,,,,
1968-04-18 00:00:00,,,,,,
1968-04-19 00:00:00,,,,,,
1968-04-22 00:00:00,,,,,,
1968-04-23 00:00:00,,,,,,
1968-04-24 00:00:00,,,,,,
1968-04-25 00:00:00,,,,,,
1968-04-26 00:00:00,,,,,,
1968-04-29 00:00:00,,,,,,
1968-04-30 00:00:00,,,,,,
1968-05-01 00:00:00,,,,,,
1968-05-02 00:00:00,,,,,,
1968-05-03 00:00:00,,,,,,
1968-05-06 00:00:00,,,,,,
1968-05-07 00:00:00,,,,,,
1968-05-08 00:00:00,,,,,,
1968-05-09 00:00:00,,,,,,
1968-05-10 00:00:00,,,,,,
1968-05-13 00:00:00,,,,,,
1968-05-14 00:00:00,,,,,,
1968-05-15 00:00:00,,,,,,
1968-05-16 00:00:00,,,,,,
1968-05-17 00:00:00,,,,,,
1968-05-20 00:00:00,,,,,,
1968-05-21 00:00:00,,,,,,
1968-05-22 00:00:00,,,,,,
1968-05-23 00:00:00,,,,,,
1968-05-24 00:00:00,,,,,,
1968-05-27 00:00:00,,,,,,
1968-05-28 00:00:00,,,,,,
1968-05-29 00:00:00,,,,,,
1968-05-31 00:00:00,,,,,,
1968-06-03 00:00:00,,,,,,
1968-06-04 00:00:00,,,,,,
1968-06-05 00:00:00,,,,,,
1968-06-06 00:00:00,,,,,,
1968-06-07 00:00:00,,,,,,
1968-06-10 00:00:00,,,,,,
1968-06-11 00:00:00,,,,,,
1968-06-13 00:00:00,,,,,,
1968-06-14 00:00:00,,,,,,
1968-06-17 00:00:00,,,,,,
1968-06-18 00:00:00,,,,,,
1968-06-20 00:00:00,,,,,,
1968-06-21 00:00:00,,,,,,
1968-06-24 00:00:00,,,,,,
1968-06-25 00:00:00,,,,,,
1968-06-27 00:00:00,,,,,,
1968-06-28 00:00:00,,,,,,
1968-07-01 00:00:00,,,,,,
1968-07-02 00:00:00,,,,,,
1968-07-03 00:00:00,,,,,,
1968-07-08 00:00:00,,,,,,
1968-07-09 00:00:00,,,,,,
1968-07-11 00:00:00,,,,,,
1968-07-12 00:00:00,,,,,,
1968-07-15 00:00:00,,,,,,
1968-07-16 00:00:00,,,,,,
1968-07-18 00:00:00,,,,,,
1968-07-19 00:00:00,,,,,,
1968-07-22 00:00:00,,,,,,
1968-07-23 00:00:00,,,,,,
1968-07-25 00:00:00,,,,,,
1968-07-26 00:00:00,,,,,,
1968-07-29 00:00:00,,,,,,
1968-07-30 00:00:00,,,,,,
1968-08-01 00:00:00,,,,,,
1968-08-02 00:00:00,,,,,,
1968-08-05 00:00:00,,,,,,
1968-08-06 00:00:00,,,,,,
1968-08-08 00:00:00,,,,,,
1968-08-09 00:00:00,,,,,,
1968-08-12 00:00:00,,,,,,
1968-08-13 00:00:00,,,,,,
1968-08-15 00:00:00,,,,,,
1968-08-16 00:00:00,,,,,,
1968-08-19 00:00:00,,,,,,
1968-08-20 00:00:00,,,,,,
1968-08-22 00:00:00,,,,,,
1968-08-23 00:00:00,,,,,,
1968-08-26 00:00:00,,,,,,
1968-08-27 00:00:00,,,,,,
1968-08-29 00:00:00,,,,,,
1968-08-30 00:00:00,,,,,,
1968-09-03 00:00:00,,,,,,
1968-09-04 00:00:00,,,,,,
1968-09-05 00:00:00,,,,,,
1968-09-06 00:00:00,,,,,,
1968-09-09 00:00:00,,,,,,
1968-09-10 00:00:00,,,,,,
1968-09-12 00:00:00,,,,,,
1968-09-13 00:00:00,,,,,,
1968-09-16 00:00:00,,,,,,
1968-09-17 00:00:00,,,,,,
1968-09-19 00:00:00,,,,,,
1968-09-20 00:00:00,,,,,,
1968-09-23 00:00:00,,,,,,
1968-09-24 00:00:00,,,,,,
1968-09-26 00:00:00,,,,,,
1968-09-27 00:00:00,,,,,,
1968-09-30 00:00:00,,,,,,
1968-10-01 00:00:00,,,,,,
1968-10-03 00:00:00,,,,,,
1968-10-04 00:00:00,,,,,,
1968-10-07 00:00:00,,,,,,
1968-10-08 00:00:00,,,,,,
1968-10-10 00:00:00,,,,,,
1968-10-11 00:00:00,,,,,,
1968-10-14 00:00:00,,,,,,
1968-10-15 00:00:00,,,,,,
1968-10-17 00:00:00,,,,,,
1968-10-18 00:00:00,,,,,,
1968-10-21 00:00:00,,,,,,
1968-10-22 00:00:00,,,,,,
1968-10-24 00:00:00,,,,,,
1968-10-25 00:00:00,,,,,,
1968-10-28 00:00:00,,,,,,
1968-10-29 00:00:00,,,,,,
1968-10-31 00:00:00,,,,,,
1968-11-01 00:00:00,,,,,,
1968-11-04 00:00:00,,,,,,
1968-11-06 00:00:00,,,,,,
1968-11-07 00:00:00,,,,,,
1968-11-08 00:00:00,,,,,,
1968-11-12 00:00:00,,,,,,
1968-11-13 00:00:00,,,,,,
1968-11-14 00:00:00,,,,,,
1968-11-15 00:00:00,,,,,,
1968-11-18 00:00:00,,,,,,
1968-11-19 00:00:00,,,,,,
1968-11-21 00:00:00,,,,,,
1968-11-22 00:00:00,,,,,,
1968-11-25 00:00:00,,,,,,
1968-11-26 00:00:00,,,,,,
1968-11-27 00:00:00,,,,,,
1968-11-29 00:00:00,,,,,,
1968-12-02 00:00:00,,,,,,
1968-12-03 00:00:00,,,,,,
1968-12-05 00:00:00,,,,,,
1968-12-06 00:00:00,,,,,,
1968-12-09 00:00:00,,,,,,
1968-12-10 00:00:00,,,,,,
1968-12-12 00:00:00,,,,,,
1968-12-13 00:00:00,,,,,,
1968-12-16 00:00:00,,,,,,
1968-12-17 00:00:00,,,,,,
1968-12-19 00:00:00,,,,,,
1968-12-20 00:00:00,,,,,,
1968-12-23 00:00:00,,,,,,
1968-12-24 00:00:00,,,,,,
1968-12-26 00:00:00,,,,,,
1968-12-27 00:00:00,,,,,,
1968-12-30 00:00:00,,,,,,
1968-12-31 00:00:00,,,,,,
1969-01-02 00:00:00,,,,,,
1969-01-03 00:00:00,,,,,,
1969-01-06 00:00:00,,,,,,
1969-01-07 00:00:00,,,,,,
1969-01-08 00:00:00,,,,,,
1969-01-09 00:00:00,,,,,,
1969-01-10 00:00:00,,,,,,
1969-01-13 00:00:00,,,,,,
1969-01-14 00:00:00,,,,,,
1969-01-15 00:00:00,,,,,,
1969-01-16 00:00:00,,,,,,
1969-01-17 00:00:00,,,,,,
1969-01-20 00:00:00,,,,,,
1969-01-21 00:00:00,,,,,,
1969-01-22 00:00:00,,,,,,
1969-01-23 00:00:00,,,,,,
1969-01-24 00:00:00,,,,,,
1969-01-27 00:00:00,,,,,,
1969-01-28 00:00:00,,,,,,
1969-01-29 00:00:00,,,,,,
1969-01-30 00:00:00,,,,,,
1969-01-31 00:00:00,,,,,,
1969-02-03 00:00:00,,,,,,
1969-02-04 00:00:00,,,,,,
1969-02-05 00:00:00,,,,,,
1969-02-06 00:00:00,,,,,,
1969-02-07 00:00:00,,,,,,
1969-02-11 00:00:00,,,,,,
1969-02-12 00:00:00,,,,,,
1969-02-13 00:00:00,,,,,,
1969-02-14 00:00:00,,,,,,
1969-02-17 00:00:00,,,,,,
1969-02-18 00:00:00,,,,,,
1969-02-19 00:00:00,,,,,,
1969-02-20 00:00:00,,,,,,
1969-02-24 00:00:00,,,,,,
1969-02-25 00:00:00,,,,,,
1969-02-26 00:00:00,,,,,,
1969-02-27 00:00:00,,,,,,
1969-02-28 00:00:00,,,,,,
1969-03-03 00:00:00,,,,,,
1969-03-04 00:00:00,,,,,,
1969-03-05 00:00:00,,,,,,
1969-03-06 00:00:00,,,,,,
1969-03-07 00:00:00,,,,,,
1969-03-10 00:00:00,,,,,,
1969-03-11 00:00:00,,,,,,
1969-03-12 00:00:00,,,,,,
1969-03-13 00:00:00,,,,,,
1969-03-14 00:00:00,,,,,,
1969-03-17 00:00:00,,,,,,
1969-03-18 00:00:00,,,,,,
1969-03-19 00:00:00,,,,,,
1969-03-20 00:00:00,,,,,,
1969-03-21 00:00:00,,,,,,
1969-03-24 00:00:00,,,,,,
1969-03-25 00:00:00,,,,,,
1969-03-26 00:00:00,,,,,,
1969-03-27 00:00:00,,,,,,
1969-03-28 00:00:00,,,,,,
1969-04-01 00:00:00,,,,,,
1969-04-02 00:00:00,,,,,,
1969-04-03 00:00:00,,,,,,
1969-04-07 00:00:00,,,,,,
1969-04-08 00:00:00,,,,,,
1969-04-09 00:00:00,,,,,,
1969-04-10 00:00:00,,,,,,
1969-04-11 00:00:00,,,,,,
1969-04-14 00:00:00,,,,,,
1969-04-15 00:00:00,,,,,,
1969-04-16 00:00:00,,,,,,
1969-04-17 00:00:00,,,,,,
1969-04-18 00:00:00,,,,,,
1969-04-21 00:00:00,,,,,,
1969-04-22 00:00:00,,,,,,
1969-04-23 00:00:00,,,,,,
1969-04-24 00:00:00,,,,,,
1969-04-25 00:00:00,,,,,,
1969-04-28 00:00:00,,,,,,
1969-04-29 00:00:00,,,,,,
1969-04-30 00:00:00,,,,,,
1969-05-01 00:00:00,,,,,,
1969-05-02 00:00:00,,,,,,
1969-05-05 00:00:00,,,,,,
1969-05-06 00:00:00,,,,,,
1969-05-07 00:00:00,,,,,,
1969-05-08 00:00:00,,,,,,
1969-05-09 00:00:00,,,,,,
1969-05-12 00:00:00,,,,,,
1969-05-13 00:00:00,,,,,,
1969-05-14 00:00:00,,,,,,
1969-05-15 00:00:00,,,,,,
1969-05-16 00:00:00,,,,,,
1969-05-19 00:00:00,,,,,,
1969-05-20 00:00:00,,,,,,
1969-05-21 00:00:00,,,,,,
1969-05-22 00:00:00,,,,,,
1969-05-23 00:00:00,,,,,,
1969-05-26 00:00:00,,,,,,
1969-05-27 00:00:00,,,,,,
1969-05-28 00:00:00,,,,,,
1969-05-29 00:00:00,,,,,,
1969-06-02 00:00:00,,,,,,
1969-06-03 00:00:00,,,,,,
1969-06-04 00:00:00,,,,,,
1969-06-05 00:00:00,,,,,,
1969-06-06 00:00:00,,,,,,
1969-06-09 00:00:00,,,,,,
1969-06-10 00:00:00,,,,,,
1969-06-11 00:00:00,,,,,,
1969-06-12 00:00:00,,,,,,
1969-06-13 00:00:00,,,,,,
1969-06-16 00:00:00,,,,,,
1969-06-17 00:00:00,,,,,,
1969-06-18 00:00:00,,,,,,
1969-06-19 00:00:00,,,,,,
1969-06-20 00:00:00,,,,,,
1969-06-23 00:00:00,,,,,,
1969-06-24 00:00:00,,,,,,
1969-06-25 00:00:00,,,,,,
1969-06-26 00:00:00,,,,,,
1969-06-27 00:00:00,,,,,,
1969-06-30 00:00:00,,,,,,
1969-07-01 00:00:00,,,,,,
1969-07-02 00:00:00,,,,,,
1969-07-03 00:00:00,,,,,,
1969-07-07 00:00:00,,,,,,
1969-07-08 00:00:00,,,,,,
1969-07-09 00:00:00,,,,,,
1969-07-10 00:00:00,,,,,,
1969-07-11 00:00:00,,,,,,
1969-07-14 00:00:00,,,,,,
1969-07-15 00:00:00,,,,,,
1969-07-16 00:00:00,,,,,,
1969-07-17 00:00:00,,,,,,
1969-07-18 00:00:00,,,,,,
1969-07-22 00:00:00,,,,,,
1969-07-23 00:00:00,,,,,,
1969-07-24 00:00:00,,,,,,
1969-07-25 00:00:00,,,,,,
1969-07-28 00:00:00,,,,,,
1969-07-29 00:00:00,,,,,,
1969-07-30 00:00:00,,,,,,
1969-07-31 00:00:00,,,,,,
1969-08-01 00:00:00,,,,,,
1969-08-04 00:00:00,,,,,,
1969-08-05 00:00:00,,,,,,
1969-08-06 00:00:00,,,,,,
1969-08-07 00:00:00,,,,,,
1969-08-08 00:00:00,,,,,,
1969-08-11 00:00:00,,,,,,
1969-08-12 00:00:00,,,,,,
1969-08-13 00:00:00,,,,,,
1969-08-14 00:00:00,,,,,,
1969-08-15 00:00:00,,,,,,
1969-08-18 00:00:00,,,,,,
1969-08-19 00:00:00,,,,,,
1969-08-20 00:00:00,,,,,,
1969-08-21 00:00:00,,,,,,
1969-08-22 00:00:00,,,,,,
1969-08-25 00:00:00,,,,,,
1969-08-26 00:00:00,,,,,,
1969-08-27 00:00:00,,,,,,
1969-08-28 00:00:00,,,,,,
1969-08-29 00:00:00,,,,,,
1969-09-02 00:00:00,,,,,,
1969-09-03 00:00:00,,,,,,
1969-09-04 00:00:00,,,,,,
1969-09-05 00:00:00,,,,,,
1969-09-08 00:00:00,,,,,,
1969-09-09 00:00:00,,,,,,
1969-09-10 00:00:00,,,,,,
1969-09-11 00:00:00,,,,,,
1969-09-12 00:00:00,,,,,,
1969-09-15 00:00:00,,,,,,
1969-09-16 00:00:00,,,,,,
1969-09-17 00:00:00,,,,,,
1969-09-18 00:00:00,,,,,,
1969-09-19 00:00:00,,,,,,
1969-09-22 00:00:00,,,,,,
1969-09-23 00:00:00,,,,,,
1969-09-24 00:00:00,,,,,,
1969-09-25 00:00:00,,,,,,
1969-09-26 00:00:00,,,,,,
1969-09-29 00:00:00,,,,,,
1969-09-30 00:00:00,,,,,,
1969-10-01 00:00:00,,,,,,
1969-10-02 00:00:00,,,,,,
1969-10-03 00:00:00,,,,,,
1969-10-06 00:00:00,,,,,,
1969-10-07 00:00:00,,,,,,
1969-10-08 00:00:00,,,,,,
1969-10-09 00:00:00,,,,,,
1969-10-10 00:00:00,,,,,,
1969-10-13 00:00:00,,,,,,
1969-10-14 00:00:00,,,,,,
1969-10-15 00:00:00,,,,,,
1969-10-16 00:00:00,,,,,,
1969-10-17 00:00:00,,,,,,
1969-10-20 00:00:00,,,,,,
1969-10-21 00:00:00,,,,,,
1969-10-22 00:00:00,,,,,,
1969-10-23 00:00:00,,,,,,
1969-10-24 00:00:00,,,,,,
1969-10-27 00:00:00,,,,,,
1969-10-28 00:00:00,,,,,,
1969-10-29 00:00:00,,,,,,
1969-10-30 00:00:00,,,,,,
1969-10-31 00:00:00,,,,,,
1969-11-03 00:00:00,,,,,,
1969-11-04 00:00:00,,,,,,
1969-11-05 00:00:00,,,,,,
1969-11-06 00:00:00,,,,,,
1969-11-07 00:00:00,,,,,,
1969-11-10 00:00:00,,,,,,
1969-11-11 00:00:00,,,,,,
1969-11-12 00:00:00,,,,,,
1969-11-13 00:00:00,,,,,,
1969-11-14 00:00:00,,,,,,
1969-11-17 00:00:00,,,,,,
1969-11-18 00:00:00,,,,,,
1969-11-19 00:00:00,,,,,,
1969-11-20 00:00:00,,,,,,
1969-11-21 00:00:00,,,,,,
1969-11-24 00:00:00,,,,,,
1969-11-25 00:00:00,,,,,,
1969-11-26 00:00:00,,,,,,
1969-11-28 00:00:00,,,,,,
1969-12-01 00:00:00,,,,,,
1969-12-02 00:00:00,,,,,,
1969-12-03 00:00:00,,,,,,
1969-12-04 00:00:00,,,,,,
1969-12-05 00:00:00,,,,,,
1969-12-08 00:00:00,,,,,,
1969-12-09 00:00:00,,,,,,
1969-12-10 00:00:00,,,,,,
1969-12-11 00:00:00,,,,,,
1969-12-12 00:00:00,,,,,,
1969-12-15 00:00:00,,,,,,
1969-12-16 00:00:00,,,,,,
1969-12-17 00:00:00,,,,,,
1969-12-18 00:00:00,,,,,,
1969-12-19 00:00:00,,,,,,
1969-12-22 00:00:00,,,,,,
1969-12-23 00:00:00,,,,,,
1969-12-24 00:00:00,,,,,,
1969-12-26 00:00:00,,,,,,
1969-12-29 00:00:00,,,,,,
1969-12-30 00:00:00,,,,,,
1969-12-31 00:00:00,,,,,,
1970-01-02 00:00:00,,,,,,
1970-01-05 00:00:00,,,,,,
1970-01-06 00:00:00,,,,,,
1970-01-07 00:00:00,,,,,,
1970-01-08 00:00:00,,,,,,
1970-01-09 00:00:00,,,,,,
1970-01-12 00:00:00,,,,,,
1970-01-13 00:00:00,,,,,,
1970-01-14 00:00:00,,,,,,
1970-01-15 00:00:00,,,,,,
1970-01-16 00:00:00,,,,,,
1970-01-19 00:00:00,,,,,,
1970-01-20 00:00:00,,,,,,
1970-01-21 00:00:00,,,,,,
1970-01-22 00:00:00,,,,,,
1970-01-23 00:00:00,,,,,,
1970-01-26 00:00:00,,,,,,
1970-01-27 00:00:00,,,,,,
1970-01-28 00:00:00,,,,,,
1970-01-29 00:00:00,,,,,,
1970-01-30 00:00:00,,,,,,
1970-02-02 00:00:00,,,,,,
1970-02-03 00:00:00,,,,,,
1970-02-04 00:00:00,,,,,,
1970-02-05 00:00:00,,,,,,
1970-02-06 00:00:00,,,,,,
1970-02-09 00:00:00,,,,,,
1970-02-10 00:00:00,,,,,,
1970-02-11 00:00:00,,,,,,
1970-02-12 00:00:00,,,,,,
1970-02-13 00:00:00,,,,,,
1970-02-16 00:00:00,,,,,,
1970-02-17 00:00:00,,,,,,
1970-02-18 00:00:00,,,,,,
1970-02-19 00:00:00,,,,,,
1970-02-20 00:00:00,,,,,,
1970-02-24 00:00:00,,,,,,
1970-02-25 00:00:00,,,,,,
1970-02-26 00:00:00,,,,,,
1970-02-27 00:00:00,,,,,,
1970-03-02 00:00:00,,,,,,
1970-03-03 00:00:00,,,,,,
1970-03-04 00:00:00,,,,,,
1970-03-05 00:00:00,,,,,,
1970-03-06 00:00:00,,,,,,
1970-03-09 00:00:00,,,,,,
1970-03-10 00:00:00,,,,,,
1970-03-11 00:00:00,,,,,,
1970-03-12 00:00:00,,,,,,
1970-03-13 00:00:00,,,,,,
1970-03-16 00:00:00,,,,,,
1970-03-17 00:00:00,,,,,,
1970-03-18 00:00:00,,,,,,
1970-03-19 00:00:00,,,,,,
1970-03-20 00:00:00,,,,,,
1970-03-23 00:00:00,,,,,,
1970-03-24 00:00:00,,,,,,
1970-03-25 00:00:00,,,,,,
1970-03-26 00:00:00,,,,,,
1970-03-30 00:00:00,,,,,,
1970-03-31 00:00:00,,,,,,
1970-04-01 00:00:00,,,,,,
1970-04-02 00:00:00,,,,,,
1970-04-03 00:00:00,,,,,,
1970-04-06 00:00:00,,,,,,
1970-04-07 00:00:00,,,,,,
1970-04-08 00:00:00,,,,,,
1970-04-09 00:00:00,,,,,,
1970-04-10 00:00:00,,,,,,
1970-04-13 00:00:00,,,,,,
1970-04-14 00:00:00,,,,,,
1970-04-15 00:00:00,,,,,,
1970-04-16 00:00:00,,,,,,
1970-04-17 00:00:00,,,,,,
1970-04-20 00:00:00,,,,,,
1970-04-21 00:00:00,,,,,,
1970-04-22 00:00:00,,,,,,
1970-04-23 00:00:00,,,,,,
1970-04-24 00:00:00,,,,,,
1970-04-27 00:00:00,,,,,,
1970-04-28 00:00:00,,,,,,
1970-04-29 00:00:00,,,,,,
1970-04-30 00:00:00,,,,,,
1970-05-01 00:00:00,,,,,,
1970-05-04 00:00:00,,,,,,
1970-05-05 00:00:00,,,,,,
1970-05-06 00:00:00,,,,,,
1970-05-07 00:00:00,,,,,,
1970-05-08 00:00:00,,,,,,
1970-05-11 00:00:00,,,,,,
1970-05-12 00:00:00,,,,,,
1970-05-13 00:00:00,,,,,,
1970-05-14 00:00:00,,,,,,
1970-05-15 00:00:00,,,,,,
1970-05-18 00:00:00,,,,,,
1970-05-19 00:00:00,,,,,,
1970-05-20 00:00:00,,,,,,
1970-05-21 00:00:00,,,,,,
1970-05-22 00:00:00,,,,,,
1970-05-25 00:00:00,,,,,,
1970-05-26 00:00:00,,,,,,
1970-05-27 00:00:00,,,,,,
1970-05-28 00:00:00,,,,,,
1970-05-29 00:00:00,,,,,,
1970-06-01 00:00:00,,,,,,
1970-06-02 00:00:00,,,,,,
1970-06-03 00:00:00,,,,,,
1970-06-04 00:00:00,,,,,,
1970-06-05 00:00:00,,,,,,
1970-06-08 00:00:00,,,,,,
1970-06-09 00:00:00,,,,,,
1970-06-10 00:00:00,,,,,,
1970-06-11 00:00:00,,,,,,
1970-06-12 00:00:00,,,,,,
1970-06-15 00:00:00,,,,,,
1970-06-16 00:00:00,,,,,,
1970-06-17 00:00:00,,,,,,
1970-06-18 00:00:00,,,,,,
1970-06-19 00:00:00,,,,,,
1970-06-22 00:00:00,,,,,,
1970-06-23 00:00:00,,,,,,
1970-06-24 00:00:00,,,,,,
1970-06-25 00:00:00,,,,,,
1970-06-26 00:00:00,,,,,,
1970-06-29 00:00:00,,,,,,
1970-06-30 00:00:00,,,,,,
1970-07-01 00:00:00,,,,,,
1970-07-02 00:00:00,,,,,,
1970-07-06 00:00:00,,,,,,
1970-07-07 00:00:00,,,,,,
1970-07-08 00:00:00,,,,,,
1970-07-09 00:00:00,,,,,,
1970-07-10 00:00:00,,,,,,
1970-07-13 00:00:00,,,,,,
1970-07-14 00:00:00,,,,,,
1970-07-15 00:00:00,,,,,,
1970-07-16 00:00:00,,,,,,
1970-07-17 00:00:00,,,,,,
1970-07-20 00:00:00,,,,,,
1970-07-21 00:00:00,,,,,,
1970-07-22 00:00:00,,,,,,
1970-07-23 00:00:00,,,,,,
1970-07-24 00:00:00,,,,,,
1970-07-27 00:00:00,,,,,,
1970-07-28 00:00:00,,,,,,
1970-07-29 00:00:00,,,,,,
1970-07-30 00:00:00,,,,,,
1970-07-31 00:00:00,,,,,,
1970-08-03 00:00:00,,,,,,
1970-08-04 00:00:00,,,,,,
1970-08-05 00:00:00,,,,,,
1970-08-06 00:00:00,,,,,,
1970-08-07 00:00:00,,,,,,
1970-08-10 00:00:00,,,,,,
1970-08-11 00:00:00,,,,,,
1970-08-12 00:00:00,,,,,,
1970-08-13 00:00:00,,,,,,
1970-08-14 00:00:00,,,,,,
1970-08-17 00:00:00,,,,,,
1970-08-18 00:00:00,,,,,,
1970-08-19 00:00:00,,,,,,
1970-08-20 00:00:00,,,,,,
1970-08-21 00:00:00,,,,,,
1970-08-24 00:00:00,,,,,,
1970-08-25 00:00:00,,,,,,
1970-08-26 00:00:00,,,,,,
1970-08-27 00:00:00,,,,,,
1970-08-28 00:00:00,,,,,,
1970-08-31 00:00:00,,,,,,
1970-09-01 00:00:00,,,,,,
1970-09-02 00:00:00,,,,,,
1970-09-03 00:00:00,,,,,,
1970-09-04 00:00:00,,,,,,
1970-09-08 00:00:00,,,,,,
1970-09-09 00:00:00,,,,,,
1970-09-10 00:00:00,,,,,,
1970-09-11 00:00:00,,,,,,
1970-09-14 00:00:00,,,,,,
1970-09-15 00:00:00,,,,,,
1970-09-16 00:00:00,,,,,,
1970-09-17 00:00:00,,,,,,
1970-09-18 00:00:00,,,,,,
1970-09-21 00:00:00,,,,,,
1970-09-22 00:00:00,,,,,,
1970-09-23 00:00:00,,,,,,
1970-09-24 00:00:00,,,,,,
1970-09-25 00:00:00,,,,,,
1970-09-28 00:00:00,,,,,,
1970-09-29 00:00:00,,,,,,
1970-09-30 00:00:00,,,,,,
1970-10-01 00:00:00,,,,,,
1970-10-02 00:00:00,,,,,,
1970-10-05 00:00:00,,,,,,
1970-10-06 00:00:00,,,,,,
1970-10-07 00:00:00,,,,,,
1970-10-08 00:00:00,,,,,,
1970-10-09 00:00:00,,,,,,
1970-10-12 00:00:00,,,,,,
1970-10-13 00:00:00,,,,,,
1970-10-14 00:00:00,,,,,,
1970-10-15 00:00:00,,,,,,
1970-10-16 00:00:00,,,,,,
1970-10-19 00:00:00,,,,,,
1970-10-20 00:00:00,,,,,,
1970-10-21 00:00:00,,,,,,
1970-10-22 00:00:00,,,,,,
1970-10-23 00:00:00,,,,,,
1970-10-26 00:00:00,,,,,,
1970-10-27 00:00:00,,,,,,
1970-10-28 00:00:00,,,,,,
1970-10-29 00:00:00,,,,,,
1970-10-30 00:00:00,,,,,,
1970-11-02 00:00:00,,,,,,
1970-11-03 00:00:00,,,,,,
1970-11-04 00:00:00,,,,,,
1970-11-05 00:00:00,,,,,,
1970-11-06 00:00:00,,,,,,
1970-11-09 00:00:00,,,,,,
1970-11-10 00:00:00,,,,,,
1970-11-11 00:00:00,,,,,,
1970-11-12 00:00:00,,,,,,
1970-11-13 00:00:00,,,,,,
1970-11-16 00:00:00,,,,,,
1970-11-17 00:00:00,,,,,,
1970-11-18 00:00:00,,,,,,
1970-11-19 00:00:00,,,,,,
1970-11-20 00:00:00,,,,,,
1970-11-23 00:00:00,,,,,,
1970-11-24 00:00:00,,,,,,
1970-11-25 00:00:00,,,,,,
1970-11-27 00:00:00,,,,,,
1970-11-30 00:00:00,,,,,,
1970-12-01 00:00:00,,,,,,
1970-12-02 00:00:00,,,,,,
1970-12-03 00:00:00,,,,,,
1970-12-04 00:00:00,,,,,,
1970-12-07 00:00:00,,,,,,
1970-12-08 00:00:00,,,,,,
1970-12-09 00:00:00,,,,,,
1970-12-10 00:00:00,,,,,,
1970-12-11 00:00:00,,,,,,
1970-12-14 00:00:00,,,,,,
1970-12-15 00:00:00,,,,,,
1970-12-16 00:00:00,,,,,,
1970-12-17 00:00:00,,,,,,
1970-12-18 00:00:00,,,,,,
1970-12-21 00:00:00,,,,,,
1970-12-22 00:00:00,,,,,,
1970-12-23 00:00:00,,,,,,
1970-12-24 00:00:00,,,,,,
1970-12-28 00:00:00,,,,,,
1970-12-29 00:00:00,,,,,,
1970-12-30 00:00:00,,,,,,
1970-12-31 00:00:00,,,,,,
1971-01-04 00:00:00,,,,,,
1971-01-05 00:00:00,,,,,,
1971-01-06 00:00:00,,,,,,
1971-01-07 00:00:00,,,,,,
1971-01-08 00:00:00,,,,,,
1971-01-11 00:00:00,,,,,,
1971-01-12 00:00:00,,,,,,
1971-01-13 00:00:00,,,,,,
1971-01-14 00:00:00,,,,,,
1971-01-15 00:00:00,,,,,,
1971-01-18 00:00:00,,,,,,
1971-01-19 00:00:00,,,,,,
1971-01-20 00:00:00,,,,,,
1971-01-21 00:00:00,,,,,,
1971-01-22 00:00:00,,,,,,
1971-01-25 00:00:00,,,,,,
1971-01-26 00:00:00,,,,,,
1971-01-27 00:00:00,,,,,,
1971-01-28 00:00:00,,,,,,
1971-01-29 00:00:00,,,,,,
1971-02-01 00:00:00,,,,,,
1971-02-02 00:00:00,,,,,,
1971-02-03 00:00:00,,,,,,
1971-02-04 00:00:00,,,,,,
1971-02-05 00:00:00,,,,,,
1971-02-08 00:00:00,,,,,,
1971-02-09 00:00:00,,,,,,
1971-02-10 00:00:00,,,,,,
1971-02-11 00:00:00,,,,,,
1971-02-12 00:00:00,,,,,,
1971-02-16 00:00:00,,,,,,
1971-02-17 00:00:00,,,,,,
1971-02-18 00:00:00,,,,,,
1971-02-19 00:00:00,,,,,,
1971-02-22 00:00:00,,,,,,
1971-02-23 00:00:00,,,,,,
1971-02-24 00:00:00,,,,,,
1971-02-25 00:00:00,,,,,,
1971-02-26 00:00:00,,,,,,
1971-03-01 00:00:00,,,,,,
1971-03-02 00:00:00,,,,,,
1971-03-03 00:00:00,,,,,,
1971-03-04 00:00:00,,,,,,
1971-03-05 00:00:00,,,,,,
1971-03-08 00:00:00,,,,,,
1971-03-09 00:00:00,,,,,,
1971-03-10 00:00:00,,,,,,
1971-03-11 00:00:00,,,,,,
1971-03-12 00:00:00,,,,,,
1971-03-15 00:00:00,,,,,,
1971-03-16 00:00:00,,,,,,
1971-03-17 00:00:00,,,,,,
1971-03-18 00:00:00,,,,,,
1971-03-19 00:00:00,,,,,,
1971-03-22 00:00:00,,,,,,
1971-03-23 00:00:00,,,,,,
1971-03-24 00:00:00,,,,,,
1971-03-25 00:00:00,,,,,,
1971-03-26 00:00:00,,,,,,
1971-03-29 00:00:00,,,,,,
1971-03-30 00:00:00,,,,,,
1971-03-31 00:00:00,,,,,,
1971-04-01 00:00:00,,,,,,
1971-04-02 00:00:00,,,,,,
1971-04-05 00:00:00,,,,,,
1971-04-06 00:00:00,,,,,,
1971-04-07 00:00:00,,,,,,
1971-04-08 00:00:00,,,,,,
1971-04-12 00:00:00,,,,,,
1971-04-13 00:00:00,,,,,,
1971-04-14 00:00:00,,,,,,
1971-04-15 00:00:00,,,,,,
1971-04-16 00:00:00,,,,,,
1971-04-19 00:00:00,,,,,,
1971-04-20 00:00:00,,,,,,
1971-04-21 00:00:00,,,,,,
1971-04-22 00:00:00,,,,,,
1971-04-23 00:00:00,,,,,,
1971-04-26 00:00:00,,,,,,
1971-04-27 00:00:00,,,,,,
1971-04-28 00:00:00,,,,,,
1971-04-29 00:00:00,,,,,,
1971-04-30 00:00:00,,,,,,
1971-05-03 00:00:00,,,,,,
1971-05-04 00:00:00,,,,,,
1971-05-05 00:00:00,,,,,,
1971-05-06 00:00:00,,,,,,
1971-05-07 00:00:00,,,,,,
1971-05-10 00:00:00,,,,,,
1971-05-11 00:00:00,,,,,,
1971-05-12 00:00:00,,,,,,
1971-05-13 00:00:00,,,,,,
1971-05-14 00:00:00,,,,,,
1971-05-17 00:00:00,,,,,,
1971-05-18 00:00:00,,,,,,
1971-05-19 00:00:00,,,,,,
1971-05-20 00:00:00,,,,,,
1971-05-21 00:00:00,,,,,,
1971-05-24 00:00:00,,,,,,
1971-05-25 00:00:00,,,,,,
1971-05-26 00:00:00,,,,,,
1971-05-27 00:00:00,,,,,,
1971-05-28 00:00:00,,,,,,
1971-06-01 00:00:00,,,,,,
1971-06-02 00:00:00,,,,,,
1971-06-03 00:00:00,,,,,,
1971-06-04 00:00:00,,,,,,
1971-06-07 00:00:00,,,,,,
1971-06-08 00:00:00,,,,,,
1971-06-09 00:00:00,,,,,,
1971-06-10 00:00:00,,,,,,
1971-06-11 00:00:00,,,,,,
1971-06-14 00:00:00,,,,,,
1971-06-15 00:00:00,,,,,,
1971-06-16 00:00:00,,,,,,
1971-06-17 00:00:00,,,,,,
1971-06-18 00:00:00,,,,,,
1971-06-21 00:00:00,,,,,,
1971-06-22 00:00:00,,,,,,
1971-06-23 00:00:00,,,,,,
1971-06-24 00:00:00,,,,,,
1971-06-25 00:00:00,,,,,,
1971-06-28 00:00:00,,,,,,
1971-06-29 00:00:00,,,,,,
1971-06-30 00:00:00,,,,,,
1971-07-01 00:00:00,,,,,,
1971-07-02 00:00:00,,,,,,
1971-07-06 00:00:00,,,,,,
1971-07-07 00:00:00,,,,,,
1971-07-08 00:00:00,,,,,,
1971-07-09 00:00:00,,,,,,
1971-07-12 00:00:00,,,,,,
1971-07-13 00:00:00,,,,,,
1971-07-14 00:00:00,,,,,,
1971-07-15 00:00:00,,,,,,
1971-07-16 00:00:00,,,,,,
1971-07-19 00:00:00,,,,,,
1971-07-20 00:00:00,,,,,,
1971-07-21 00:00:00,,,,,,
1971-07-22 00:00:00,,,,,,
1971-07-23 00:00:00,,,,,,
1971-07-26 00:00:00,,,,,,
1971-07-27 00:00:00,,,,,,
1971-07-28 00:00:00,,,,,,
1971-07-29 00:00:00,,,,,,
1971-07-30 00:00:00,,,,,,
1971-08-02 00:00:00,,,,,,
1971-08-03 00:00:00,,,,,,
1971-08-04 00:00:00,,,,,,
1971-08-05 00:00:00,,,,,,
1971-08-06 00:00:00,,,,,,
1971-08-09 00:00:00,,,,,,
1971-08-10 00:00:00,,,,,,
1971-08-11 00:00:00,,,,,,
1971-08-12 00:00:00,,,,,,
1971-08-13 00:00:00,,,,,,
1971-08-16 00:00:00,,,,,,
1971-08-17 00:00:00,,,,,,
1971-08-18 00:00:00,,,,,,
1971-08-19 00:00:00,,,,,,
1971-08-20 00:00:00,,,,,,
1971-08-23 00:00:00,,,,,,
1971-08-24 00:00:00,,,,,,
1971-08-25 00:00:00,,,,,,
1971-08-26 00:00:00,,,,,,
1971-08-27 00:00:00,,,,,,
1971-08-30 00:00:00,,,,,,
1971-08-31 00:00:00,,,,,,
1971-09-01 00:00:00,,,,,,
1971-09-02 00:00:00,,,,,,
1971-09-03 00:00:00,,,,,,
1971-09-07 00:00:00,,,,,,
1971-09-08 00:00:00,,,,,,
1971-09-09 00:00:00,,,,,,
1971-09-10 00:00:00,,,,,,
1971-09-13 00:00:00,,,,,,
1971-09-14 00:00:00,,,,,,
1971-09-15 00:00:00,,,,,,
1971-09-16 00:00:00,,,,,,
1971-09-17 00:00:00,,,,,,
1971-09-20 00:00:00,,,,,,
1971-09-21 00:00:00,,,,,,
1971-09-22 00:00:00,,,,,,
1971-09-23 00:00:00,,,,,,
1971-09-24 00:00:00,,,,,,
1971-09-27 00:00:00,,,,,,
1971-09-28 00:00:00,,,,,,
1971-09-29 00:00:00,,,,,,
1971-09-30 00:00:00,,,,,,
1971-10-01 00:00:00,,,,,,
1971-10-04 00:00:00,,,,,,
1971-10-05 00:00:00,,,,,,
1971-10-06 00:00:00,,,,,,
1971-10-07 00:00:00,,,,,,
1971-10-08 00:00:00,,,,,,
1971-10-11 00:00:00,,,,,,
1971-10-12 00:00:00,,,,,,
1971-10-13 00:00:00,,,,,,
1971-10-14 00:00:00,,,,,,
1971-10-15 00:00:00,,,,,,
1971-10-18 00:00:00,,,,,,
1971-10-19 00:00:00,,,,,,
1971-10-20 00:00:00,,,,,,
1971-10-21 00:00:00,,,,,,
1971-10-22 00:00:00,,,,,,
1971-10-25 00:00:00,,,,,,
1971-10-26 00:00:00,,,,,,
1971-10-27 00:00:00,,,,,,
1971-10-28 00:00:00,,,,,,
1971-10-29 00:00:00,,,,,,
1971-11-01 00:00:00,,,,,,
1971-11-02 00:00:00,,,,,,
1971-11-03 00:00:00,,,,,,
1971-11-04 00:00:00,,,,,,
1971-11-05 00:00:00,,,,,,
1971-11-08 00:00:00,,,,,,
1971-11-09 00:00:00,,,,,,
1971-11-10 00:00:00,,,,,,
1971-11-11 00:00:00,,,,,,
1971-11-12 00:00:00,,,,,,
1971-11-15 00:00:00,,,,,,
1971-11-16 00:00:00,,,,,,
1971-11-17 00:00:00,,,,,,
1971-11-18 00:00:00,,,,,,
1971-11-19 00:00:00,,,,,,
1971-11-22 00:00:00,,,,,,
1971-11-23 00:00:00,,,,,,
1971-11-24 00:00:00,,,,,,
1971-11-26 00:00:00,,,,,,
1971-11-29 00:00:00,,,,,,
1971-11-30 00:00:00,,,,,,
1971-12-01 00:00:00,,,,,,
1971-12-02 00:00:00,,,,,,
1971-12-03 00:00:00,,,,,,
1971-12-06 00:00:00,,,,,,
1971-12-07 00:00:00,,,,,,
1971-12-08 00:00:00,,,,,,
1971-12-09 00:00:00,,,,,,
1971-12-10 00:00:00,,,,,,
1971-12-13 00:00:00,,,,,,
1971-12-14 00:00:00,,,,,,
1971-12-15 00:00:00,,,,,,
1971-12-16 00:00:00,,,,,,
1971-12-17 00:00:00,,,,,,
1971-12-20 00:00:00,,,,,,
1971-12-21 00:00:00,,,,,,
1971-12-22 00:00:00,,,,,,
1971-12-23 00:00:00,,,,,,
1971-12-27 00:00:00,,,,,,
1971-12-28 00:00:00,,,,,,
1971-12-29 00:00:00,,,,,,
1971-12-30 00:00:00,,,,,,
1971-12-31 00:00:00,,,,,,
1972-01-03 00:00:00,,,,,,
1972-01-04 00:00:00,,,,,,
1972-01-05 00:00:00,,,,,,
1972-01-06 00:00:00,,,,,,
1972-01-07 00:00:00,,,,,,
1972-01-10 00:00:00,,,,,,
1972-01-11 00:00:00,,,,,,
1972-01-12 00:00:00,,,,,,
1972-01-13 00:00:00,,,,,,
1972-01-14 00:00:00,,,,,,
1972-01-17 00:00:00,,,,,,
1972-01-18 00:00:00,,,,,,
1972-01-19 00:00:00,,,,,,
1972-01-20 00:00:00,,,,,,
1972-01-21 00:00:00,,,,,,
1972-01-24 00:00:00,,,,,,
1972-01-25 00:00:00,,,,,,
1972-01-26 00:00:00,,,,,,
1972-01-27 00:00:00,,,,,,
1972-01-28 00:00:00,,,,,,
1972-01-31 00:00:00,,,,,,
1972-02-01 00:00:00,,,,,,
1972-02-02 00:00:00,,,,,,
1972-02-03 00:00:00,,,,,,
1972-02-04 00:00:00,,,,,,
1972-02-07 00:00:00,,,,,,
1972-02-08 00:00:00,,,,,,
1972-02-09 00:00:00,,,,,,
1972-02-10 00:00:00,,,,,,
1972-02-11 00:00:00,,,,,,
1972-02-14 00:00:00,,,,,,
1972-02-15 00:00:00,,,,,,
1972-02-16 00:00:00,,,,,,
1972-02-17 00:00:00,,,,,,
1972-02-18 00:00:00,,,,,,
1972-02-22 00:00:00,,,,,,
1972-02-23 00:00:00,,,,,,
1972-02-24 00:00:00,,,,,,
1972-02-25 00:00:00,,,,,,
1972-02-28 00:00:00,,,,,,
1972-02-29 00:00:00,,,,,,
1972-03-01 00:00:00,,,,,,
1972-03-02 00:00:00,,,,,,
1972-03-03 00:00:00,,,,,,
1972-03-06 00:00:00,,,,,,
1972-03-07 00:00:00,,,,,,
1972-03-08 00:00:00,,,,,,
1972-03-09 00:00:00,,,,,,
1972-03-10 00:00:00,,,,,,
1972-03-13 00:00:00,,,,,,
1972-03-14 00:00:00,,,,,,
1972-03-15 00:00:00,,,,,,
1972-03-16 00:00:00,,,,,,
1972-03-17 00:00:00,,,,,,
1972-03-20 00:00:00,,,,,,
1972-03-21 00:00:00,,,,,,
1972-03-22 00:00:00,,,,,,
1972-03-23 00:00:00,,,,,,
1972-03-24 00:00:00,,,,,,
1972-03-27 00:00:00,,,,,,
1972-03-28 00:00:00,,,,,,
1972-03-29 00:00:00,,,,,,
1972-03-30 00:00:00,,,,,,
1972-04-03 00:00:00,,,,,,
1972-04-04 00:00:00,,,,,,
1972-04-05 00:00:00,,,,,,
1972-04-06 00:00:00,,,,,,
1972-04-07 00:00:00,,,,,,
1972-04-10 00:00:00,,,,,,
1972-04-11 00:00:00,,,,,,
1972-04-12 00:00:00,,,,,,
1972-04-13 00:00:00,,,,,,
1972-04-14 00:00:00,,,,,,
1972-04-17 00:00:00,,,,,,
1972-04-18 00:00:00,,,,,,
1972-04-19 00:00:00,,,,,,
1972-04-20 00:00:00,,,,,,
1972-04-21 00:00:00,,,,,,
1972-04-24 00:00:00,,,,,,
1972-04-25 00:00:00,,,,,,
1972-04-26 00:00:00,,,,,,
1972-04-27 00:00:00,,,,,,
1972-04-28 00:00:00,,,,,,
1972-05-01 00:00:00,,,,,,
1972-05-02 00:00:00,,,,,,
1972-05-03 00:00:00,,,,,,
1972-05-04 00:00:00,,,,,,
1972-05-05 00:00:00,,,,,,
1972-05-08 00:00:00,,,,,,
1972-05-09 00:00:00,,,,,,
1972-05-10 00:00:00,,,,,,
1972-05-11 00:00:00,,,,,,
1972-05-12 00:00:00,,,,,,
1972-05-15 00:00:00,,,,,,
1972-05-16 00:00:00,,,,,,
1972-05-17 00:00:00,,,,,,
1972-05-18 00:00:00,,,,,,
1972-05-19 00:00:00,,,,,,
1972-05-22 00:00:00,,,,,,
1972-05-23 00:00:00,,,,,,
1972-05-24 00:00:00,,,,,,
1972-05-25 00:00:00,,,,,,
1972-05-26 00:00:00,,,,,,
1972-05-30 00:00:00,,,,,,
1972-05-31 00:00:00,,,,,,
1972-06-01 00:00:00,,,,,,
1972-06-02 00:00:00,,,,,,
1972-06-05 00:00:00,,,,,,
1972-06-06 00:00:00,,,,,,
1972-06-07 00:00:00,,,,,,
1972-06-08 00:00:00,,,,,,
1972-06-09 00:00:00,,,,,,
1972-06-12 00:00:00,,,,,,
1972-06-13 00:00:00,,,,,,
1972-06-14 00:00:00,,,,,,
1972-06-15 00:00:00,,,,,,
1972-06-16 00:00:00,,,,,,
1972-06-19 00:00:00,,,,,,
1972-06-20 00:00:00,,,,,,
1972-06-21 00:00:00,,,,,,
1972-06-22 00:00:00,,,,,,
1972-06-23 00:00:00,,,,,,
1972-06-26 00:00:00,,,,,,
1972-06-27 00:00:00,,,,,,
1972-06-28 00:00:00,,,,,,
1972-06-29 00:00:00,,,,,,
1972-06-30 00:00:00,,,,,,
1972-07-03 00:00:00,,,,,,
1972-07-05 00:00:00,,,,,,
1972-07-06 00:00:00,,,,,,
1972-07-07 00:00:00,,,,,,
1972-07-10 00:00:00,,,,,,
1972-07-11 00:00:00,,,,,,
1972-07-12 00:00:00,,,,,,
1972-07-13 00:00:00,,,,,,
1972-07-14 00:00:00,,,,,,
1972-07-17 00:00:00,,,,,,
1972-07-18 00:00:00,,,,,,
1972-07-19 00:00:00,,,,,,
1972-07-20 00:00:00,,,,,,
1972-07-21 00:00:00,,,,,,
1972-07-24 00:00:00,,,,,,
1972-07-25 00:00:00,,,,,,
1972-07-26 00:00:00,,,,,,
1972-07-27 00:00:00,,,,,,
1972-07-28 00:00:00,,,,,,
1972-07-31 00:00:00,,,,,,
1972-08-01 00:00:00,,,,,,
1972-08-02 00:00:00,,,,,,
1972-08-03 00:00:00,,,,,,
1972-08-04 00:00:00,,,,,,
1972-08-07 00:00:00,,,,,,
1972-08-08 00:00:00,,,,,,
1972-08-09 00:00:00,,,,,,
1972-08-10 00:00:00,,,,,,
1972-08-11 00:00:00,,,,,,
1972-08-14 00:00:00,,,,,,
1972-08-15 00:00:00,,,,,,
1972-08-16 00:00:00,,,,,,
1972-08-17 00:00:00,,,,,,
1972-08-18 00:00:00,,,,,,
1972-08-21 00:00:00,,,,,,
1972-08-22 00:00:00,,,,,,
1972-08-23 00:00:00,,,,,,
1972-08-24 00:00:00,,,,,,
1972-08-25 00:00:00,,,,,,
1972-08-28 00:00:00,,,,,,
1972-08-29 00:00:00,,,,,,
1972-08-30 00:00:00,,,,,,
1972-08-31 00:00:00,,,,,,
1972-09-01 00:00:00,,,,,,
1972-09-05 00:00:00,,,,,,
1972-09-06 00:00:00,,,,,,
1972-09-07 00:00:00,,,,,,
1972-09-08 00:00:00,,,,,,
1972-09-11 00:00:00,,,,,,
1972-09-12 00:00:00,,,,,,
1972-09-13 00:00:00,,,,,,
1972-09-14 00:00:00,,,,,,
1972-09-15 00:00:00,,,,,,
1972-09-18 00:00:00,,,,,,
1972-09-19 00:00:00,,,,,,
1972-09-20 00:00:00,,,,,,
1972-09-21 00:00:00,,,,,,
1972-09-22 00:00:00,,,,,,
1972-09-25 00:00:00,,,,,,
1972-09-26 00:00:00,,,,,,
1972-09-27 00:00:00,,,,,,
1972-09-28 00:00:00,,,,,,
1972-09-29 00:00:00,,,,,,
1972-10-02 00:00:00,,,,,,
1972-10-03 00:00:00,,,,,,
1972-10-04 00:00:00,,,,,,
1972-10-05 00:00:00,,,,,,
1972-10-06 00:00:00,,,,,,
1972-10-09 00:00:00,,,,,,
1972-10-10 00:00:00,,,,,,
1972-10-11 00:00:00,,,,,,
1972-10-12 00:00:00,,,,,,
1972-10-13 00:00:00,,,,,,
1972-10-16 00:00:00,,,,,,
1972-10-17 00:00:00,,,,,,
1972-10-18 00:00:00,,,,,,
1972-10-19 00:00:00,,,,,,
1972-10-20 00:00:00,,,,,,
1972-10-23 00:00:00,,,,,,
1972-10-24 00:00:00,,,,,,
1972-10-25 00:00:00,,,,,,
1972-10-26 00:00:00,,,,,,
1972-10-27 00:00:00,,,,,,
1972-10-30 00:00:00,,,,,,
1972-10-31 00:00:00,,,,,,
1972-11-01 00:00:00,,,,,,
1972-11-02 00:00:00,,,,,,
1972-11-03 00:00:00,,,,,,
1972-11-06 00:00:00,,,,,,
1972-11-08 00:00:00,,,,,,
1972-11-09 00:00:00,,,,,,
1972-11-10 00:00:00,,,,,,
1972-11-13 00:00:00,,,,,,
1972-11-14 00:00:00,,,,,,
1972-11-15 00:00:00,,,,,,
1972-11-16 00:00:00,,,,,,
1972-11-17 00:00:00,,,,,,
1972-11-20 00:00:00,,,,,,
1972-11-21 00:00:00,,,,,,
1972-11-22 00:00:00,,,,,,
1972-11-24 00:00:00,,,,,,
1972-11-27 00:00:00,,,,,,
1972-11-28 00:00:00,,,,,,
1972-11-29 00:00:00,,,,,,
1972-11-30 00:00:00,,,,,,
1972-12-01 00:00:00,,,,,,
1972-12-04 00:00:00,,,,,,
1972-12-05 00:00:00,,,,,,
1972-12-06 00:00:00,,,,,,
1972-12-07 00:00:00,,,,,,
1972-12-08 00:00:00,,,,,,
1972-12-11 00:00:00,,,,,,
1972-12-12 00:00:00,,,,,,
1972-12-13 00:00:00,,,,,,
1972-12-14 00:00:00,,,,,,
1972-12-15 00:00:00,,,,,,
1972-12-18 00:00:00,,,,,,
1972-12-19 00:00:00,,,,,,
1972-12-20 00:00:00,,,,,,
1972-12-21 00:00:00,,,,,,
1972-12-22 00:00:00,,,,,,
1972-12-26 00:00:00,,,,,,
1972-12-27 00:00:00,,,,,,
1972-12-29 00:00:00,,,,,,
1973-01-02 00:00:00,,,,,,
1973-01-03 00:00:00,,,,,,
1973-01-04 00:00:00,,,,,,
1973-01-05 00:00:00,,,,,,
1973-01-08 00:00:00,,,,,,
1973-01-09 00:00:00,,,,,,
1973-01-10 00:00:00,,,,,,
1973-01-11 00:00:00,,,,,,
1973-01-12 00:00:00,,,,,,
1973-01-15 00:00:00,,,,,,
1973-01-16 00:00:00,,,,,,
1973-01-17 00:00:00,,,,,,
1973-01-18 00:00:00,,,,,,
1973-01-19 00:00:00,,,,,,
1973-01-22 00:00:00,,,,,,
1973-01-23 00:00:00,,,,,,
1973-01-24 00:00:00,,,,,,
1973-01-26 00:00:00,,,,,,
1973-01-29 00:00:00,,,,,,
1973-01-30 00:00:00,,,,,,
1973-01-31 00:00:00,,,,,,
1973-02-01 00:00:00,,,,,,
1973-02-02 00:00:00,,,,,,
1973-02-05 00:00:00,,,,,,
1973-02-06 00:00:00,,,,,,
1973-02-07 00:00:00,,,,,,
1973-02-08 00:00:00,,,,,,
1973-02-09 00:00:00,,,,,,
1973-02-12 00:00:00,,,,,,
1973-02-13 00:00:00,,,,,,
1973-02-14 00:00:00,,,,,,
1973-02-15 00:00:00,,,,,,
1973-02-16 00:00:00,,,,,,
1973-02-20 00:00:00,,,,,,
1973-02-21 00:00:00,,,,,,
1973-02-22 00:00:00,,,,,,
1973-02-23 00:00:00,,,,,,
1973-02-26 00:00:00,,,,,,
1973-02-27 00:00:00,,,,,,
1973-02-28 00:00:00,,,,,,
1973-03-01 00:00:00,,,,,,
1973-03-02 00:00:00,,,,,,
1973-03-05 00:00:00,,,,,,
1973-03-06 00:00:00,,,,,,
1973-03-07 00:00:00,,,,,,
1973-03-08 00:00:00,,,,,,
1973-03-09 00:00:00,,,,,,
1973-03-12 00:00:00,,,,,,
1973-03-13 00:00:00,,,,,,
1973-03-14 00:00:00,,,,,,
1973-03-15 00:00:00,,,,,,
1973-03-16 00:00:00,,,,,,
1973-03-19 00:00:00,,,,,,
1973-03-20 00:00:00,,,,,,
1973-03-21 00:00:00,,,,,,
1973-03-22 00:00:00,,,,,,
1973-03-23 00:00:00,,,,,,
1973-03-26 00:00:00,,,,,,
1973-03-27 00:00:00,,,,,,
1973-03-28 00:00:00,,,,,,
1973-03-29 00:00:00,,,,,,
1973-03-30 00:00:00,,,,,,
1973-04-02 00:00:00,,,,,,
1973-04-03 00:00:00,,,,,,
1973-04-04 00:00:00,,,,,,
1973-04-05 00:00:00,,,,,,
1973-04-06 00:00:00,,,,,,
1973-04-09 00:00:00,,,,,,
1973-04-10 00:00:00,,,,,,
1973-04-11 00:00:00,,,,,,
1973-04-12 00:00:00,,,,,,
1973-04-13 00:00:00,,,,,,
1973-04-16 00:00:00,,,,,,
1973-04-17 00:00:00,,,,,,
1973-04-18 00:00:00,,,,,,
1973-04-19 00:00:00,,,,,,
1973-04-23 00:00:00,,,,,,
1973-04-24 00:00:00,,,,,,
1973-04-25 00:00:00,,,,,,
1973-04-26 00:00:00,,,,,,
1973-04-27 00:00:00,,,,,,
1973-04-30 00:00:00,,,,,,
1973-05-01 00:00:00,,,,,,
1973-05-02 00:00:00,,,,,,
1973-05-03 00:00:00,,,,,,
1973-05-04 00:00:00,,,,,,
1973-05-07 00:00:00,,,,,,
1973-05-08 00:00:00,,,,,,
1973-05-09 00:00:00,,,,,,
1973-05-10 00:00:00,,,,,,
1973-05-11 00:00:00,,,,,,
1973-05-14 00:00:00,,,,,,
1973-05-15 00:00:00,,,,,,
1973-05-16 00:00:00,,,,,,
1973-05-17 00:00:00,,,,,,
1973-05-18 00:00:00,,,,,,
1973-05-21 00:00:00,,,,,,
1973-05-22 00:00:00,,,,,,
1973-05-23 00:00:00,,,,,,
1973-05-24 00:00:00,,,,,,
1973-05-25 00:00:00,,,,,,
1973-05-29 00:00:00,,,,,,
1973-05-30 00:00:00,,,,,,
1973-05-31 00:00:00,,,,,,
1973-06-01 00:00:00,,,,,,
1973-06-04 00:00:00,,,,,,
1973-06-05 00:00:00,,,,,,
1973-06-06 00:00:00,,,,,,
1973-06-07 00:00:00,,,,,,
1973-06-08 00:00:00,,,,,,
1973-06-11 00:00:00,,,,,,
1973-06-12 00:00:00,,,,,,
1973-06-13 00:00:00,,,,,,
1973-06-14 00:00:00,,,,,,
1973-06-15 00:00:00,,,,,,
1973-06-18 00:00:00,,,,,,
1973-06-19 00:00:00,,,,,,
1973-06-20 00:00:00,,,,,,
1973-06-21 00:00:00,,,,,,
1973-06-22 00:00:00,,,,,,
1973-06-25 00:00:00,,,,,,
1973-06-26 00:00:00,,,,,,
1973-06-27 00:00:00,,,,,,
1973-06-28 00:00:00,,,,,,
1973-06-29 00:00:00,,,,,,
1973-07-02 00:00:00,,,,,,
1973-07-03 00:00:00,,,,,,
1973-07-05 00:00:00,,,,,,
1973-07-06 00:00:00,,,,,,
1973-07-09 00:00:00,,,,,,
1973-07-10 00:00:00,,,,,,
1973-07-11 00:00:00,,,,,,
1973-07-12 00:00:00,,,,,,
1973-07-13 00:00:00,,,,,,
1973-07-16 00:00:00,,,,,,
1973-07-17 00:00:00,,,,,,
1973-07-18 00:00:00,,,,,,
1973-07-19 00:00:00,,,,,,
1973-07-20 00:00:00,,,,,,
1973-07-23 00:00:00,,,,,,
1973-07-24 00:00:00,,,,,,
1973-07-25 00:00:00,,,,,,
1973-07-26 00:00:00,,,,,,
1973-07-27 00:00:00,,,,,,
1973-07-30 00:00:00,,,,,,
1973-07-31 00:00:00,,,,,,
1973-08-01 00:00:00,,,,,,
1973-08-02 00:00:00,,,,,,
1973-08-03 00:00:00,,,,,,
1973-08-06 00:00:00,,,,,,
1973-08-07 00:00:00,,,,,,
1973-08-08 00:00:00,,,,,,
1973-08-09 00:00:00,,,,,,
1973-08-10 00:00:00,,,,,,
1973-08-13 00:00:00,,,,,,
1973-08-14 00:00:00,,,,,,
1973-08-15 00:00:00,,,,,,
1973-08-16 00:00:00,,,,,,
1973-08-17 00:00:00,,,,,,
1973-08-20 00:00:00,,,,,,
1973-08-21 00:00:00,,,,,,
1973-08-22 00:00:00,,,,,,
1973-08-23 00:00:00,,,,,,
1973-08-24 00:00:00,,,,,,
1973-08-27 00:00:00,,,,,,
1973-08-28 00:00:00,,,,,,
1973-08-29 00:00:00,,,,,,
1973-08-30 00:00:00,,,,,,
1973-08-31 00:00:00,,,,,,
1973-09-04 00:00:00,,,,,,
1973-09-05 00:00:00,,,,,,
1973-09-06 00:00:00,,,,,,
1973-09-07 00:00:00,,,,,,
1973-09-10 00:00:00,,,,,,
1973-09-11 00:00:00,,,,,,
1973-09-12 00:00:00,,,,,,
1973-09-13 00:00:00,,,,,,
1973-09-14 00:00:00,,,,,,
1973-09-17 00:00:00,,,,,,
1973-09-18 00:00:00,,,,,,
1973-09-19 00:00:00,,,,,,
1973-09-20 00:00:00,,,,,,
1973-09-21 00:00:00,,,,,,
1973-09-24 00:00:00,,,,,,
1973-09-25 00:00:00,,,,,,
1973-09-26 00:00:00,,,,,,
1973-09-27 00:00:00,,,,,,
1973-09-28 00:00:00,,,,,,
1973-10-01 00:00:00,,,,,,
1973-10-02 00:00:00,,,,,,
1973-10-03 00:00:00,,,,,,
1973-10-04 00:00:00,,,,,,
1973-10-05 00:00:00,,,,,,
1973-10-08 00:00:00,,,,,,
1973-10-09 00:00:00,,,,,,
1973-10-10 00:00:00,,,,,,
1973-10-11 00:00:00,,,,,,
1973-10-12 00:00:00,,,,,,
1973-10-15 00:00:00,,,,,,
1973-10-16 00:00:00,,,,,,
1973-10-17 00:00:00,,,,,,
1973-10-18 00:00:00,,,,,,
1973-10-19 00:00:00,,,,,,
1973-10-22 00:00:00,,,,,,
1973-10-23 00:00:00,,,,,,
1973-10-24 00:00:00,,,,,,
1973-10-25 00:00:00,,,,,,
1973-10-26 00:00:00,,,,,,
1973-10-29 00:00:00,,,,,,
1973-10-30 00:00:00,,,,,,
1973-10-31 00:00:00,,,,,,
1973-11-01 00:00:00,,,,,,
1973-11-02 00:00:00,,,,,,
1973-11-05 00:00:00,,,,,,
1973-11-06 00:00:00,,,,,,
1973-11-07 00:00:00,,,,,,
1973-11-08 00:00:00,,,,,,
1973-11-09 00:00:00,,,,,,
1973-11-12 00:00:00,,,,,,
1973-11-13 00:00:00,,,,,,
1973-11-14 00:00:00,,,,,,
1973-11-15 00:00:00,,,,,,
1973-11-16 00:00:00,,,,,,
1973-11-19 00:00:00,,,,,,
1973-11-20 00:00:00,,,,,,
1973-11-21 00:00:00,,,,,,
1973-11-23 00:00:00,,,,,,
1973-11-26 00:00:00,,,,,,
1973-11-27 00:00:00,,,,,,
1973-11-28 00:00:00,,,,,,
1973-11-29 00:00:00,,,,,,
1973-11-30 00:00:00,,,,,,
1973-12-03 00:00:00,,,,,,
1973-12-04 00:00:00,,,,,,
1973-12-05 00:00:00,,,,,,
1973-12-06 00:00:00,,,,,,
1973-12-07 00:00:00,,,,,,
1973-12-10 00:00:00,,,,,,
1973-12-11 00:00:00,,,,,,
1973-12-12 00:00:00,,,,,,
1973-12-13 00:00:00,,,,,,
1973-12-14 00:00:00,,,,,,
1973-12-17 00:00:00,,,,,,
1973-12-18 00:00:00,,,,,,
1973-12-19 00:00:00,,,,,,
1973-12-20 00:00:00,,,,,,
1973-12-21 00:00:00,,,,,,
1973-12-24 00:00:00,,,,,,
1973-12-26 00:00:00,,,,,,
1973-12-27 00:00:00,,,,,,
1973-12-28 00:00:00,,,,,,
1973-12-31 00:00:00,,,,,,
1974-01-02 00:00:00,,,,,,
1974-01-03 00:00:00,,,,,,
1974-01-04 00:00:00,,,,,,
1974-01-07 00:00:00,,,,,,
1974-01-08 00:00:00,,,,,,
1974-01-09 00:00:00,,,,,,
1974-01-10 00:00:00,,,,,,
1974-01-11 00:00:00,,,,,,
1974-01-14 00:00:00,,,,,,
1974-01-15 00:00:00,,,,,,
1974-01-16 00:00:00,,,,,,
1974-01-17 00:00:00,,,,,,
1974-01-18 00:00:00,,,,,,
1974-01-21 00:00:00,,,,,,
1974-01-22 00:00:00,,,,,,
1974-01-23 00:00:00,,,,,,
1974-01-24 00:00:00,,,,,,
1974-01-25 00:00:00,,,,,,
1974-01-28 00:00:00,,,,,,
1974-01-29 00:00:00,,,,,,
1974-01-30 00:00:00,,,,,,
1974-01-31 00:00:00,,,,,,
1974-02-01 00:00:00,,,,,,
1974-02-04 00:00:00,,,,,,
1974-02-05 00:00:00,,,,,,
1974-02-06 00:00:00,,,,,,
1974-02-07 00:00:00,,,,,,
1974-02-08 00:00:00,,,,,,
1974-02-11 00:00:00,,,,,,
1974-02-12 00:00:00,,,,,,
1974-02-13 00:00:00,,,,,,
1974-02-14 00:00:00,,,,,,
1974-02-15 00:00:00,,,,,,
1974-02-19 00:00:00,,,,,,
1974-02-20 00:00:00,,,,,,
1974-02-21 00:00:00,,,,,,
1974-02-22 00:00:00,,,,,,
1974-02-25 00:00:00,,,,,,
1974-02-26 00:00:00,,,,,,
1974-02-27 00:00:00,,,,,,
1974-02-28 00:00:00,,,,,,
1974-03-01 00:00:00,,,,,,
1974-03-04 00:00:00,,,,,,
1974-03-05 00:00:00,,,,,,
1974-03-06 00:00:00,,,,,,
1974-03-07 00:00:00,,,,,,
1974-03-08 00:00:00,,,,,,
1974-03-11 00:00:00,,,,,,
1974-03-12 00:00:00,,,,,,
1974-03-13 00:00:00,,,,,,
1974-03-14 00:00:00,,,,,,
1974-03-15 00:00:00,,,,,,
1974-03-18 00:00:00,,,,,,
1974-03-19 00:00:00,,,,,,
1974-03-20 00:00:00,,,,,,
1974-03-21 00:00:00,,,,,,
1974-03-22 00:00:00,,,,,,
1974-03-25 00:00:00,,,,,,
1974-03-26 00:00:00,,,,,,
1974-03-27 00:00:00,,,,,,
1974-03-28 00:00:00,,,,,,
1974-03-29 00:00:00,,,,,,
1974-04-01 00:00:00,,,,,,
1974-04-02 00:00:00,,,,,,
1974-04-03 00:00:00,,,,,,
1974-04-04 00:00:00,,,,,,
1974-04-05 00:00:00,,,,,,
1974-04-08 00:00:00,,,,,,
1974-04-09 00:00:00,,,,,,
1974-04-10 00:00:00,,,,,,
1974-04-11 00:00:00,,,,,,
1974-04-15 00:00:00,,,,,,
1974-04-16 00:00:00,,,,,,
1974-04-17 00:00:00,,,,,,
1974-04-18 00:00:00,,,,,,
1974-04-19 00:00:00,,,,,,
1974-04-22 00:00:00,,,,,,
1974-04-23 00:00:00,,,,,,
1974-04-24 00:00:00,,,,,,
1974-04-25 00:00:00,,,,,,
1974-04-26 00:00:00,,,,,,
1974-04-29 00:00:00,,,,,,
1974-04-30 00:00:00,,,,,,
1974-05-01 00:00:00,,,,,,
1974-05-02 00:00:00,,,,,,
1974-05-03 00:00:00,,,,,,
1974-05-06 00:00:00,,,,,,
1974-05-07 00:00:00,,,,,,
1974-05-08 00:00:00,,,,,,
1974-05-09 00:00:00,,,,,,
1974-05-10 00:00:00,,,,,,
1974-05-13 00:00:00,,,,,,
1974-05-14 00:00:00,,,,,,
1974-05-15 00:00:00,,,,,,
1974-05-16 00:00:00,,,,,,
1974-05-17 00:00:00,,,,,,
1974-05-20 00:00:00,,,,,,
1974-05-21 00:00:00,,,,,,
1974-05-22 00:00:00,,,,,,
1974-05-23 00:00:00,,,,,,
1974-05-24 00:00:00,,,,,,
1974-05-28 00:00:00,,,,,,
1974-05-29 00:00:00,,,,,,
1974-05-30 00:00:00,,,,,,
1974-05-31 00:00:00,,,,,,
1974-06-03 00:00:00,,,,,,
1974-06-04 00:00:00,,,,,,
1974-06-05 00:00:00,,,,,,
1974-06-06 00:00:00,,,,,,
1974-06-07 00:00:00,,,,,,
1974-06-10 00:00:00,,,,,,
1974-06-11 00:00:00,,,,,,
1974-06-12 00:00:00,,,,,,
1974-06-13 00:00:00,,,,,,
1974-06-14 00:00:00,,,,,,
1974-06-17 00:00:00,,,,,,
1974-06-18 00:00:00,,,,,,
1974-06-19 00:00:00,,,,,,
1974-06-20 00:00:00,,,,,,
1974-06-21 00:00:00,,,,,,
1974-06-24 00:00:00,,,,,,
1974-06-25 00:00:00,,,,,,
1974-06-26 00:00:00,,,,,,
1974-06-27 00:00:00,,,,,,
1974-06-28 00:00:00,,,,,,
1974-07-01 00:00:00,,,,,,
1974-07-02 00:00:00,,,,,,
1974-07-03 00:00:00,,,,,,
1974-07-05 00:00:00,,,,,,
1974-07-08 00:00:00,,,,,,
1974-07-09 00:00:00,,,,,,
1974-07-10 00:00:00,,,,,,
1974-07-11 00:00:00,,,,,,
1974-07-12 00:00:00,,,,,,
1974-07-15 00:00:00,,,,,,
1974-07-16 00:00:00,,,,,,
1974-07-17 00:00:00,,,,,,
1974-07-18 00:00:00,,,,,,
1974-07-19 00:00:00,,,,,,
1974-07-22 00:00:00,,,,,,
1974-07-23 00:00:00,,,,,,
1974-07-24 00:00:00,,,,,,
1974-07-25 00:00:00,,,,,,
1974-07-26 00:00:00,,,,,,
1974-07-29 00:00:00,,,,,,
1974-07-30 00:00:00,,,,,,
1974-07-31 00:00:00,,,,,,
1974-08-01 00:00:00,,,,,,
1974-08-02 00:00:00,,,,,,
1974-08-05 00:00:00,,,,,,
1974-08-06 00:00:00,,,,,,
1974-08-07 00:00:00,,,,,,
1974-08-08 00:00:00,,,,,,
1974-08-09 00:00:00,,,,,,
1974-08-12 00:00:00,,,,,,
1974-08-13 00:00:00,,,,,,
1974-08-14 00:00:00,,,,,,
1974-08-15 00:00:00,,,,,,
1974-08-16 00:00:00,,,,,,
1974-08-19 00:00:00,,,,,,
1974-08-20 00:00:00,,,,,,
1974-08-21 00:00:00,,,,,,
1974-08-22 00:00:00,,,,,,
1974-08-23 00:00:00,,,,,,
1974-08-26 00:00:00,,,,,,
1974-08-27 00:00:00,,,,,,
1974-08-28 00:00:00,,,,,,
1974-08-29 00:00:00,,,,,,
1974-08-30 00:00:00,,,,,,
1974-09-03 00:00:00,,,,,,
1974-09-04 00:00:00,,,,,,
1974-09-05 00:00:00,,,,,,
1974-09-06 00:00:00,,,,,,
1974-09-09 00:00:00,,,,,,
1974-09-10 00:00:00,,,,,,
1974-09-11 00:00:00,,,,,,
1974-09-12 00:00:00,,,,,,
1974-09-13 00:00:00,,,,,,
1974-09-16 00:00:00,,,,,,
1974-09-17 00:00:00,,,,,,
1974-09-18 00:00:00,,,,,,
1974-09-19 00:00:00,,,,,,
1974-09-20 00:00:00,,,,,,
1974-09-23 00:00:00,,,,,,
1974-09-24 00:00:00,,,,,,
1974-09-25 00:00:00,,,,,,
1974-09-26 00:00:00,,,,,,
1974-09-27 00:00:00,,,,,,
1974-09-30 00:00:00,,,,,,
1974-10-01 00:00:00,,,,,,
1974-10-02 00:00:00,,,,,,
1974-10-03 00:00:00,,,,,,
1974-10-04 00:00:00,,,,,,
1974-10-07 00:00:00,,,,,,
1974-10-08 00:00:00,,,,,,
1974-10-09 00:00:00,,,,,,
1974-10-10 00:00:00,,,,,,
1974-10-11 00:00:00,,,,,,
1974-10-14 00:00:00,,,,,,
1974-10-15 00:00:00,,,,,,
1974-10-16 00:00:00,,,,,,
1974-10-17 00:00:00,,,,,,
1974-10-18 00:00:00,,,,,,
1974-10-21 00:00:00,,,,,,
1974-10-22 00:00:00,,,,,,
1974-10-23 00:00:00,,,,,,
1974-10-24 00:00:00,,,,,,
1974-10-25 00:00:00,,,,,,
1974-10-28 00:00:00,,,,,,
1974-10-29 00:00:00,,,,,,
1974-10-30 00:00:00,,,,,,
1974-10-31 00:00:00,,,,,,
1974-11-01 00:00:00,,,,,,
1974-11-04 00:00:00,,,,,,
1974-11-05 00:00:00,,,,,,
1974-11-06 00:00:00,,,,,,
1974-11-07 00:00:00,,,,,,
1974-11-08 00:00:00,,,,,,
1974-11-11 00:00:00,,,,,,
1974-11-12 00:00:00,,,,,,
1974-11-13 00:00:00,,,,,,
1974-11-14 00:00:00,,,,,,
1974-11-15 00:00:00,,,,,,
1974-11-18 00:00:00,,,,,,
1974-11-19 00:00:00,,,,,,
1974-11-20 00:00:00,,,,,,
1974-11-21 00:00:00,,,,,,
1974-11-22 00:00:00,,,,,,
1974-11-25 00:00:00,,,,,,
1974-11-26 00:00:00,,,,,,
1974-11-27 00:00:00,,,,,,
1974-11-29 00:00:00,,,,,,
1974-12-02 00:00:00,,,,,,
1974-12-03 00:00:00,,,,,,
1974-12-04 00:00:00,,,,,,
1974-12-05 00:00:00,,,,,,
1974-12-06 00:00:00,,,,,,
1974-12-09 00:00:00,,,,,,
1974-12-10 00:00:00,,,,,,
1974-12-11 00:00:00,,,,,,
1974-12-12 00:00:00,,,,,,
1974-12-13 00:00:00,,,,,,
1974-12-16 00:00:00,,,,,,
1974-12-17 00:00:00,,,,,,
1974-12-18 00:00:00,,,,,,
1974-12-19 00:00:00,,,,,,
1974-12-20 00:00:00,,,,,,
1974-12-23 00:00:00,,,,,,
1974-12-24 00:00:00,,,,,,
1974-12-26 00:00:00,,,,,,
1974-12-27 00:00:00,,,,,,
1974-12-30 00:00:00,,,,,,
1974-12-31 00:00:00,,,,,,
1975-01-02 00:00:00,,,,,,
1975-01-03 00:00:00,,,,,,
1975-01-06 00:00:00,,,,,,
1975-01-07 00:00:00,,,,,,
1975-01-08 00:00:00,,,,,,
1975-01-09 00:00:00,,,,,,
1975-01-10 00:00:00,,,,,,
1975-01-13 00:00:00,,,,,,
1975-01-14 00:00:00,,,,,,
1975-01-15 00:00:00,,,,,,
1975-01-16 00:00:00,,,,,,
1975-01-17 00:00:00,,,,,,
1975-01-20 00:00:00,,,,,,
1975-01-21 00:00:00,,,,,,
1975-01-22 00:00:00,,,,,,
1975-01-23 00:00:00,,,,,,
1975-01-24 00:00:00,,,,,,
1975-01-27 00:00:00,,,,,,
1975-01-28 00:00:00,,,,,,
1975-01-29 00:00:00,,,,,,
1975-01-30 00:00:00,,,,,,
1975-01-31 00:00:00,,,,,,
1975-02-03 00:00:00,,,,,,
1975-02-04 00:00:00,,,,,,
1975-02-05 00:00:00,,,,,,
1975-02-06 00:00:00,,,,,,
1975-02-07 00:00:00,,,,,,
1975-02-10 00:00:00,,,,,,
1975-02-11 00:00:00,,,,,,
1975-02-12 00:00:00,,,,,,
1975-02-13 00:00:00,,,,,,
1975-02-14 00:00:00,,,,,,
1975-02-18 00:00:00,,,,,,
1975-02-19 00:00:00,,,,,,
1975-02-20 00:00:00,,,,,,
1975-02-21 00:00:00,,,,,,
1975-02-24 00:00:00,,,,,,
1975-02-25 00:00:00,,,,,,
1975-02-26 00:00:00,,,,,,
1975-02-27 00:00:00,,,,,,
1975-02-28 00:00:00,,,,,,
1975-03-03 00:00:00,,,,,,
1975-03-04 00:00:00,,,,,,
1975-03-05 00:00:00,,,,,,
1975-03-06 00:00:00,,,,,,
1975-03-07 00:00:00,,,,,,
1975-03-10 00:00:00,,,,,,
1975-03-11 00:00:00,,,,,,
1975-03-12 00:00:00,,,,,,
1975-03-13 00:00:00,,,,,,
1975-03-14 00:00:00,,,,,,
1975-03-17 00:00:00,,,,,,
1975-03-18 00:00:00,,,,,,
1975-03-19 00:00:00,,,,,,
1975-03-20 00:00:00,,,,,,
1975-03-21 00:00:00,,,,,,
1975-03-24 00:00:00,,,,,,
1975-03-25 00:00:00,,,,,,
1975-03-26 00:00:00,,,,,,
1975-03-27 00:00:00,,,,,,
1975-03-31 00:00:00,,,,,,
1975-04-01 00:00:00,,,,,,
1975-04-02 00:00:00,,,,,,
1975-04-03 00:00:00,,,,,,
1975-04-04 00:00:00,,,,,,
1975-04-07 00:00:00,,,,,,
1975-04-08 00:00:00,,,,,,
1975-04-09 00:00:00,,,,,,
1975-04-10 00:00:00,,,,,,
1975-04-11 00:00:00,,,,,,
1975-04-14 00:00:00,,,,,,
1975-04-15 00:00:00,,,,,,
1975-04-16 00:00:00,,,,,,
1975-04-17 00:00:00,,,,,,
1975-04-18 00:00:00,,,,,,
1975-04-21 00:00:00,,,,,,
1975-04-22 00:00:00,,,,,,
1975-04-23 00:00:00,,,,,,
1975-04-24 00:00:00,,,,,,
1975-04-25 00:00:00,,,,,,
1975-04-28 00:00:00,,,,,,
1975-04-29 00:00:00,,,,,,
1975-04-30 00:00:00,,,,,,
1975-05-01 00:00:00,,,,,,
1975-05-02 00:00:00,,,,,,
1975-05-05 00:00:00,,,,,,
1975-05-06 00:00:00,,,,,,
1975-05-07 00:00:00,,,,,,
1975-05-08 00:00:00,,,,,,
1975-05-09 00:00:00,,,,,,
1975-05-12 00:00:00,,,,,,
1975-05-13 00:00:00,,,,,,
1975-05-14 00:00:00,,,,,,
1975-05-15 00:00:00,,,,,,
1975-05-16 00:00:00,,,,,,
1975-05-19 00:00:00,,,,,,
1975-05-20 00:00:00,,,,,,
1975-05-21 00:00:00,,,,,,
1975-05-22 00:00:00,,,,,,
1975-05-23 00:00:00,,,,,,
1975-05-27 00:00:00,,,,,,
1975-05-28 00:00:00,,,,,,
1975-05-29 00:00:00,,,,,,
1975-05-30 00:00:00,,,,,,
1975-06-02 00:00:00,,,,,,
1975-06-03 00:00:00,,,,,,
1975-06-04 00:00:00,,,,,,
1975-06-05 00:00:00,,,,,,
1975-06-06 00:00:00,,,,,,
1975-06-09 00:00:00,,,,,,
1975-06-10 00:00:00,,,,,,
1975-06-11 00:00:00,,,,,,
1975-06-12 00:00:00,,,,,,
1975-06-13 00:00:00,,,,,,
1975-06-16 00:00:00,,,,,,
1975-06-17 00:00:00,,,,,,
1975-06-18 00:00:00,,,,,,
1975-06-19 00:00:00,,,,,,
1975-06-20 00:00:00,,,,,,
1975-06-23 00:00:00,,,,,,
1975-06-24 00:00:00,,,,,,
1975-06-25 00:00:00,,,,,,
1975-06-26 00:00:00,,,,,,
1975-06-27 00:00:00,,,,,,
1975-06-30 00:00:00,,,,,,
1975-07-01 00:00:00,,,,,,
1975-07-02 00:00:00,,,,,,
1975-07-03 00:00:00,,,,,,
1975-07-07 00:00:00,,,,,,
1975-07-08 00:00:00,,,,,,
1975-07-09 00:00:00,,,,,,
1975-07-10 00:00:00,,,,,,
1975-07-11 00:00:00,,,,,,
1975-07-14 00:00:00,,,,,,
1975-07-15 00:00:00,,,,,,
1975-07-16 00:00:00,,,,,,
1975-07-17 00:00:00,,,,,,
1975-07-18 00:00:00,,,,,,
1975-07-21 00:00:00,,,,,,
1975-07-22 00:00:00,,,,,,
1975-07-23 00:00:00,,,,,,
1975-07-24 00:00:00,,,,,,
1975-07-25 00:00:00,,,,,,
1975-07-28 00:00:00,,,,,,
1975-07-29 00:00:00,,,,,,
1975-07-30 00:00:00,,,,,,
1975-07-31 00:00:00,,,,,,
1975-08-01 00:00:00,,,,,,
1975-08-04 00:00:00,,,,,,
1975-08-05 00:00:00,,,,,,
1975-08-06 00:00:00,,,,,,
1975-08-07 00:00:00,,,,,,
1975-08-08 00:00:00,,,,,,
1975-08-11 00:00:00,,,,,,
1975-08-12 00:00:00,,,,,,
1975-08-13 00:00:00,,,,,,
1975-08-14 00:00:00,,,,,,
1975-08-15 00:00:00,,,,,,
1975-08-18 00:00:00,,,,,,
1975-08-19 00:00:00,,,,,,
1975-08-20 00:00:00,,,,,,
1975-08-21 00:00:00,,,,,,
1975-08-22 00:00:00,,,,,,
1975-08-25 00:00:00,,,,,,
1975-08-26 00:00:00,,,,,,
1975-08-27 00:00:00,,,,,,
1975-08-28 00:00:00,,,,,,
1975-08-29 00:00:00,,,,,,
1975-09-02 00:00:00,,,,,,
1975-09-03 00:00:00,,,,,,
1975-09-04 00:00:00,,,,,,
1975-09-05 00:00:00,,,,,,
1975-09-08 00:00:00,,,,,,
1975-09-09 00:00:00,,,,,,
1975-09-10 00:00:00,,,,,,
1975-09-11 00:00:00,,,,,,
1975-09-12 00:00:00,,,,,,
1975-09-15 00:00:00,,,,,,
1975-09-16 00:00:00,,,,,,
1975-09-17 00:00:00,,,,,,
1975-09-18 00:00:00,,,,,,
1975-09-19 00:00:00,,,,,,
1975-09-22 00:00:00,,,,,,
1975-09-23 00:00:00,,,,,,
1975-09-24 00:00:00,,,,,,
1975-09-25 00:00:00,,,,,,
1975-09-26 00:00:00,,,,,,
1975-09-29 00:00:00,,,,,,
1975-09-30 00:00:00,,,,,,
1975-10-01 00:00:00,,,,,,
1975-10-02 00:00:00,,,,,,
1975-10-03 00:00:00,,,,,,
1975-10-06 00:00:00,,,,,,
1975-10-07 00:00:00,,,,,,
1975-10-08 00:00:00,,,,,,
1975-10-09 00:00:00,,,,,,
1975-10-10 00:00:00,,,,,,
1975-10-13 00:00:00,,,,,,
1975-10-14 00:00:00,,,,,,
1975-10-15 00:00:00,,,,,,
1975-10-16 00:00:00,,,,,,
1975-10-17 00:00:00,,,,,,
1975-10-20 00:00:00,,,,,,
1975-10-21 00:00:00,,,,,,
1975-10-22 00:00:00,,,,,,
1975-10-23 00:00:00,,,,,,
1975-10-24 00:00:00,,,,,,
1975-10-27 00:00:00,,,,,,
1975-10-28 00:00:00,,,,,,
1975-10-29 00:00:00,,,,,,
1975-10-30 00:00:00,,,,,,
1975-10-31 00:00:00,,,,,,
1975-11-03 00:00:00,,,,,,
1975-11-04 00:00:00,,,,,,
1975-11-05 00:00:00,,,,,,
1975-11-06 00:00:00,,,,,,
1975-11-07 00:00:00,,,,,,
1975-11-10 00:00:00,,,,,,
1975-11-11 00:00:00,,,,,,
1975-11-12 00:00:00,,,,,,
1975-11-13 00:00:00,,,,,,
1975-11-14 00:00:00,,,,,,
1975-11-17 00:00:00,,,,,,
1975-11-18 00:00:00,,,,,,
1975-11-19 00:00:00,,,,,,
1975-11-20 00:00:00,,,,,,
1975-11-21 00:00:00,,,,,,
1975-11-24 00:00:00,,,,,,
1975-11-25 00:00:00,,,,,,
1975-11-26 00:00:00,,,,,,
1975-11-28 00:00:00,,,,,,
1975-12-01 00:00:00,,,,,,
1975-12-02 00:00:00,,,,,,
1975-12-03 00:00:00,,,,,,
1975-12-04 00:00:00,,,,,,
1975-12-05 00:00:00,,,,,,
1975-12-08 00:00:00,,,,,,
1975-12-09 00:00:00,,,,,,
1975-12-10 00:00:00,,,,,,
1975-12-11 00:00:00,,,,,,
1975-12-12 00:00:00,,,,,,
1975-12-15 00:00:00,,,,,,
1975-12-16 00:00:00,,,,,,
1975-12-17 00:00:00,,,,,,
1975-12-18 00:00:00,,,,,,
1975-12-19 00:00:00,,,,,,
1975-12-22 00:00:00,,,,,,
1975-12-23 00:00:00,,,,,,
1975-12-24 00:00:00,,,,,,
1975-12-26 00:00:00,,,,,,
1975-12-29 00:00:00,,,,,,
1975-12-30 00:00:00,,,,,,
1975-12-31 00:00:00,,,,,,
1976-01-02 00:00:00,,,,,,
1976-01-05 00:00:00,,,,,,
1976-01-06 00:00:00,,,,,,
1976-01-07 00:00:00,,,,,,
1976-01-08 00:00:00,,,,,,
1976-01-09 00:00:00,,,,,,
1976-01-12 00:00:00,,,,,,
1976-01-13 00:00:00,,,,,,
1976-01-14 00:00:00,,,,,,
1976-01-15 00:00:00,,,,,,
1976-01-16 00:00:00,,,,,,
1976-01-19 00:00:00,,,,,,
1976-01-20 00:00:00,,,,,,
1976-01-21 00:00:00,,,,,,
1976-01-22 00:00:00,,,,,,
1976-01-23 00:00:00,,,,,,
1976-01-26 00:00:00,,,,,,
1976-01-27 00:00:00,,,,,,
1976-01-28 00:00:00,,,,,,
1976-01-29 00:00:00,,,,,,
1976-01-30 00:00:00,,,,,,
1976-02-02 00:00:00,,,,,,
1976-02-03 00:00:00,,,,,,
1976-02-04 00:00:00,,,,,,
1976-02-05 00:00:00,,,,,,
1976-02-06 00:00:00,,,,,,
1976-02-09 00:00:00,,,,,,
1976-02-10 00:00:00,,,,,,
1976-02-11 00:00:00,,,,,,
1976-02-12 00:00:00,,,,,,
1976-02-13 00:00:00,,,,,,
1976-02-17 00:00:00,,,,,,
1976-02-18 00:00:00,,,,,,
1976-02-19 00:00:00,,,,,,
1976-02-20 00:00:00,,,,,,
1976-02-23 00:00:00,,,,,,
1976-02-24 00:00:00,,,,,,
1976-02-25 00:00:00,,,,,,
1976-02-26 00:00:00,,,,,,
1976-02-27 00:00:00,,,,,,
1976-03-01 00:00:00,,,,,,
1976-03-02 00:00:00,,,,,,
1976-03-03 00:00:00,,,,,,
1976-03-04 00:00:00,,,,,,
1976-03-05 00:00:00,,,,,,
1976-03-08 00:00:00,,,,,,
1976-03-09 00:00:00,,,,,,
1976-03-10 00:00:00,,,,,,
1976-03-11 00:00:00,,,,,,
1976-03-12 00:00:00,,,,,,
1976-03-15 00:00:00,,,,,,
1976-03-16 00:00:00,,,,,,
1976-03-17 00:00:00,,,,,,
1976-03-18 00:00:00,,,,,,
1976-03-19 00:00:00,,,,,,
1976-03-22 00:00:00,,,,,,
1976-03-23 00:00:00,,,,,,
1976-03-24 00:00:00,,,,,,
1976-03-25 00:00:00,,,,,,
1976-03-26 00:00:00,,,,,,
1976-03-29 00:00:00,,,,,,
1976-03-30 00:00:00,,,,,,
1976-03-31 00:00:00,,,,,,
1976-04-01 00:00:00,,,,,,
1976-04-02 00:00:00,,,,,,
1976-04-05 00:00:00,,,,,,
1976-04-06 00:00:00,,,,,,
1976-04-07 00:00:00,,,,,,
1976-04-08 00:00:00,,,,,,
1976-04-09 00:00:00,,,,,,
1976-04-12 00:00:00,,,,,,
1976-04-13 00:00:00,,,,,,
1976-04-14 00:00:00,,,,,,
1976-04-15 00:00:00,,,,,,
1976-04-19 00:00:00,,,,,,
1976-04-20 00:00:00,,,,,,
1976-04-21 00:00:00,,,,,,
1976-04-22 00:00:00,,,,,,
1976-04-23 00:00:00,,,,,,
1976-04-26 00:00:00,,,,,,
1976-04-27 00:00:00,,,,,,
1976-04-28 00:00:00,,,,,,
1976-04-29 00:00:00,,,,,,
1976-04-30 00:00:00,,,,,,
1976-05-03 00:00:00,,,,,,
1976-05-04 00:00:00,,,,,,
1976-05-05 00:00:00,,,,,,
1976-05-06 00:00:00,,,,,,
1976-05-07 00:00:00,,,,,,
1976-05-10 00:00:00,,,,,,
1976-05-11 00:00:00,,,,,,
1976-05-12 00:00:00,,,,,,
1976-05-13 00:00:00,,,,,,
1976-05-14 00:00:00,,,,,,
1976-05-17 00:00:00,,,,,,
1976-05-18 00:00:00,,,,,,
1976-05-19 00:00:00,,,,,,
1976-05-20 00:00:00,,,,,,
1976-05-21 00:00:00,,,,,,
1976-05-24 00:00:00,,,,,,
1976-05-25 00:00:00,,,,,,
1976-05-26 00:00:00,,,,,,
1976-05-27 00:00:00,,,,,,
1976-05-28 00:00:00,,,,,,
1976-06-01 00:00:00,,,,,,
1976-06-02 00:00:00,,,,,,
1976-06-03 00:00:00,,,,,,
1976-06-04 00:00:00,,,,,,
1976-06-07 00:00:00,,,,,,
1976-06-08 00:00:00,,,,,,
1976-06-09 00:00:00,,,,,,
1976-06-10 00:00:00,,,,,,
1976-06-11 00:00:00,,,,,,
1976-06-14 00:00:00,,,,,,
1976-06-15 00:00:00,,,,,,
1976-06-16 00:00:00,,,,,,
1976-06-17 00:00:00,,,,,,
1976-06-18 00:00:00,,,,,,
1976-06-21 00:00:00,,,,,,
1976-06-22 00:00:00,,,,,,
1976-06-23 00:00:00,,,,,,
1976-06-24 00:00:00,,,,,,
1976-06-25 00:00:00,,,,,,
1976-06-28 00:00:00,,,,,,
1976-06-29 00:00:00,,,,,,
1976-06-30 00:00:00,,,,,,
1976-07-01 00:00:00,,,,,,
1976-07-02 00:00:00,,,,,,
1976-07-06 00:00:00,,,,,,
1976-07-07 00:00:00,,,,,,
1976-07-08 00:00:00,,,,,,
1976-07-09 00:00:00,,,,,,
1976-07-12 00:00:00,,,,,,
1976-07-13 00:00:00,,,,,,
1976-07-14 00:00:00,,,,,,
1976-07-15 00:00:00,,,,,,
1976-07-16 00:00:00,,,,,,
1976-07-19 00:00:00,,,,,,
1976-07-20 00:00:00,,,,,,
1976-07-21 00:00:00,,,,,,
1976-07-22 00:00:00,,,,,,
1976-07-23 00:00:00,,,,,,
1976-07-26 00:00:00,,,,,,
1976-07-27 00:00:00,,,,,,
1976-07-28 00:00:00,,,,,,
1976-07-29 00:00:00,,,,,,
1976-07-30 00:00:00,,,,,,
1976-08-02 00:00:00,,,,,,
1976-08-03 00:00:00,,,,,,
1976-08-04 00:00:00,,,,,,
1976-08-05 00:00:00,,,,,,
1976-08-06 00:00:00,,,,,,
1976-08-09 00:00:00,,,,,,
1976-08-10 00:00:00,,,,,,
1976-08-11 00:00:00,,,,,,
1976-08-12 00:00:00,,,,,,
1976-08-13 00:00:00,,,,,,
1976-08-16 00:00:00,,,,,,
1976-08-17 00:00:00,,,,,,
1976-08-18 00:00:00,,,,,,
1976-08-19 00:00:00,,,,,,
1976-08-20 00:00:00,,,,,,
1976-08-23 00:00:00,,,,,,
1976-08-24 00:00:00,,,,,,
1976-08-25 00:00:00,,,,,,
1976-08-26 00:00:00,,,,,,
1976-08-27 00:00:00,,,,,,
1976-08-30 00:00:00,,,,,,
1976-08-31 00:00:00,,,,,,
1976-09-01 00:00:00,,,,,,
1976-09-02 00:00:00,,,,,,
1976-09-03 00:00:00,,,,,,
1976-09-07 00:00:00,,,,,,
1976-09-08 00:00:00,,,,,,
1976-09-09 00:00:00,,,,,,
1976-09-10 00:00:00,,,,,,
1976-09-13 00:00:00,,,,,,
1976-09-14 00:00:00,,,,,,
1976-09-15 00:00:00,,,,,,
1976-09-16 00:00:00,,,,,,
1976-09-17 00:00:00,,,,,,
1976-09-20 00:00:00,,,,,,
1976-09-21 00:00:00,,,,,,
1976-09-22 00:00:00,,,,,,
1976-09-23 00:00:00,,,,,,
1976-09-24 00:00:00,,,,,,
1976-09-27 00:00:00,,,,,,
1976-09-28 00:00:00,,,,,,
1976-09-29 00:00:00,,,,,,
1976-09-30 00:00:00,,,,,,
1976-10-01 00:00:00,,,,,,
1976-10-04 00:00:00,,,,,,
1976-10-05 00:00:00,,,,,,
1976-10-06 00:00:00,,,,,,
1976-10-07 00:00:00,,,,,,
1976-10-08 00:00:00,,,,,,
1976-10-11 00:00:00,,,,,,
1976-10-12 00:00:00,,,,,,
1976-10-13 00:00:00,,,,,,
1976-10-14 00:00:00,,,,,,
1976-10-15 00:00:00,,,,,,
1976-10-18 00:00:00,,,,,,
1976-10-19 00:00:00,,,,,,
1976-10-20 00:00:00,,,,,,
1976-10-21 00:00:00,,,,,,
1976-10-22 00:00:00,,,,,,
1976-10-25 00:00:00,,,,,,
1976-10-26 00:00:00,,,,,,
1976-10-27 00:00:00,,,,,,
1976-10-28 00:00:00,,,,,,
1976-10-29 00:00:00,,,,,,
1976-11-01 00:00:00,,,,,,
1976-11-03 00:00:00,,,,,,
1976-11-04 00:00:00,,,,,,
1976-11-05 00:00:00,,,,,,
1976-11-08 00:00:00,,,,,,
1976-11-09 00:00:00,,,,,,
1976-11-10 00:00:00,,,,,,
1976-11-11 00:00:00,,,,,,
1976-11-12 00:00:00,,,,,,
1976-11-15 00:00:00,,,,,,
1976-11-16 00:00:00,,,,,,
1976-11-17 00:00:00,,,,,,
1976-11-18 00:00:00,,,,,,
1976-11-19 00:00:00,,,,,,
1976-11-22 00:00:00,,,,,,
1976-11-23 00:00:00,,,,,,
1976-11-24 00:00:00,,,,,,
1976-11-26 00:00:00,,,,,,
1976-11-29 00:00:00,,,,,,
1976-11-30 00:00:00,,,,,,
1976-12-01 00:00:00,,,,,,
1976-12-02 00:00:00,,,,,,
1976-12-03 00:00:00,,,,,,
1976-12-06 00:00:00,,,,,,
1976-12-07 00:00:00,,,,,,
1976-12-08 00:00:00,,,,,,
1976-12-09 00:00:00,,,,,,
1976-12-10 00:00:00,,,,,,
1976-12-13 00:00:00,,,,,,
1976-12-14 00:00:00,,,,,,
1976-12-15 00:00:00,,,,,,
1976-12-16 00:00:00,,,,,,
1976-12-17 00:00:00,,,,,,
1976-12-20 00:00:00,,,,,,
1976-12-21 00:00:00,,,,,,
1976-12-22 00:00:00,,,,,,
1976-12-23 00:00:00,,,,,,
1976-12-27 00:00:00,,,,,,
1976-12-28 00:00:00,,,,,,
1976-12-29 00:00:00,,,,,,
1976-12-30 00:00:00,,,,,,
1976-12-31 00:00:00,,,,,,
1977-01-03 00:00:00,,,,,,
1977-01-04 00:00:00,,,,,,
1977-01-05 00:00:00,,,,,,
1977-01-06 00:00:00,,,,,,
1977-01-07 00:00:00,,,,,,
1977-01-10 00:00:00,,,,,,
1977-01-11 00:00:00,,,,,,
1977-01-12 00:00:00,,,,,,
1977-01-13 00:00:00,,,,,,
1977-01-14 00:00:00,,,,,,
1977-01-17 00:00:00,,,,,,
1977-01-18 00:00:00,,,,,,
1977-01-19 00:00:00,,,,,,
1977-01-20 00:00:00,,,,,,
1977-01-21 00:00:00,,,,,,
1977-01-24 00:00:00,,,,,,
1977-01-25 00:00:00,,,,,,
1977-01-26 00:00:00,,,,,,
1977-01-27 00:00:00,,,,,,
1977-01-28 00:00:00,,,,,,
1977-01-31 00:00:00,,,,,,
1977-02-01 00:00:00,,,,,,
1977-02-02 00:00:00,,,,,,
1977-02-03 00:00:00,,,,,,
1977-02-04 00:00:00,,,,,,
1977-02-07 00:00:00,,,,,,
1977-02-08 00:00:00,,,,,,
1977-02-09 00:00:00,,,,,,
1977-02-10 00:00:00,,,,,,
1977-02-11 00:00:00,,,,,,
1977-02-14 00:00:00,,,,,,
1977-02-15 00:00:00,,,,,,
1977-02-16 00:00:00,,,,,,
1977-02-17 00:00:00,,,,,,
1977-02-18 00:00:00,,,,,,
1977-02-22 00:00:00,,,,,,
1977-02-23 00:00:00,,,,,,
1977-02-24 00:00:00,,,,,,
1977-02-25 00:00:00,,,,,,
1977-02-28 00:00:00,,,,,,
1977-03-01 00:00:00,,,,,,
1977-03-02 00:00:00,,,,,,
1977-03-03 00:00:00,,,,,,
1977-03-04 00:00:00,,,,,,
1977-03-07 00:00:00,,,,,,
1977-03-08 00:00:00,,,,,,
1977-03-09 00:00:00,,,,,,
1977-03-10 00:00:00,,,,,,
1977-03-11 00:00:00,,,,,,
1977-03-14 00:00:00,,,,,,
1977-03-15 00:00:00,,,,,,
1977-03-16 00:00:00,,,,,,
1977-03-17 00:00:00,,,,,,
1977-03-18 00:00:00,,,,,,
1977-03-21 00:00:00,,,,,,
1977-03-22 00:00:00,,,,,,
1977-03-23 00:00:00,,,,,,
1977-03-24 00:00:00,,,,,,
1977-03-25 00:00:00,,,,,,
1977-03-28 00:00:00,,,,,,
1977-03-29 00:00:00,,,,,,
1977-03-30 00:00:00,,,,,,
1977-03-31 00:00:00,,,,,,
1977-04-01 00:00:00,,,,,,
1977-04-04 00:00:00,,,,,,
1977-04-05 00:00:00,,,,,,
1977-04-06 00:00:00,,,,,,
1977-04-07 00:00:00,,,,,,
1977-04-11 00:00:00,,,,,,
1977-04-12 00:00:00,,,,,,
1977-04-13 00:00:00,,,,,,
1977-04-14 00:00:00,,,,,,
1977-04-15 00:00:00,,,,,,
1977-04-18 00:00:00,,,,,,
1977-04-19 00:00:00,,,,,,
1977-04-20 00:00:00,,,,,,
1977-04-21 00:00:00,,,,,,
1977-04-22 00:00:00,,,,,,
1977-04-25 00:00:00,,,,,,
1977-04-26 00:00:00,,,,,,
1977-04-27 00:00:00,,,,,,
1977-04-28 00:00:00,,,,,,
1977-04-29 00:00:00,,,,,,
1977-05-02 00:00:00,,,,,,
1977-05-03 00:00:00,,,,,,
1977-05-04 00:00:00,,,,,,
1977-05-05 00:00:00,,,,,,
1977-05-06 00:00:00,,,,,,
1977-05-09 00:00:00,,,,,,
1977-05-10 00:00:00,,,,,,
1977-05-11 00:00:00,,,,,,
1977-05-12 00:00:00,,,,,,
1977-05-13 00:00:00,,,,,,
1977-05-16 00:00:00,,,,,,
1977-05-17 00:00:00,,,,,,
1977-05-18 00:00:00,,,,,,
1977-05-19 00:00:00,,,,,,
1977-05-20 00:00:00,,,,,,
1977-05-23 00:00:00,,,,,,
1977-05-24 00:00:00,,,,,,
1977-05-25 00:00:00,,,,,,
1977-05-26 00:00:00,,,,,,
1977-05-27 00:00:00,,,,,,
1977-05-31 00:00:00,,,,,,
1977-06-01 00:00:00,,,,,,
1977-06-02 00:00:00,,,,,,
1977-06-03 00:00:00,,,,,,
1977-06-06 00:00:00,,,,,,
1977-06-07 00:00:00,,,,,,
1977-06-08 00:00:00,,,,,,
1977-06-09 00:00:00,,,,,,
1977-06-10 00:00:00,,,,,,
1977-06-13 00:00:00,,,,,,
1977-06-14 00:00:00,,,,,,
1977-06-15 00:00:00,,,,,,
1977-06-16 00:00:00,,,,,,
1977-06-17 00:00:00,,,,,,
1977-06-20 00:00:00,,,,,,
1977-06-21 00:00:00,,,,,,
1977-06-22 00:00:00,,,,,,
1977-06-23 00:00:00,,,,,,
1977-06-24 00:00:00,,,,,,
1977-06-27 00:00:00,,,,,,
1977-06-28 00:00:00,,,,,,
1977-06-29 00:00:00,,,,,,
1977-06-30 00:00:00,,,,,,
1977-07-01 00:00:00,,,,,,
1977-07-05 00:00:00,,,,,,
1977-07-06 00:00:00,,,,,,
1977-07-07 00:00:00,,,,,,
1977-07-08 00:00:00,,,,,,
1977-07-11 00:00:00,,,,,,
1977-07-12 00:00:00,,,,,,
1977-07-13 00:00:00,,,,,,
1977-07-15 00:00:00,,,,,,
1977-07-18 00:00:00,,,,,,
1977-07-19 00:00:00,,,,,,
1977-07-20 00:00:00,,,,,,
1977-07-21 00:00:00,,,,,,
1977-07-22 00:00:00,,,,,,
1977-07-25 00:00:00,,,,,,
1977-07-26 00:00:00,,,,,,
1977-07-27 00:00:00,,,,,,
1977-07-28 00:00:00,,,,,,
1977-07-29 00:00:00,,,,,,
1977-08-01 00:00:00,,,,,,
1977-08-02 00:00:00,,,,,,
1977-08-03 00:00:00,,,,,,
1977-08-04 00:00:00,,,,,,
1977-08-05 00:00:00,,,,,,
1977-08-08 00:00:00,,,,,,
1977-08-09 00:00:00,,,,,,
1977-08-10 00:00:00,,,,,,
1977-08-11 00:00:00,,,,,,
1977-08-12 00:00:00,,,,,,
1977-08-15 00:00:00,,,,,,
1977-08-16 00:00:00,,,,,,
1977-08-17 00:00:00,,,,,,
1977-08-18 00:00:00,,,,,,
1977-08-19 00:00:00,,,,,,
1977-08-22 00:00:00,,,,,,
1977-08-23 00:00:00,,,,,,
1977-08-24 00:00:00,,,,,,
1977-08-25 00:00:00,,,,,,
1977-08-26 00:00:00,,,,,,
1977-08-29 00:00:00,,,,,,
1977-08-30 00:00:00,,,,,,
1977-08-31 00:00:00,,,,,,
1977-09-01 00:00:00,,,,,,
1977-09-02 00:00:00,,,,,,
1977-09-06 00:00:00,,,,,,
1977-09-07 00:00:00,,,,,,
1977-09-08 00:00:00,,,,,,
1977-09-09 00:00:00,,,,,,
1977-09-12 00:00:00,,,,,,
1977-09-13 00:00:00,,,,,,
1977-09-14 00:00:00,,,,,,
1977-09-15 00:00:00,,,,,,
1977-09-16 00:00:00,,,,,,
1977-09-19 00:00:00,,,,,,
1977-09-20 00:00:00,,,,,,
1977-09-21 00:00:00,,,,,,
1977-09-22 00:00:00,,,,,,
1977-09-23 00:00:00,,,,,,
1977-09-26 00:00:00,,,,,,
1977-09-27 00:00:00,,,,,,
1977-09-28 00:00:00,,,,,,
1977-09-29 00:00:00,,,,,,
1977-09-30 00:00:00,,,,,,
1977-10-03 00:00:00,,,,,,
1977-10-04 00:00:00,,,,,,
1977-10-05 00:00:00,,,,,,
1977-10-06 00:00:00,,,,,,
1977-10-07 00:00:00,,,,,,
1977-10-10 00:00:00,,,,,,
1977-10-11 00:00:00,,,,,,
1977-10-12 00:00:00,,,,,,
1977-10-13 00:00:00,,,,,,
1977-10-14 00:00:00,,,,,,
1977-10-17 00:00:00,,,,,,
1977-10-18 00:00:00,,,,,,
1977-10-19 00:00:00,,,,,,
1977-10-20 00:00:00,,,,,,
1977-10-21 00:00:00,,,,,,
1977-10-24 00:00:00,,,,,,
1977-10-25 00:00:00,,,,,,
1977-10-26 00:00:00,,,,,,
1977-10-27 00:00:00,,,,,,
1977-10-28 00:00:00,,,,,,
1977-10-31 00:00:00,,,,,,
1977-11-01 00:00:00,,,,,,
1977-11-02 00:00:00,,,,,,
1977-11-03 00:00:00,,,,,,
1977-11-04 00:00:00,,,,,,
1977-11-07 00:00:00,,,,,,
1977-11-08 00:00:00,,,,,,
1977-11-09 00:00:00,,,,,,
1977-11-10 00:00:00,,,,,,
1977-11-11 00:00:00,,,,,,
1977-11-14 00:00:00,,,,,,
1977-11-15 00:00:00,,,,,,
1977-11-16 00:00:00,,,,,,
1977-11-17 00:00:00,,,,,,
1977-11-18 00:00:00,,,,,,
1977-11-21 00:00:00,,,,,,
1977-11-22 00:00:00,,,,,,
1977-11-23 00:00:00,,,,,,
1977-11-25 00:00:00,,,,,,
1977-11-28 00:00:00,,,,,,
1977-11-29 00:00:00,,,,,,
1977-11-30 00:00:00,,,,,,
1977-12-01 00:00:00,,,,,,
1977-12-02 00:00:00,,,,,,
1977-12-05 00:00:00,,,,,,
1977-12-06 00:00:00,,,,,,
1977-12-07 00:00:00,,,,,,
1977-12-08 00:00:00,,,,,,
1977-12-09 00:00:00,,,,,,
1977-12-12 00:00:00,,,,,,
1977-12-13 00:00:00,,,,,,
1977-12-14 00:00:00,,,,,,
1977-12-15 00:00:00,,,,,,
1977-12-16 00:00:00,,,,,,
1977-12-19 00:00:00,,,,,,
1977-12-20 00:00:00,,,,,,
1977-12-21 00:00:00,,,,,,
1977-12-22 00:00:00,,,,,,
1977-12-23 00:00:00,,,,,,
1977-12-27 00:00:00,,,,,,
1977-12-28 00:00:00,,,,,,
1977-12-29 00:00:00,,,,,,
1977-12-30 00:00:00,,,,,,
1978-01-03 00:00:00,,,,,,
1978-01-04 00:00:00,,,,,,
1978-01-05 00:00:00,,,,,,
1978-01-06 00:00:00,,,,,,
1978-01-09 00:00:00,,,,,,
1978-01-10 00:00:00,,,,,,
1978-01-11 00:00:00,,,,,,
1978-01-12 00:00:00,,,,,,
1978-01-13 00:00:00,,,,,,
1978-01-16 00:00:00,,,,,,
1978-01-17 00:00:00,,,,,,
1978-01-18 00:00:00,,,,,,
1978-01-19 00:00:00,,,,,,
1978-01-20 00:00:00,,,,,,
1978-01-23 00:00:00,,,,,,
1978-01-24 00:00:00,,,,,,
1978-01-25 00:00:00,,,,,,
1978-01-26 00:00:00,,,,,,
1978-01-27 00:00:00,,,,,,
1978-01-30 00:00:00,,,,,,
1978-01-31 00:00:00,,,,,,
1978-02-01 00:00:00,,,,,,
1978-02-02 00:00:00,,,,,,
1978-02-03 00:00:00,,,,,,
1978-02-06 00:00:00,,,,,,
1978-02-07 00:00:00,,,,,,
1978-02-08 00:00:00,,,,,,
1978-02-09 00:00:00,,,,,,
1978-02-10 00:00:00,,,,,,
1978-02-13 00:00:00,,,,,,
1978-02-14 00:00:00,,,,,,
1978-02-15 00:00:00,,,,,,
1978-02-16 00:00:00,,,,,,
1978-02-17 00:00:00,,,,,,
1978-02-21 00:00:00,,,,,,
1978-02-22 00:00:00,,,,,,
1978-02-23 00:00:00,,,,,,
1978-02-24 00:00:00,,,,,,
1978-02-27 00:00:00,,,,,,
1978-02-28 00:00:00,,,,,,
1978-03-01 00:00:00,,,,,,
1978-03-02 00:00:00,,,,,,
1978-03-03 00:00:00,,,,,,
1978-03-06 00:00:00,,,,,,
1978-03-07 00:00:00,,,,,,
1978-03-08 00:00:00,,,,,,
1978-03-09 00:00:00,,,,,,
1978-03-10 00:00:00,,,,,,
1978-03-13 00:00:00,,,,,,
1978-03-14 00:00:00,,,,,,
1978-03-15 00:00:00,,,,,,
1978-03-16 00:00:00,,,,,,
1978-03-17 00:00:00,,,,,,
1978-03-20 00:00:00,,,,,,
1978-03-21 00:00:00,,,,,,
1978-03-22 00:00:00,,,,,,
1978-03-23 00:00:00,,,,,,
1978-03-27 00:00:00,,,,,,
1978-03-28 00:00:00,,,,,,
1978-03-29 00:00:00,,,,,,
1978-03-30 00:00:00,,,,,,
1978-03-31 00:00:00,,,,,,
1978-04-03 00:00:00,,,,,,
1978-04-04 00:00:00,,,,,,
1978-04-05 00:00:00,,,,,,
1978-04-06 00:00:00,,,,,,
1978-04-07 00:00:00,,,,,,
1978-04-10 00:00:00,,,,,,
1978-04-11 00:00:00,,,,,,
1978-04-12 00:00:00,,,,,,
1978-04-13 00:00:00,,,,,,
1978-04-14 00:00:00,,,,,,
1978-04-17 00:00:00,,,,,,
1978-04-18 00:00:00,,,,,,
1978-04-19 00:00:00,,,,,,
1978-04-20 00:00:00,,,,,,
1978-04-21 00:00:00,,,,,,
1978-04-24 00:00:00,,,,,,
1978-04-25 00:00:00,,,,,,
1978-04-26 00:00:00,,,,,,
1978-04-27 00:00:00,,,,,,
1978-04-28 00:00:00,,,,,,
1978-05-01 00:00:00,,,,,,
1978-05-02 00:00:00,,,,,,
1978-05-03 00:00:00,,,,,,
1978-05-04 00:00:00,,,,,,
1978-05-05 00:00:00,,,,,,
1978-05-08 00:00:00,,,,,,
1978-05-09 00:00:00,,,,,,
1978-05-10 00:00:00,,,,,,
1978-05-11 00:00:00,,,,,,
1978-05-12 00:00:00,,,,,,
1978-05-15 00:00:00,,,,,,
1978-05-16 00:00:00,,,,,,
1978-05-17 00:00:00,,,,,,
1978-05-18 00:00:00,,,,,,
1978-05-19 00:00:00,,,,,,
1978-05-22 00:00:00,,,,,,
1978-05-23 00:00:00,,,,,,
1978-05-24 00:00:00,,,,,,
1978-05-25 00:00:00,,,,,,
1978-05-26 00:00:00,,,,,,
1978-05-30 00:00:00,,,,,,
1978-05-31 00:00:00,,,,,,
1978-06-01 00:00:00,,,,,,
1978-06-02 00:00:00,,,,,,
1978-06-05 00:00:00,,,,,,
1978-06-06 00:00:00,,,,,,
1978-06-07 00:00:00,,,,,,
1978-06-08 00:00:00,,,,,,
1978-06-09 00:00:00,,,,,,
1978-06-12 00:00:00,,,,,,
1978-06-13 00:00:00,,,,,,
1978-06-14 00:00:00,,,,,,
1978-06-15 00:00:00,,,,,,
1978-06-16 00:00:00,,,,,,
1978-06-19 00:00:00,,,,,,
1978-06-20 00:00:00,,,,,,
1978-06-21 00:00:00,,,,,,
1978-06-22 00:00:00,,,,,,
1978-06-23 00:00:00,,,,,,
1978-06-26 00:00:00,,,,,,
1978-06-27 00:00:00,,,,,,
1978-06-28 00:00:00,,,,,,
1978-06-29 00:00:00,,,,,,
1978-06-30 00:00:00,,,,,,
1978-07-03 00:00:00,,,,,,
1978-07-05 00:00:00,,,,,,
1978-07-06 00:00:00,,,,,,
1978-07-07 00:00:00,,,,,,
1978-07-10 00:00:00,,,,,,
1978-07-11 00:00:00,,,,,,
1978-07-12 00:00:00,,,,,,
1978-07-13 00:00:00,,,,,,
1978-07-14 00:00:00,,,,,,
1978-07-17 00:00:00,,,,,,
1978-07-18 00:00:00,,,,,,
1978-07-19 00:00:00,,,,,,
1978-07-20 00:00:00,,,,,,
1978-07-21 00:00:00,,,,,,
1978-07-24 00:00:00,,,,,,
1978-07-25 00:00:00,,,,,,
1978-07-26 00:00:00,,,,,,
1978-07-27 00:00:00,,,,,,
1978-07-28 00:00:00,,,,,,
1978-07-31 00:00:00,,,,,,
1978-08-01 00:00:00,,,,,,
1978-08-02 00:00:00,,,,,,
1978-08-03 00:00:00,,,,,,
1978-08-04 00:00:00,,,,,,
1978-08-07 00:00:00,,,,,,
1978-08-08 00:00:00,,,,,,
1978-08-09 00:00:00,,,,,,
1978-08-10 00:00:00,,,,,,
1978-08-11 00:00:00,,,,,,
1978-08-14 00:00:00,,,,,,
1978-08-15 00:00:00,,,,,,
1978-08-16 00:00:00,,,,,,
1978-08-17 00:00:00,,,,,,
1978-08-18 00:00:00,,,,,,
1978-08-21 00:00:00,,,,,,
1978-08-22 00:00:00,,,,,,
1978-08-23 00:00:00,,,,,,
1978-08-24 00:00:00,,,,,,
1978-08-25 00:00:00,,,,,,
1978-08-28 00:00:00,,,,,,
1978-08-29 00:00:00,,,,,,
1978-08-30 00:00:00,,,,,,
1978-08-31 00:00:00,,,,,,
1978-09-01 00:00:00,,,,,,
1978-09-05 00:00:00,,,,,,
1978-09-06 00:00:00,,,,,,
1978-09-07 00:00:00,,,,,,
1978-09-08 00:00:00,,,,,,
1978-09-11 00:00:00,,,,,,
1978-09-12 00:00:00,,,,,,
1978-09-13 00:00:00,,,,,,
1978-09-14 00:00:00,,,,,,
1978-09-15 00:00:00,,,,,,
1978-09-18 00:00:00,,,,,,
1978-09-19 00:00:00,,,,,,
1978-09-20 00:00:00,,,,,,
1978-09-21 00:00:00,,,,,,
1978-09-22 00:00:00,,,,,,
1978-09-25 00:00:00,,,,,,
1978-09-26 00:00:00,,,,,,
1978-09-27 00:00:00,,,,,,
1978-09-28 00:00:00,,,,,,
1978-09-29 00:00:00,,,,,,
1978-10-02 00:00:00,,,,,,
1978-10-03 00:00:00,,,,,,
1978-10-04 00:00:00,,,,,,
1978-10-05 00:00:00,,,,,,
1978-10-06 00:00:00,,,,,,
1978-10-09 00:00:00,,,,,,
1978-10-10 00:00:00,,,,,,
1978-10-11 00:00:00,,,,,,
1978-10-12 00:00:00,,,,,,
1978-10-13 00:00:00,,,,,,
1978-10-16 00:00:00,,,,,,
1978-10-17 00:00:00,,,,,,
1978-10-18 00:00:00,,,,,,
1978-10-19 00:00:00,,,,,,
1978-10-20 00:00:00,,,,,,
1978-10-23 00:00:00,,,,,,
1978-10-24 00:00:00,,,,,,
1978-10-25 00:00:00,,,,,,
1978-10-26 00:00:00,,,,,,
1978-10-27 00:00:00,,,,,,
1978-10-30 00:00:00,,,,,,
1978-10-31 00:00:00,,,,,,
1978-11-01 00:00:00,,,,,,
1978-11-02 00:00:00,,,,,,
1978-11-03 00:00:00,,,,,,
1978-11-06 00:00:00,,,,,,
1978-11-07 00:00:00,,,,,,
1978-11-08 00:00:00,,,,,,
1978-11-09 00:00:00,,,,,,
1978-11-10 00:00:00,,,,,,
1978-11-13 00:00:00,,,,,,
1978-11-14 00:00:00,,,,,,
1978-11-15 00:00:00,,,,,,
1978-11-16 00:00:00,,,,,,
1978-11-17 00:00:00,,,,,,
1978-11-20 00:00:00,,,,,,
1978-11-21 00:00:00,,,,,,
1978-11-22 00:00:00,,,,,,
1978-11-24 00:00:00,,,,,,
1978-11-27 00:00:00,,,,,,
1978-11-28 00:00:00,,,,,,
1978-11-29 00:00:00,,,,,,
1978-11-30 00:00:00,,,,,,
1978-12-01 00:00:00,,,,,,
1978-12-04 00:00:00,,,,,,
1978-12-05 00:00:00,,,,,,
1978-12-06 00:00:00,,,,,,
1978-12-07 00:00:00,,,,,,
1978-12-08 00:00:00,,,,,,
1978-12-11 00:00:00,,,,,,
1978-12-12 00:00:00,,,,,,
1978-12-13 00:00:00,,,,,,
1978-12-14 00:00:00,,,,,,
1978-12-15 00:00:00,,,,,,
1978-12-18 00:00:00,,,,,,
1978-12-19 00:00:00,,,,,,
1978-12-20 00:00:00,,,,,,
1978-12-21 00:00:00,,,,,,
1978-12-22 00:00:00,,,,,,
1978-12-26 00:00:00,,,,,,
1978-12-27 00:00:00,,,,,,
1978-12-28 00:00:00,,,,,,
1978-12-29 00:00:00,,,,,,
1979-01-02 00:00:00,,,,,,
1979-01-03 00:00:00,,,,,,
1979-01-04 00:00:00,,,,,,
1979-01-05 00:00:00,,,,,,
1979-01-08 00:00:00,,,,,,
1979-01-09 00:00:00,,,,,,
1979-01-10 00:00:00,,,,,,
1979-01-11 00:00:00,,,,,,
1979-01-12 00:00:00,,,,,,
1979-01-15 00:00:00,,,,,,
1979-01-16 00:00:00,,,,,,
1979-01-17 00:00:00,,,,,,
1979-01-18 00:00:00,,,,,,
1979-01-19 00:00:00,,,,,,
1979-01-22 00:00:00,,,,,,
1979-01-23 00:00:00,,,,,,
1979-01-24 00:00:00,,,,,,
1979-01-25 00:00:00,,,,,,
1979-01-26 00:00:00,,,,,,
1979-01-29 00:00:00,,,,,,
1979-01-30 00:00:00,,,,,,
1979-01-31 00:00:00,,,,,,
1979-02-01 00:00:00,,,,,,
1979-02-02 00:00:00,,,,,,
1979-02-05 00:00:00,,,,,,
1979-02-06 00:00:00,,,,,,
1979-02-07 00:00:00,,,,,,
1979-02-08 00:00:00,,,,,,
1979-02-09 00:00:00,,,,,,
1979-02-12 00:00:00,,,,,,
1979-02-13 00:00:00,,,,,,
1979-02-14 00:00:00,,,,,,
1979-02-15 00:00:00,,,,,,
1979-02-16 00:00:00,,,,,,
1979-02-20 00:00:00,,,,,,
1979-02-21 00:00:00,,,,,,
1979-02-22 00:00:00,,,,,,
1979-02-23 00:00:00,,,,,,
1979-02-26 00:00:00,,,,,,
1979-02-27 00:00:00,,,,,,
1979-02-28 00:00:00,,,,,,
1979-03-01 00:00:00,,,,,,
1979-03-02 00:00:00,,,,,,
1979-03-05 00:00:00,,,,,,
1979-03-06 00:00:00,,,,,,
1979-03-07 00:00:00,,,,,,
1979-03-08 00:00:00,,,,,,
1979-03-09 00:00:00,,,,,,
1979-03-12 00:00:00,,,,,,
1979-03-13 00:00:00,,,,,,
1979-03-14 00:00:00,,,,,,
1979-03-15 00:00:00,,,,,,
1979-03-16 00:00:00,,,,,,
1979-03-19 00:00:00,,,,,,
1979-03-20 00:00:00,,,,,,
1979-03-21 00:00:00,,,,,,
1979-03-22 00:00:00,,,,,,
1979-03-23 00:00:00,,,,,,
1979-03-26 00:00:00,,,,,,
1979-03-27 00:00:00,,,,,,
1979-03-28 00:00:00,,,,,,
1979-03-29 00:00:00,,,,,,
1979-03-30 00:00:00,,,,,,
1979-04-02 00:00:00,,,,,,
1979-04-03 00:00:00,,,,,,
1979-04-04 00:00:00,,,,,,
1979-04-05 00:00:00,,,,,,
1979-04-06 00:00:00,,,,,,
1979-04-09 00:00:00,,,,,,
1979-04-10 00:00:00,,,,,,
1979-04-11 00:00:00,,,,,,
1979-04-12 00:00:00,,,,,,
1979-04-16 00:00:00,,,,,,
1979-04-17 00:00:00,,,,,,
1979-04-18 00:00:00,,,,,,
1979-04-19 00:00:00,,,,,,
1979-04-20 00:00:00,,,,,,
1979-04-23 00:00:00,,,,,,
1979-04-24 00:00:00,,,,,,
1979-04-25 00:00:00,,,,,,
1979-04-26 00:00:00,,,,,,
1979-04-27 00:00:00,,,,,,
1979-04-30 00:00:00,,,,,,
1979-05-01 00:00:00,,,,,,
1979-05-02 00:00:00,,,,,,
1979-05-03 00:00:00,,,,,,
1979-05-04 00:00:00,,,,,,
1979-05-07 00:00:00,,,,,,
1979-05-08 00:00:00,,,,,,
1979-05-09 00:00:00,,,,,,
1979-05-10 00:00:00,,,,,,
1979-05-11 00:00:00,,,,,,
1979-05-14 00:00:00,,,,,,
1979-05-15 00:00:00,,,,,,
1979-05-16 00:00:00,,,,,,
1979-05-17 00:00:00,,,,,,
1979-05-18 00:00:00,,,,,,
1979-05-21 00:00:00,,,,,,
1979-05-22 00:00:00,,,,,,
1979-05-23 00:00:00,,,,,,
1979-05-24 00:00:00,,,,,,
1979-05-25 00:00:00,,,,,,
1979-05-29 00:00:00,,,,,,
1979-05-30 00:00:00,,,,,,
1979-05-31 00:00:00,,,,,,
1979-06-01 00:00:00,,,,,,
1979-06-04 00:00:00,,,,,,
1979-06-05 00:00:00,,,,,,
1979-06-06 00:00:00,,,,,,
1979-06-07 00:00:00,,,,,,
1979-06-08 00:00:00,,,,,,
1979-06-11 00:00:00,,,,,,
1979-06-12 00:00:00,,,,,,
1979-06-13 00:00:00,,,,,,
1979-06-14 00:00:00,,,,,,
1979-06-15 00:00:00,,,,,,
1979-06-18 00:00:00,,,,,,
1979-06-19 00:00:00,,,,,,
1979-06-20 00:00:00,,,,,,
1979-06-21 00:00:00,,,,,,
1979-06-22 00:00:00,,,,,,
1979-06-25 00:00:00,,,,,,
1979-06-26 00:00:00,,,,,,
1979-06-27 00:00:00,,,,,,
1979-06-28 00:00:00,,,,,,
1979-06-29 00:00:00,,,,,,
1979-07-02 00:00:00,,,,,,
1979-07-03 00:00:00,,,,,,
1979-07-05 00:00:00,,,,,,
1979-07-06 00:00:00,,,,,,
1979-07-09 00:00:00,,,,,,
1979-07-10 00:00:00,,,,,,
1979-07-11 00:00:00,,,,,,
1979-07-12 00:00:00,,,,,,
1979-07-13 00:00:00,,,,,,
1979-07-16 00:00:00,,,,,,
1979-07-17 00:00:00,,,,,,
1979-07-18 00:00:00,,,,,,
1979-07-19 00:00:00,,,,,,
1979-07-20 00:00:00,,,,,,
1979-07-23 00:00:00,,,,,,
1979-07-24 00:00:00,,,,,,
1979-07-25 00:00:00,,,,,,
1979-07-26 00:00:00,,,,,,
1979-07-27 00:00:00,,,,,,
1979-07-30 00:00:00,,,,,,
1979-07-31 00:00:00,,,,,,
1979-08-01 00:00:00,,,,,,
1979-08-02 00:00:00,,,,,,
1979-08-03 00:00:00,,,,,,
1979-08-06 00:00:00,,,,,,
1979-08-07 00:00:00,,,,,,
1979-08-08 00:00:00,,,,,,
1979-08-09 00:00:00,,,,,,
1979-08-10 00:00:00,,,,,,
1979-08-13 00:00:00,,,,,,
1979-08-14 00:00:00,,,,,,
1979-08-15 00:00:00,,,,,,
1979-08-16 00:00:00,,,,,,
1979-08-17 00:00:00,,,,,,
1979-08-20 00:00:00,,,,,,
1979-08-21 00:00:00,,,,,,
1979-08-22 00:00:00,,,,,,
1979-08-23 00:00:00,,,,,,
1979-08-24 00:00:00,,,,,,
1979-08-27 00:00:00,,,,,,
1979-08-28 00:00:00,,,,,,
1979-08-29 00:00:00,,,,,,
1979-08-30 00:00:00,,,,,,
1979-08-31 00:00:00,,,,,,
1979-09-04 00:00:00,,,,,,
1979-09-05 00:00:00,,,,,,
1979-09-06 00:00:00,,,,,,
1979-09-07 00:00:00,,,,,,
1979-09-10 00:00:00,,,,,,
1979-09-11 00:00:00,,,,,,
1979-09-12 00:00:00,,,,,,
1979-09-13 00:00:00,,,,,,
1979-09-14 00:00:00,,,,,,
1979-09-17 00:00:00,,,,,,
1979-09-18 00:00:00,,,,,,
1979-09-19 00:00:00,,,,,,
1979-09-20 00:00:00,,,,,,
1979-09-21 00:00:00,,,,,,
1979-09-24 00:00:00,,,,,,
1979-09-25 00:00:00,,,,,,
1979-09-26 00:00:00,,,,,,
1979-09-27 00:00:00,,,,,,
1979-09-28 00:00:00,,,,,,
1979-10-01 00:00:00,,,,,,
1979-10-02 00:00:00,,,,,,
1979-10-03 00:00:00,,,,,,
1979-10-04 00:00:00,,,,,,
1979-10-05 00:00:00,,,,,,
1979-10-08 00:00:00,,,,,,
1979-10-09 00:00:00,,,,,,
1979-10-10 00:00:00,,,,,,
1979-10-11 00:00:00,,,,,,
1979-10-12 00:00:00,,,,,,
1979-10-15 00:00:00,,,,,,
1979-10-16 00:00:00,,,,,,
1979-10-17 00:00:00,,,,,,
1979-10-18 00:00:00,,,,,,
1979-10-19 00:00:00,,,,,,
1979-10-22 00:00:00,,,,,,
1979-10-23 00:00:00,,,,,,
1979-10-24 00:00:00,,,,,,
1979-10-25 00:00:00,,,,,,
1979-10-26 00:00:00,,,,,,
1979-10-29 00:00:00,,,,,,
1979-10-30 00:00:00,,,,,,
1979-10-31 00:00:00,,,,,,
1979-11-01 00:00:00,,,,,,
1979-11-02 00:00:00,,,,,,
1979-11-05 00:00:00,,,,,,
1979-11-06 00:00:00,,,,,,
1979-11-07 00:00:00,,,,,,
1979-11-08 00:00:00,,,,,,
1979-11-09 00:00:00,,,,,,
1979-11-12 00:00:00,,,,,,
1979-11-13 00:00:00,,,,,,
1979-11-14 00:00:00,,,,,,
1979-11-15 00:00:00,,,,,,
1979-11-16 00:00:00,,,,,,
1979-11-19 00:00:00,,,,,,
1979-11-20 00:00:00,,,,,,
1979-11-21 00:00:00,,,,,,
1979-11-23 00:00:00,,,,,,
1979-11-26 00:00:00,,,,,,
1979-11-27 00:00:00,,,,,,
1979-11-28 00:00:00,,,,,,
1979-11-29 00:00:00,,,,,,
1979-11-30 00:00:00,,,,,,
1979-12-03 00:00:00,,,,,,
1979-12-04 00:00:00,,,,,,
1979-12-05 00:00:00,,,,,,
1979-12-06 00:00:00,,,,,,
1979-12-07 00:00:00,,,,,,
1979-12-10 00:00:00,,,,,,
1979-12-11 00:00:00,,,,,,
1979-12-12 00:00:00,,,,,,
1979-12-13 00:00:00,,,,,,
1979-12-14 00:00:00,,,,,,
1979-12-17 00:00:00,,,,,,
1979-12-18 00:00:00,,,,,,
1979-12-19 00:00:00,,,,,,
1979-12-20 00:00:00,,,,,,
1979-12-21 00:00:00,,,,,,
1979-12-24 00:00:00,,,,,,
1979-12-26 00:00:00,,,,,,
1979-12-27 00:00:00,,,,,,
1979-12-28 00:00:00,,,,,,
1979-12-31 00:00:00,,,,,,
1980-01-02 00:00:00,,,,,,
1980-01-03 00:00:00,,,,,,
1980-01-04 00:00:00,,,,,,
1980-01-07 00:00:00,,,,,,
1980-01-08 00:00:00,,,,,,
1980-01-09 00:00:00,,,,,,
1980-01-10 00:00:00,,,,,,
1980-01-11 00:00:00,,,,,,
1980-01-14 00:00:00,,,,,,
1980-01-15 00:00:00,,,,,,
1980-01-16 00:00:00,,,,,,
1980-01-17 00:00:00,,,,,,
1980-01-18 00:00:00,,,,,,
1980-01-21 00:00:00,,,,,,
1980-01-22 00:00:00,,,,,,
1980-01-23 00:00:00,,,,,,
1980-01-24 00:00:00,,,,,,
1980-01-25 00:00:00,,,,,,
1980-01-28 00:00:00,,,,,,
1980-01-29 00:00:00,,,,,,
1980-01-30 00:00:00,,,,,,
1980-01-31 00:00:00,,,,,,
1980-02-01 00:00:00,,,,,,
1980-02-04 00:00:00,,,,,,
1980-02-05 00:00:00,,,,,,
1980-02-06 00:00:00,,,,,,
1980-02-07 00:00:00,,,,,,
1980-02-08 00:00:00,,,,,,
1980-02-11 00:00:00,,,,,,
1980-02-12 00:00:00,,,,,,
1980-02-13 00:00:00,,,,,,
1980-02-14 00:00:00,,,,,,
1980-02-15 00:00:00,,,,,,
1980-02-19 00:00:00,,,,,,
1980-02-20 00:00:00,,,,,,
1980-02-21 00:00:00,,,,,,
1980-02-22 00:00:00,,,,,,
1980-02-25 00:00:00,,,,,,
1980-02-26 00:00:00,,,,,,
1980-02-27 00:00:00,,,,,,
1980-02-28 00:00:00,,,,,,
1980-02-29 00:00:00,,,,,,
1980-03-03 00:00:00,,,,,,
1980-03-04 00:00:00,,,,,,
1980-03-05 00:00:00,,,,,,
1980-03-06 00:00:00,,,,,,
1980-03-07 00:00:00,,,,,,
1980-03-10 00:00:00,,,,,,
1980-03-11 00:00:00,,,,,,
1980-03-12 00:00:00,,,,,,
1980-03-13 00:00:00,,,,,,
1980-03-14 00:00:00,,,,,,
1980-03-17 00:00:00,,,,,,
1980-03-18 00:00:00,,,,,,
1980-03-19 00:00:00,,,,,,
1980-03-20 00:00:00,,,,,,
1980-03-21 00:00:00,,,,,,
1980-03-24 00:00:00,,,,,,
1980-03-25 00:00:00,,,,,,
1980-03-26 00:00:00,,,,,,
1980-03-27 00:00:00,,,,,,
1980-03-28 00:00:00,,,,,,
1980-03-31 00:00:00,,,,,,
1980-04-01 00:00:00,,,,,,
1980-04-02 00:00:00,,,,,,
1980-04-03 00:00:00,,,,,,
1980-04-07 00:00:00,,,,,,
1980-04-08 00:00:00,,,,,,
1980-04-09 00:00:00,,,,,,
1980-04-10 00:00:00,,,,,,
1980-04-11 00:00:00,,,,,,
1980-04-14 00:00:00,,,,,,
1980-04-15 00:00:00,,,,,,
1980-04-16 00:00:00,,,,,,
1980-04-17 00:00:00,,,,,,
1980-04-18 00:00:00,,,,,,
1980-04-21 00:00:00,,,,,,
1980-04-22 00:00:00,,,,,,
1980-04-23 00:00:00,,,,,,
1980-04-24 00:00:00,,,,,,
1980-04-25 00:00:00,,,,,,
1980-04-28 00:00:00,,,,,,
1980-04-29 00:00:00,,,,,,
1980-04-30 00:00:00,,,,,,
1980-05-01 00:00:00,,,,,,
1980-05-02 00:00:00,,,,,,
1980-05-05 00:00:00,,,,,,
1980-05-06 00:00:00,,,,,,
1980-05-07 00:00:00,,,,,,
1980-05-08 00:00:00,,,,,,
1980-05-09 00:00:00,,,,,,
1980-05-12 00:00:00,,,,,,
1980-05-13 00:00:00,,,,,,
1980-05-14 00:00:00,,,,,,
1980-05-15 00:00:00,,,,,,
1980-05-16 00:00:00,,,,,,
1980-05-19 00:00:00,,,,,,
1980-05-20 00:00:00,,,,,,
1980-05-21 00:00:00,,,,,,
1980-05-22 00:00:00,,,,,,
1980-05-23 00:00:00,,,,,,
1980-05-27 00:00:00,,,,,,
1980-05-28 00:00:00,,,,,,
1980-05-29 00:00:00,,,,,,
1980-05-30 00:00:00,,,,,,
1980-06-02 00:00:00,,,,,,
1980-06-03 00:00:00,,,,,,
1980-06-04 00:00:00,,,,,,
1980-06-05 00:00:00,,,,,,
1980-06-06 00:00:00,,,,,,
1980-06-09 00:00:00,,,,,,
1980-06-10 00:00:00,,,,,,
1980-06-11 00:00:00,,,,,,
1980-06-12 00:00:00,,,,,,
1980-06-13 00:00:00,,,,,,
1980-06-16 00:00:00,,,,,,
1980-06-17 00:00:00,,,,,,
1980-06-18 00:00:00,,,,,,
1980-06-19 00:00:00,,,,,,
1980-06-20 00:00:00,,,,,,
1980-06-23 00:00:00,,,,,,
1980-06-24 00:00:00,,,,,,
1980-06-25 00:00:00,,,,,,
1980-06-26 00:00:00,,,,,,
1980-06-27 00:00:00,,,,,,
1980-06-30 00:00:00,,,,,,
1980-07-01 00:00:00,,,,,,
1980-07-02 00:00:00,,,,,,
1980-07-03 00:00:00,,,,,,
1980-07-07 00:00:00,,,,,,
1980-07-08 00:00:00,,,,,,
1980-07-09 00:00:00,,,,,,
1980-07-10 00:00:00,,,,,,
1980-07-11 00:00:00,,,,,,
1980-07-14 00:00:00,,,,,,
1980-07-15 00:00:00,,,,,,
1980-07-16 00:00:00,,,,,,
1980-07-17 00:00:00,,,,,,
1980-07-18 00:00:00,,,,,,
1980-07-21 00:00:00,,,,,,
1980-07-22 00:00:00,,,,,,
1980-07-23 00:00:00,,,,,,
1980-07-24 00:00:00,,,,,,
1980-07-25 00:00:00,,,,,,
1980-07-28 00:00:00,,,,,,
1980-07-29 00:00:00,,,,,,
1980-07-30 00:00:00,,,,,,
1980-07-31 00:00:00,,,,,,
1980-08-01 00:00:00,,,,,,
1980-08-04 00:00:00,,,,,,
1980-08-05 00:00:00,,,,,,
1980-08-06 00:00:00,,,,,,
1980-08-07 00:00:00,,,,,,
1980-08-08 00:00:00,,,,,,
1980-08-11 00:00:00,,,,,,
1980-08-12 00:00:00,,,,,,
1980-08-13 00:00:00,,,,,,
1980-08-14 00:00:00,,,,,,
1980-08-15 00:00:00,,,,,,
1980-08-18 00:00:00,,,,,,
1980-08-19 00:00:00,,,,,,
1980-08-20 00:00:00,,,,,,
1980-08-21 00:00:00,,,,,,
1980-08-22 00:00:00,,,,,,
1980-08-25 00:00:00,,,,,,
1980-08-26 00:00:00,,,,,,
1980-08-27 00:00:00,,,,,,
1980-08-28 00:00:00,,,,,,
1980-08-29 00:00:00,,,,,,
1980-09-02 00:00:00,,,,,,
1980-09-03 00:00:00,,,,,,
1980-09-04 00:00:00,,,,,,
1980-09-05 00:00:00,,,,,,
1980-09-08 00:00:00,,,,,,
1980-09-09 00:00:00,,,,,,
1980-09-10 00:00:00,,,,,,
1980-09-11 00:00:00,,,,,,
1980-09-12 00:00:00,,,,,,
1980-09-15 00:00:00,,,,,,
1980-09-16 00:00:00,,,,,,
1980-09-17 00:00:00,,,,,,
1980-09-18 00:00:00,,,,,,
1980-09-19 00:00:00,,,,,,
1980-09-22 00:00:00,,,,,,
1980-09-23 00:00:00,,,,,,
1980-09-24 00:00:00,,,,,,
1980-09-25 00:00:00,,,,,,
1980-09-26 00:00:00,,,,,,
1980-09-29 00:00:00,,,,,,
1980-09-30 00:00:00,,,,,,
1980-10-01 00:00:00,,,,,,
1980-10-02 00:00:00,,,,,,
1980-10-03 00:00:00,,,,,,
1980-10-06 00:00:00,,,,,,
1980-10-07 00:00:00,,,,,,
1980-10-08 00:00:00,,,,,,
1980-10-09 00:00:00,,,,,,
1980-10-10 00:00:00,,,,,,
1980-10-13 00:00:00,,,,,,
1980-10-14 00:00:00,,,,,,
1980-10-15 00:00:00,,,,,,
1980-10-16 00:00:00,,,,,,
1980-10-17 00:00:00,,,,,,
1980-10-20 00:00:00,,,,,,
1980-10-21 00:00:00,,,,,,
1980-10-22 00:00:00,,,,,,
1980-10-23 00:00:00,,,,,,
1980-10-24 00:00:00,,,,,,
1980-10-27 00:00:00,,,,,,
1980-10-28 00:00:00,,,,,,
1980-10-29 00:00:00,,,,,,
1980-10-30 00:00:00,,,,,,
1980-10-31 00:00:00,,,,,,
1980-11-03 00:00:00,,,,,,
1980-11-05 00:00:00,,,,,,
1980-11-06 00:00:00,,,,,,
1980-11-07 00:00:00,,,,,,
1980-11-10 00:00:00,,,,,,
1980-11-11 00:00:00,,,,,,
1980-11-12 00:00:00,,,,,,
1980-11-13 00:00:00,,,,,,
1980-11-14 00:00:00,,,,,,
1980-11-17 00:00:00,,,,,,
1980-11-18 00:00:00,,,,,,
1980-11-19 00:00:00,,,,,,
1980-11-20 00:00:00,,,,,,
1980-11-21 00:00:00,,,,,,
1980-11-24 00:00:00,,,,,,
1980-11-25 00:00:00,,,,,,
1980-11-26 00:00:00,,,,,,
1980-11-28 00:00:00,,,,,,
1980-12-01 00:00:00,,,,,,
1980-12-02 00:00:00,,,,,,
1980-12-03 00:00:00,,,,,,
1980-12-04 00:00:00,,,,,,
1980-12-05 00:00:00,,,,,,
1980-12-08 00:00:00,,,,,,
1980-12-09 00:00:00,,,,,,
1980-12-10 00:00:00,,,,,,
1980-12-11 00:00:00,,,,,,
1980-12-12 00:00:00,,,,,,
1980-12-15 00:00:00,,,,,,
1980-12-16 00:00:00,,,,,,
1980-12-17 00:00:00,,,,,,
1980-12-18 00:00:00,,,,,,
1980-12-19 00:00:00,,,,,,
1980-12-22 00:00:00,,,,,,
1980-12-23 00:00:00,,,,,,
1980-12-24 00:00:00,,,,,,
1980-12-26 00:00:00,,,,,,
1980-12-29 00:00:00,,,,,,
1980-12-30 00:00:00,,,,,,
1980-12-31 00:00:00,,,,,,
1981-01-02 00:00:00,,,,,,
1981-01-05 00:00:00,,,,,,
1981-01-06 00:00:00,,,,,,
1981-01-07 00:00:00,,,,,,
1981-01-08 00:00:00,,,,,,
1981-01-09 00:00:00,,,,,,
1981-01-12 00:00:00,,,,,,
1981-01-13 00:00:00,,,,,,
1981-01-14 00:00:00,,,,,,
1981-01-15 00:00:00,,,,,,
1981-01-16 00:00:00,,,,,,
1981-01-19 00:00:00,,,,,,
1981-01-20 00:00:00,,,,,,
1981-01-21 00:00:00,,,,,,
1981-01-22 00:00:00,,,,,,
1981-01-23 00:00:00,,,,,,
1981-01-26 00:00:00,,,,,,
1981-01-27 00:00:00,,,,,,
1981-01-28 00:00:00,,,,,,
1981-01-29 00:00:00,,,,,,
1981-01-30 00:00:00,,,,,,
1981-02-02 00:00:00,,,,,,
1981-02-03 00:00:00,,,,,,
1981-02-04 00:00:00,,,,,,
1981-02-05 00:00:00,,,,,,
1981-02-06 00:00:00,,,,,,
1981-02-09 00:00:00,,,,,,
1981-02-10 00:00:00,,,,,,
1981-02-11 00:00:00,,,,,,
1981-02-12 00:00:00,,,,,,
1981-02-13 00:00:00,,,,,,
1981-02-17 00:00:00,,,,,,
1981-02-18 00:00:00,,,,,,
1981-02-19 00:00:00,,,,,,
1981-02-20 00:00:00,,,,,,
1981-02-23 00:00:00,,,,,,
1981-02-24 00:00:00,,,,,,
1981-02-25 00:00:00,,,,,,
1981-02-26 00:00:00,,,,,,
1981-02-27 00:00:00,,,,,,
1981-03-02 00:00:00,,,,,,
1981-03-03 00:00:00,,,,,,
1981-03-04 00:00:00,,,,,,
1981-03-05 00:00:00,,,,,,
1981-03-06 00:00:00,,,,,,
1981-03-09 00:00:00,,,,,,
1981-03-10 00:00:00,,,,,,
1981-03-11 00:00:00,,,,,,
1981-03-12 00:00:00,,,,,,
1981-03-13 00:00:00,,,,,,
1981-03-16 00:00:00,,,,,,
1981-03-17 00:00:00,,,,,,
1981-03-18 00:00:00,,,,,,
1981-03-19 00:00:00,,,,,,
1981-03-20 00:00:00,,,,,,
1981-03-23 00:00:00,,,,,,
1981-03-24 00:00:00,,,,,,
1981-03-25 00:00:00,,,,,,
1981-03-26 00:00:00,,,,,,
1981-03-27 00:00:00,,,,,,
1981-03-30 00:00:00,,,,,,
1981-03-31 00:00:00,,,,,,
1981-04-01 00:00:00,,,,,,
1981-04-02 00:00:00,,,,,,
1981-04-03 00:00:00,,,,,,
1981-04-06 00:00:00,,,,,,
1981-04-07 00:00:00,,,,,,
1981-04-08 00:00:00,,,,,,
1981-04-09 00:00:00,,,,,,
1981-04-10 00:00:00,,,,,,
1981-04-13 00:00:00,,,,,,
1981-04-14 00:00:00,,,,,,
1981-04-15 00:00:00,,,,,,
1981-04-16 00:00:00,,,,,,
1981-04-20 00:00:00,,,,,,
1981-04-21 00:00:00,,,,,,
1981-04-22 00:00:00,,,,,,
1981-04-23 00:00:00,,,,,,
1981-04-24 00:00:00,,,,,,
1981-04-27 00:00:00,,,,,,
1981-04-28 00:00:00,,,,,,
1981-04-29 00:00:00,,,,,,
1981-04-30 00:00:00,,,,,,
1981-05-01 00:00:00,,,,,,
1981-05-04 00:00:00,,,,,,
1981-05-05 00:00:00,,,,,,
1981-05-06 00:00:00,,,,,,
1981-05-07 00:00:00,,,,,,
1981-05-08 00:00:00,,,,,,
1981-05-11 00:00:00,,,,,,
1981-05-12 00:00:00,,,,,,
1981-05-13 00:00:00,,,,,,
1981-05-14 00:00:00,,,,,,
1981-05-15 00:00:00,,,,,,
1981-05-18 00:00:00,,,,,,
1981-05-19 00:00:00,,,,,,
1981-05-20 00:00:00,,,,,,
1981-05-21 00:00:00,,,,,,
1981-05-22 00:00:00,,,,,,
1981-05-26 00:00:00,,,,,,
1981-05-27 00:00:00,,,,,,
1981-05-28 00:00:00,,,,,,
1981-05-29 00:00:00,,,,,,
1981-06-01 00:00:00,,,,,,
1981-06-02 00:00:00,,,,,,
1981-06-03 00:00:00,,,,,,
1981-06-04 00:00:00,,,,,,
1981-06-05 00:00:00,,,,,,
1981-06-08 00:00:00,,,,,,
1981-06-09 00:00:00,,,,,,
1981-06-10 00:00:00,,,,,,
1981-06-11 00:00:00,,,,,,
1981-06-12 00:00:00,,,,,,
1981-06-15 00:00:00,,,,,,
1981-06-16 00:00:00,,,,,,
1981-06-17 00:00:00,,,,,,
1981-06-18 00:00:00,,,,,,
1981-06-19 00:00:00,,,,,,
1981-06-22 00:00:00,,,,,,
1981-06-23 00:00:00,,,,,,
1981-06-24 00:00:00,,,,,,
1981-06-25 00:00:00,,,,,,
1981-06-26 00:00:00,,,,,,
1981-06-29 00:00:00,,,,,,
1981-06-30 00:00:00,,,,,,
1981-07-01 00:00:00,,,,,,
1981-07-02 00:00:00,,,,,,
1981-07-06 00:00:00,,,,,,
1981-07-07 00:00:00,,,,,,
1981-07-08 00:00:00,,,,,,
1981-07-09 00:00:00,,,,,,
1981-07-10 00:00:00,,,,,,
1981-07-13 00:00:00,,,,,,
1981-07-14 00:00:00,,,,,,
1981-07-15 00:00:00,,,,,,
1981-07-16 00:00:00,,,,,,
1981-07-17 00:00:00,,,,,,
1981-07-20 00:00:00,,,,,,
1981-07-21 00:00:00,,,,,,
1981-07-22 00:00:00,,,,,,
1981-07-23 00:00:00,,,,,,
1981-07-24 00:00:00,,,,,,
1981-07-27 00:00:00,,,,,,
1981-07-28 00:00:00,,,,,,
1981-07-29 00:00:00,,,,,,
1981-07-30 00:00:00,,,,,,
1981-07-31 00:00:00,,,,,,
1981-08-03 00:00:00,,,,,,
1981-08-04 00:00:00,,,,,,
1981-08-05 00:00:00,,,,,,
1981-08-06 00:00:00,,,,,,
1981-08-07 00:00:00,,,,,,
1981-08-10 00:00:00,,,,,,
1981-08-11 00:00:00,,,,,,
1981-08-12 00:00:00,,,,,,
1981-08-13 00:00:00,,,,,,
1981-08-14 00:00:00,,,,,,
1981-08-17 00:00:00,,,,,,
1981-08-18 00:00:00,,,,,,
1981-08-19 00:00:00,,,,,,
1981-08-20 00:00:00,,,,,,
1981-08-21 00:00:00,,,,,,
1981-08-24 00:00:00,,,,,,
1981-08-25 00:00:00,,,,,,
1981-08-26 00:00:00,,,,,,
1981-08-27 00:00:00,,,,,,
1981-08-28 00:00:00,,,,,,
1981-08-31 00:00:00,,,,,,
1981-09-01 00:00:00,,,,,,
1981-09-02 00:00:00,,,,,,
1981-09-03 00:00:00,,,,,,
1981-09-04 00:00:00,,,,,,
1981-09-08 00:00:00,,,,,,
1981-09-09 00:00:00,,,,,,
1981-09-10 00:00:00,,,,,,
1981-09-11 00:00:00,,,,,,
1981-09-14 00:00:00,,,,,,
1981-09-15 00:00:00,,,,,,
1981-09-16 00:00:00,,,,,,
1981-09-17 00:00:00,,,,,,
1981-09-18 00:00:00,,,,,,
1981-09-21 00:00:00,,,,,,
1981-09-22 00:00:00,,,,,,
1981-09-23 00:00:00,,,,,,
1981-09-24 00:00:00,,,,,,
1981-09-25 00:00:00,,,,,,
1981-09-28 00:00:00,,,,,,
1981-09-29 00:00:00,,,,,,
1981-09-30 00:00:00,,,,,,
1981-10-01 00:00:00,,,,,,
1981-10-02 00:00:00,,,,,,
1981-10-05 00:00:00,,,,,,
1981-10-06 00:00:00,,,,,,
1981-10-07 00:00:00,,,,,,
1981-10-08 00:00:00,,,,,,
1981-10-09 00:00:00,,,,,,
1981-10-12 00:00:00,,,,,,
1981-10-13 00:00:00,,,,,,
1981-10-14 00:00:00,,,,,,
1981-10-15 00:00:00,,,,,,
1981-10-16 00:00:00,,,,,,
1981-10-19 00:00:00,,,,,,
1981-10-20 00:00:00,,,,,,
1981-10-21 00:00:00,,,,,,
1981-10-22 00:00:00,,,,,,
1981-10-23 00:00:00,,,,,,
1981-10-26 00:00:00,,,,,,
1981-10-27 00:00:00,,,,,,
1981-10-28 00:00:00,,,,,,
1981-10-29 00:00:00,,,,,,
1981-10-30 00:00:00,,,,,,
1981-11-02 00:00:00,,,,,,
1981-11-03 00:00:00,,,,,,
1981-11-04 00:00:00,,,,,,
1981-11-05 00:00:00,,,,,,
1981-11-06 00:00:00,,,,,,
1981-11-09 00:00:00,,,,,,
1981-11-10 00:00:00,,,,,,
1981-11-11 00:00:00,,,,,,
1981-11-12 00:00:00,,,,,,
1981-11-13 00:00:00,,,,,,
1981-11-16 00:00:00,,,,,,
1981-11-17 00:00:00,,,,,,
1981-11-18 00:00:00,,,,,,
1981-11-19 00:00:00,,,,,,
1981-11-20 00:00:00,,,,,,
1981-11-23 00:00:00,,,,,,
1981-11-24 00:00:00,,,,,,
1981-11-25 00:00:00,,,,,,
1981-11-27 00:00:00,,,,,,
1981-11-30 00:00:00,,,,,,
1981-12-01 00:00:00,,,,,,
1981-12-02 00:00:00,,,,,,
1981-12-03 00:00:00,,,,,,
1981-12-04 00:00:00,,,,,,
1981-12-07 00:00:00,,,,,,
1981-12-08 00:00:00,,,,,,
1981-12-09 00:00:00,,,,,,
1981-12-10 00:00:00,,,,,,
1981-12-11 00:00:00,,,,,,
1981-12-14 00:00:00,,,,,,
1981-12-15 00:00:00,,,,,,
1981-12-16 00:00:00,,,,,,
1981-12-17 00:00:00,,,,,,
1981-12-18 00:00:00,,,,,,
1981-12-21 00:00:00,,,,,,
1981-12-22 00:00:00,,,,,,
1981-12-23 00:00:00,,,,,,
1981-12-24 00:00:00,,,,,,
1981-12-28 00:00:00,,,,,,
1981-12-29 00:00:00,,,,,,
1981-12-30 00:00:00,,,,,,
1981-12-31 00:00:00,,,,,,
1982-01-04 00:00:00,,,,,,
1982-01-05 00:00:00,,,,,,
1982-01-06 00:00:00,,,,,,
1982-01-07 00:00:00,,,,,,
1982-01-08 00:00:00,,,,,,
1982-01-11 00:00:00,,,,,,
1982-01-12 00:00:00,,,,,,
1982-01-13 00:00:00,,,,,,
1982-01-14 00:00:00,,,,,,
1982-01-15 00:00:00,,,,,,
1982-01-18 00:00:00,,,,,,
1982-01-19 00:00:00,,,,,,
1982-01-20 00:00:00,,,,,,
1982-01-21 00:00:00,,,,,,
1982-01-22 00:00:00,,,,,,
1982-01-25 00:00:00,,,,,,
1982-01-26 00:00:00,,,,,,
1982-01-27 00:00:00,,,,,,
1982-01-28 00:00:00,,,,,,
1982-01-29 00:00:00,,,,,,
1982-02-01 00:00:00,,,,,,
1982-02-02 00:00:00,,,,,,
1982-02-03 00:00:00,,,,,,
1982-02-04 00:00:00,,,,,,
1982-02-05 00:00:00,,,,,,
1982-02-08 00:00:00,,,,,,
1982-02-09 00:00:00,,,,,,
1982-02-10 00:00:00,,,,,,
1982-02-11 00:00:00,,,,,,
1982-02-12 00:00:00,,,,,,
1982-02-16 00:00:00,,,,,,
1982-02-17 00:00:00,,,,,,
1982-02-18 00:00:00,,,,,,
1982-02-19 00:00:00,,,,,,
1982-02-22 00:00:00,,,,,,
1982-02-23 00:00:00,,,,,,
1982-02-24 00:00:00,,,,,,
1982-02-25 00:00:00,,,,,,
1982-02-26 00:00:00,,,,,,
1982-03-01 00:00:00,,,,,,
1982-03-02 00:00:00,,,,,,
1982-03-03 00:00:00,,,,,,
1982-03-04 00:00:00,,,,,,
1982-03-05 00:00:00,,,,,,
1982-03-08 00:00:00,,,,,,
1982-03-09 00:00:00,,,,,,
1982-03-10 00:00:00,,,,,,
1982-03-11 00:00:00,,,,,,
1982-03-12 00:00:00,,,,,,
1982-03-15 00:00:00,,,,,,
1982-03-16 00:00:00,,,,,,
1982-03-17 00:00:00,,,,,,
1982-03-18 00:00:00,,,,,,
1982-03-19 00:00:00,,,,,,
1982-03-22 00:00:00,,,,,,
1982-03-23 00:00:00,,,,,,
1982-03-24 00:00:00,,,,,,
1982-03-25 00:00:00,,,,,,
1982-03-26 00:00:00,,,,,,
1982-03-29 00:00:00,,,,,,
1982-03-30 00:00:00,,,,,,
1982-03-31 00:00:00,,,,,,
1982-04-01 00:00:00,,,,,,
1982-04-02 00:00:00,,,,,,
1982-04-05 00:00:00,,,,,,
1982-04-06 00:00:00,,,,,,
1982-04-07 00:00:00,,,,,,
1982-04-08 00:00:00,,,,,,
1982-04-12 00:00:00,,,,,,
1982-04-13 00:00:00,,,,,,
1982-04-14 00:00:00,,,,,,
1982-04-15 00:00:00,,,,,,
1982-04-16 00:00:00,,,,,,
1982-04-19 00:00:00,,,,,,
1982-04-20 00:00:00,,,,,,
1982-04-21 00:00:00,,,,,,
1982-04-22 00:00:00,,,,,,
1982-04-23 00:00:00,,,,,,
1982-04-26 00:00:00,,,,,,
1982-04-27 00:00:00,,,,,,
1982-04-28 00:00:00,,,,,,
1982-04-29 00:00:00,,,,,,
1982-04-30 00:00:00,,,,,,
1982-05-03 00:00:00,,,,,,
1982-05-04 00:00:00,,,,,,
1982-05-05 00:00:00,,,,,,
1982-05-06 00:00:00,,,,,,
1982-05-07 00:00:00,,,,,,
1982-05-10 00:00:00,,,,,,
1982-05-11 00:00:00,,,,,,
1982-05-12 00:00:00,,,,,,
1982-05-13 00:00:00,,,,,,
1982-05-14 00:00:00,,,,,,
1982-05-17 00:00:00,,,,,,
1982-05-18 00:00:00,,,,,,
1982-05-19 00:00:00,,,,,,
1982-05-20 00:00:00,,,,,,
1982-05-21 00:00:00,,,,,,
1982-05-24 00:00:00,,,,,,
1982-05-25 00:00:00,,,,,,
1982-05-26 00:00:00,,,,,,
1982-05-27 00:00:00,,,,,,
1982-05-28 00:00:00,,,,,,
1982-06-01 00:00:00,,,,,,
1982-06-02 00:00:00,,,,,,
1982-06-03 00:00:00,,,,,,
1982-06-04 00:00:00,,,,,,
1982-06-07 00:00:00,,,,,,
1982-06-08 00:00:00,,,,,,
1982-06-09 00:00:00,,,,,,
1982-06-10 00:00:00,,,,,,
1982-06-11 00:00:00,,,,,,
1982-06-14 00:00:00,,,,,,
1982-06-15 00:00:00,,,,,,
1982-06-16 00:00:00,,,,,,
1982-06-17 00:00:00,,,,,,
1982-06-18 00:00:00,,,,,,
1982-06-21 00:00:00,,,,,,
1982-06-22 00:00:00,,,,,,
1982-06-23 00:00:00,,,,,,
1982-06-24 00:00:00,,,,,,
1982-06-25 00:00:00,,,,,,
1982-06-28 00:00:00,,,,,,
1982-06-29 00:00:00,,,,,,
1982-06-30 00:00:00,,,,,,
1982-07-01 00:00:00,,,,,,
1982-07-02 00:00:00,,,,,,
1982-07-06 00:00:00,,,,,,
1982-07-07 00:00:00,,,,,,
1982-07-08 00:00:00,,,,,,
1982-07-09 00:00:00,,,,,,
1982-07-12 00:00:00,,,,,,
1982-07-13 00:00:00,,,,,,
1982-07-14 00:00:00,,,,,,
1982-07-15 00:00:00,,,,,,
1982-07-16 00:00:00,,,,,,
1982-07-19 00:00:00,,,,,,
1982-07-20 00:00:00,,,,,,
1982-07-21 00:00:00,,,,,,
1982-07-22 00:00:00,,,,,,
1982-07-23 00:00:00,,,,,,
1982-07-26 00:00:00,,,,,,
1982-07-27 00:00:00,,,,,,
1982-07-28 00:00:00,,,,,,
1982-07-29 00:00:00,,,,,,
1982-07-30 00:00:00,,,,,,
1982-08-02 00:00:00,,,,,,
1982-08-03 00:00:00,,,,,,
1982-08-04 00:00:00,,,,,,
1982-08-05 00:00:00,,,,,,
1982-08-06 00:00:00,,,,,,
1982-08-09 00:00:00,,,,,,
1982-08-10 00:00:00,,,,,,
1982-08-11 00:00:00,,,,,,
1982-08-12 00:00:00,,,,,,
1982-08-13 00:00:00,,,,,,
1982-08-16 00:00:00,,,,,,
1982-08-17 00:00:00,,,,,,
1982-08-18 00:00:00,,,,,,
1982-08-19 00:00:00,,,,,,
1982-08-20 00:00:00,,,,,,
1982-08-23 00:00:00,,,,,,
1982-08-24 00:00:00,,,,,,
1982-08-25 00:00:00,,,,,,
1982-08-26 00:00:00,,,,,,
1982-08-27 00:00:00,,,,,,
1982-08-30 00:00:00,,,,,,
1982-08-31 00:00:00,,,,,,
1982-09-01 00:00:00,,,,,,
1982-09-02 00:00:00,,,,,,
1982-09-03 00:00:00,,,,,,
1982-09-07 00:00:00,,,,,,
1982-09-08 00:00:00,,,,,,
1982-09-09 00:00:00,,,,,,
1982-09-10 00:00:00,,,,,,
1982-09-13 00:00:00,,,,,,
1982-09-14 00:00:00,,,,,,
1982-09-15 00:00:00,,,,,,
1982-09-16 00:00:00,,,,,,
1982-09-17 00:00:00,,,,,,
1982-09-20 00:00:00,,,,,,
1982-09-21 00:00:00,,,,,,
1982-09-22 00:00:00,,,,,,
1982-09-23 00:00:00,,,,,,
1982-09-24 00:00:00,,,,,,
1982-09-27 00:00:00,,,,,,
1982-09-28 00:00:00,,,,,,
1982-09-29 00:00:00,,,,,,
1982-09-30 00:00:00,,,,,,
1982-10-01 00:00:00,,,,,,
1982-10-04 00:00:00,,,,,,
1982-10-05 00:00:00,,,,,,
1982-10-06 00:00:00,,,,,,
1982-10-07 00:00:00,,,,,,
1982-10-08 00:00:00,,,,,,
1982-10-11 00:00:00,,,,,,
1982-10-12 00:00:00,,,,,,
1982-10-13 00:00:00,,,,,,
1982-10-14 00:00:00,,,,,,
1982-10-15 00:00:00,,,,,,
1982-10-18 00:00:00,,,,,,
1982-10-19 00:00:00,,,,,,
1982-10-20 00:00:00,,,,,,
1982-10-21 00:00:00,,,,,,
1982-10-22 00:00:00,,,,,,
1982-10-25 00:00:00,,,,,,
1982-10-26 00:00:00,,,,,,
1982-10-27 00:00:00,,,,,,
1982-10-28 00:00:00,,,,,,
1982-10-29 00:00:00,,,,,,
1982-11-01 00:00:00,,,,,,
1982-11-02 00:00:00,,,,,,
1982-11-03 00:00:00,,,,,,
1982-11-04 00:00:00,,,,,,
1982-11-05 00:00:00,,,,,,
1982-11-08 00:00:00,,,,,,
1982-11-09 00:00:00,,,,,,
1982-11-10 00:00:00,,,,,,
1982-11-11 00:00:00,,,,,,
1982-11-12 00:00:00,,,,,,
1982-11-15 00:00:00,,,,,,
1982-11-16 00:00:00,,,,,,
1982-11-17 00:00:00,,,,,,
1982-11-18 00:00:00,,,,,,
1982-11-19 00:00:00,,,,,,
1982-11-22 00:00:00,,,,,,
1982-11-23 00:00:00,,,,,,
1982-11-24 00:00:00,,,,,,
1982-11-26 00:00:00,,,,,,
1982-11-29 00:00:00,,,,,,
1982-11-30 00:00:00,,,,,,
1982-12-01 00:00:00,,,,,,
1982-12-02 00:00:00,,,,,,
1982-12-03 00:00:00,,,,,,
1982-12-06 00:00:00,,,,,,
1982-12-07 00:00:00,,,,,,
1982-12-08 00:00:00,,,,,,
1982-12-09 00:00:00,,,,,,
1982-12-10 00:00:00,,,,,,
1982-12-13 00:00:00,,,,,,
1982-12-14 00:00:00,,,,,,
1982-12-15 00:00:00,,,,,,
1982-12-16 00:00:00,,,,,,
1982-12-17 00:00:00,,,,,,
1982-12-20 00:00:00,,,,,,
1982-12-21 00:00:00,,,,,,
1982-12-22 00:00:00,,,,,,
1982-12-23 00:00:00,,,,,,
1982-12-27 00:00:00,,,,,,
1982-12-28 00:00:00,,,,,,
1982-12-29 00:00:00,,,,,,
1982-12-30 00:00:00,,,,,,
1982-12-31 00:00:00,,,,,,
1983-01-03 00:00:00,,,,,,
1983-01-04 00:00:00,,,,,,
1983-01-05 00:00:00,,,,,,
1983-01-06 00:00:00,,,,,,
1983-01-07 00:00:00,,,,,,
1983-01-10 00:00:00,,,,,,
1983-01-11 00:00:00,,,,,,
1983-01-12 00:00:00,,,,,,
1983-01-13 00:00:00,,,,,,
1983-01-14 00:00:00,,,,,,
1983-01-17 00:00:00,,,,,,
1983-01-18 00:00:00,,,,,,
1983-01-19 00:00:00,,,,,,
1983-01-20 00:00:00,,,,,,
1983-01-21 00:00:00,,,,,,
1983-01-24 00:00:00,,,,,,
1983-01-25 00:00:00,,,,,,
1983-01-26 00:00:00,,,,,,
1983-01-27 00:00:00,,,,,,
1983-01-28 00:00:00,,,,,,
1983-01-31 00:00:00,,,,,,
1983-02-01 00:00:00,,,,,,
1983-02-02 00:00:00,,,,,,
1983-02-03 00:00:00,,,,,,
1983-02-04 00:00:00,,,,,,
1983-02-07 00:00:00,,,,,,
1983-02-08 00:00:00,,,,,,
1983-02-09 00:00:00,,,,,,
1983-02-10 00:00:00,,,,,,
1983-02-11 00:00:00,,,,,,
1983-02-14 00:00:00,,,,,,
1983-02-15 00:00:00,,,,,,
1983-02-16 00:00:00,,,,,,
1983-02-17 00:00:00,,,,,,
1983-02-18 00:00:00,,,,,,
1983-02-22 00:00:00,,,,,,
1983-02-23 00:00:00,,,,,,
1983-02-24 00:00:00,,,,,,
1983-02-25 00:00:00,,,,,,
1983-02-28 00:00:00,,,,,,
1983-03-01 00:00:00,,,,,,
1983-03-02 00:00:00,,,,,,
1983-03-03 00:00:00,,,,,,
1983-03-04 00:00:00,,,,,,
1983-03-07 00:00:00,,,,,,
1983-03-08 00:00:00,,,,,,
1983-03-09 00:00:00,,,,,,
1983-03-10 00:00:00,,,,,,
1983-03-11 00:00:00,,,,,,
1983-03-14 00:00:00,,,,,,
1983-03-15 00:00:00,,,,,,
1983-03-16 00:00:00,,,,,,
1983-03-17 00:00:00,,,,,,
1983-03-18 00:00:00,,,,,,
1983-03-21 00:00:00,,,,,,
1983-03-22 00:00:00,,,,,,
1983-03-23 00:00:00,,,,,,
1983-03-24 00:00:00,,,,,,
1983-03-25 00:00:00,,,,,,
1983-03-28 00:00:00,,,,,,
1983-03-29 00:00:00,,,,,,
1983-03-30 00:00:00,,,,,,
1983-03-31 00:00:00,,,,,,
1983-04-04 00:00:00,,,,,,
1983-04-05 00:00:00,,,,,,
1983-04-06 00:00:00,,,,,,
1983-04-07 00:00:00,,,,,,
1983-04-08 00:00:00,,,,,,
1983-04-11 00:00:00,,,,,,
1983-04-12 00:00:00,,,,,,
1983-04-13 00:00:00,,,,,,
1983-04-14 00:00:00,,,,,,
1983-04-15 00:00:00,,,,,,
1983-04-18 00:00:00,,,,,,
1983-04-19 00:00:00,,,,,,
1983-04-20 00:00:00,,,,,,
1983-04-21 00:00:00,,,,,,
1983-04-22 00:00:00,,,,,,
1983-04-25 00:00:00,,,,,,
1983-04-26 00:00:00,,,,,,
1983-04-27 00:00:00,,,,,,
1983-04-28 00:00:00,,,,,,
1983-04-29 00:00:00,,,,,,
1983-05-02 00:00:00,,,,,,
1983-05-03 00:00:00,,,,,,
1983-05-04 00:00:00,,,,,,
1983-05-05 00:00:00,,,,,,
1983-05-06 00:00:00,,,,,,
1983-05-09 00:00:00,,,,,,
1983-05-10 00:00:00,,,,,,
1983-05-11 00:00:00,,,,,,
1983-05-12 00:00:00,,,,,,
1983-05-13 00:00:00,,,,,,
1983-05-16 00:00:00,,,,,,
1983-05-17 00:00:00,,,,,,
1983-05-18 00:00:00,,,,,,
1983-05-19 00:00:00,,,,,,
1983-05-20 00:00:00,,,,,,
1983-05-23 00:00:00,,,,,,
1983-05-24 00:00:00,,,,,,
1983-05-25 00:00:00,,,,,,
1983-05-26 00:00:00,,,,,,
1983-05-27 00:00:00,,,,,,
1983-05-31 00:00:00,,,,,,
1983-06-01 00:00:00,,,,,,
1983-06-02 00:00:00,,,,,,
1983-06-03 00:00:00,,,,,,
1983-06-06 00:00:00,,,,,,
1983-06-07 00:00:00,,,,,,
1983-06-08 00:00:00,,,,,,
1983-06-09 00:00:00,,,,,,
1983-06-10 00:00:00,,,,,,
1983-06-13 00:00:00,,,,,,
1983-06-14 00:00:00,,,,,,
1983-06-15 00:00:00,,,,,,
1983-06-16 00:00:00,,,,,,
1983-06-17 00:00:00,,,,,,
1983-06-20 00:00:00,,,,,,
1983-06-21 00:00:00,,,,,,
1983-06-22 00:00:00,,,,,,
1983-06-23 00:00:00,,,,,,
1983-06-24 00:00:00,,,,,,
1983-06-27 00:00:00,,,,,,
1983-06-28 00:00:00,,,,,,
1983-06-29 00:00:00,,,,,,
1983-06-30 00:00:00,,,,,,
1983-07-01 00:00:00,,,,,,
1983-07-05 00:00:00,,,,,,
1983-07-06 00:00:00,,,,,,
1983-07-07 00:00:00,,,,,,
1983-07-08 00:00:00,,,,,,
1983-07-11 00:00:00,,,,,,
1983-07-12 00:00:00,,,,,,
1983-07-13 00:00:00,,,,,,
1983-07-14 00:00:00,,,,,,
1983-07-15 00:00:00,,,,,,
1983-07-18 00:00:00,,,,,,
1983-07-19 00:00:00,,,,,,
1983-07-20 00:00:00,,,,,,
1983-07-21 00:00:00,,,,,,
1983-07-22 00:00:00,,,,,,
1983-07-25 00:00:00,,,,,,
1983-07-26 00:00:00,,,,,,
1983-07-27 00:00:00,,,,,,
1983-07-28 00:00:00,,,,,,
1983-07-29 00:00:00,,,,,,
1983-08-01 00:00:00,,,,,,
1983-08-02 00:00:00,,,,,,
1983-08-03 00:00:00,,,,,,
1983-08-04 00:00:00,,,,,,
1983-08-05 00:00:00,,,,,,
1983-08-08 00:00:00,,,,,,
1983-08-09 00:00:00,,,,,,
1983-08-10 00:00:00,,,,,,
1983-08-11 00:00:00,,,,,,
1983-08-12 00:00:00,,,,,,
1983-08-15 00:00:00,,,,,,
1983-08-16 00:00:00,,,,,,
1983-08-17 00:00:00,,,,,,
1983-08-18 00:00:00,,,,,,
1983-08-19 00:00:00,,,,,,
1983-08-22 00:00:00,,,,,,
1983-08-23 00:00:00,,,,,,
1983-08-24 00:00:00,,,,,,
1983-08-25 00:00:00,,,,,,
1983-08-26 00:00:00,,,,,,
1983-08-29 00:00:00,,,,,,
1983-08-30 00:00:00,,,,,,
1983-08-31 00:00:00,,,,,,
1983-09-01 00:00:00,,,,,,
1983-09-02 00:00:00,,,,,,
1983-09-06 00:00:00,,,,,,
1983-09-07 00:00:00,,,,,,
1983-09-08 00:00:00,,,,,,
1983-09-09 00:00:00,,,,,,
1983-09-12 00:00:00,,,,,,
1983-09-13 00:00:00,,,,,,
1983-09-14 00:00:00,,,,,,
1983-09-15 00:00:00,,,,,,
1983-09-16 00:00:00,,,,,,
1983-09-19 00:00:00,,,,,,
1983-09-20 00:00:00,,,,,,
1983-09-21 00:00:00,,,,,,
1983-09-22 00:00:00,,,,,,
1983-09-23 00:00:00,,,,,,
1983-09-26 00:00:00,,,,,,
1983-09-27 00:00:00,,,,,,
1983-09-28 00:00:00,,,,,,
1983-09-29 00:00:00,,,,,,
1983-09-30 00:00:00,,,,,,
1983-10-03 00:00:00,,,,,,
1983-10-04 00:00:00,,,,,,
1983-10-05 00:00:00,,,,,,
1983-10-06 00:00:00,,,,,,
1983-10-07 00:00:00,,,,,,
1983-10-10 00:00:00,,,,,,
1983-10-11 00:00:00,,,,,,
1983-10-12 00:00:00,,,,,,
1983-10-13 00:00:00,,,,,,
1983-10-14 00:00:00,,,,,,
1983-10-17 00:00:00,,,,,,
1983-10-18 00:00:00,,,,,,
1983-10-19 00:00:00,,,,,,
1983-10-20 00:00:00,,,,,,
1983-10-21 00:00:00,,,,,,
1983-10-24 00:00:00,,,,,,
1983-10-25 00:00:00,,,,,,
1983-10-26 00:00:00,,,,,,
1983-10-27 00:00:00,,,,,,
1983-10-28 00:00:00,,,,,,
1983-10-31 00:00:00,,,,,,
1983-11-01 00:00:00,,,,,,
1983-11-02 00:00:00,,,,,,
1983-11-03 00:00:00,,,,,,
1983-11-04 00:00:00,,,,,,
1983-11-07 00:00:00,,,,,,
1983-11-08 00:00:00,,,,,,
1983-11-09 00:00:00,,,,,,
1983-11-10 00:00:00,,,,,,
1983-11-11 00:00:00,,,,,,
1983-11-14 00:00:00,,,,,,
1983-11-15 00:00:00,,,,,,
1983-11-16 00:00:00,,,,,,
1983-11-17 00:00:00,,,,,,
1983-11-18 00:00:00,,,,,,
1983-11-21 00:00:00,,,,,,
1983-11-22 00:00:00,,,,,,
1983-11-23 00:00:00,,,,,,
1983-11-25 00:00:00,,,,,,
1983-11-28 00:00:00,,,,,,
1983-11-29 00:00:00,,,,,,
1983-11-30 00:00:00,,,,,,
1983-12-01 00:00:00,,,,,,
1983-12-02 00:00:00,,,,,,
1983-12-05 00:00:00,,,,,,
1983-12-06 00:00:00,,,,,,
1983-12-07 00:00:00,,,,,,
1983-12-08 00:00:00,,,,,,
1983-12-09 00:00:00,,,,,,
1983-12-12 00:00:00,,,,,,
1983-12-13 00:00:00,,,,,,
1983-12-14 00:00:00,,,,,,
1983-12-15 00:00:00,,,,,,
1983-12-16 00:00:00,,,,,,
1983-12-19 00:00:00,,,,,,
1983-12-20 00:00:00,,,,,,
1983-12-21 00:00:00,,,,,,
1983-12-22 00:00:00,,,,,,
1983-12-23 00:00:00,,,,,,
1983-12-27 00:00:00,,,,,,
1983-12-28 00:00:00,,,,,,
1983-12-29 00:00:00,,,,,,
1983-12-30 00:00:00,,,,,,
1984-01-03 00:00:00,,,,,,
1984-01-04 00:00:00,,,,,,
1984-01-05 00:00:00,,,,,,
1984-01-06 00:00:00,,,,,,
1984-01-09 00:00:00,,,,,,
1984-01-10 00:00:00,,,,,,
1984-01-11 00:00:00,,,,,,
1984-01-12 00:00:00,,,,,,
1984-01-13 00:00:00,,,,,,
1984-01-16 00:00:00,,,,,,
1984-01-17 00:00:00,,,,,,
1984-01-18 00:00:00,,,,,,
1984-01-19 00:00:00,,,,,,
1984-01-20 00:00:00,,,,,,
1984-01-23 00:00:00,,,,,,
1984-01-24 00:00:00,,,,,,
1984-01-25 00:00:00,,,,,,
1984-01-26 00:00:00,,,,,,
1984-01-27 00:00:00,,,,,,
1984-01-30 00:00:00,,,,,,
1984-01-31 00:00:00,,,,,,
1984-02-01 00:00:00,,,,,,
1984-02-02 00:00:00,,,,,,
1984-02-03 00:00:00,,,,,,
1984-02-06 00:00:00,,,,,,
1984-02-07 00:00:00,,,,,,
1984-02-08 00:00:00,,,,,,
1984-02-09 00:00:00,,,,,,
1984-02-10 00:00:00,,,,,,
1984-02-13 00:00:00,,,,,,
1984-02-14 00:00:00,,,,,,
1984-02-15 00:00:00,,,,,,
1984-02-16 00:00:00,,,,,,
1984-02-17 00:00:00,,,,,,
1984-02-21 00:00:00,,,,,,
1984-02-22 00:00:00,,,,,,
1984-02-23 00:00:00,,,,,,
1984-02-24 00:00:00,,,,,,
1984-02-27 00:00:00,,,,,,
1984-02-28 00:00:00,,,,,,
1984-02-29 00:00:00,,,,,,
1984-03-01 00:00:00,,,,,,
1984-03-02 00:00:00,,,,,,
1984-03-05 00:00:00,,,,,,
1984-03-06 00:00:00,,,,,,
1984-03-07 00:00:00,,,,,,
1984-03-08 00:00:00,,,,,,
1984-03-09 00:00:00,,,,,,
1984-03-12 00:00:00,,,,,,
1984-03-13 00:00:00,,,,,,
1984-03-14 00:00:00,,,,,,
1984-03-15 00:00:00,,,,,,
1984-03-16 00:00:00,,,,,,
1984-03-19 00:00:00,,,,,,
1984-03-20 00:00:00,,,,,,
1984-03-21 00:00:00,,,,,,
1984-03-22 00:00:00,,,,,,
1984-03-23 00:00:00,,,,,,
1984-03-26 00:00:00,,,,,,
1984-03-27 00:00:00,,,,,,
1984-03-28 00:00:00,,,,,,
1984-03-29 00:00:00,,,,,,
1984-03-30 00:00:00,,,,,,
1984-04-02 00:00:00,,,,,,
1984-04-03 00:00:00,,,,,,
1984-04-04 00:00:00,,,,,,
1984-04-05 00:00:00,,,,,,
1984-04-06 00:00:00,,,,,,
1984-04-09 00:00:00,,,,,,
1984-04-10 00:00:00,,,,,,
1984-04-11 00:00:00,,,,,,
1984-04-12 00:00:00,,,,,,
1984-04-13 00:00:00,,,,,,
1984-04-16 00:00:00,,,,,,
1984-04-17 00:00:00,,,,,,
1984-04-18 00:00:00,,,,,,
1984-04-19 00:00:00,,,,,,
1984-04-23 00:00:00,,,,,,
1984-04-24 00:00:00,,,,,,
1984-04-25 00:00:00,,,,,,
1984-04-26 00:00:00,,,,,,
1984-04-27 00:00:00,,,,,,
1984-04-30 00:00:00,,,,,,
1984-05-01 00:00:00,,,,,,
1984-05-02 00:00:00,,,,,,
1984-05-03 00:00:00,,,,,,
1984-05-04 00:00:00,,,,,,
1984-05-07 00:00:00,,,,,,
1984-05-08 00:00:00,,,,,,
1984-05-09 00:00:00,,,,,,
1984-05-10 00:00:00,,,,,,
1984-05-11 00:00:00,,,,,,
1984-05-14 00:00:00,,,,,,
1984-05-15 00:00:00,,,,,,
1984-05-16 00:00:00,,,,,,
1984-05-17 00:00:00,,,,,,
1984-05-18 00:00:00,,,,,,
1984-05-21 00:00:00,,,,,,
1984-05-22 00:00:00,,,,,,
1984-05-23 00:00:00,,,,,,
1984-05-24 00:00:00,,,,,,
1984-05-25 00:00:00,,,,,,
1984-05-29 00:00:00,,,,,,
1984-05-30 00:00:00,,,,,,
1984-05-31 00:00:00,,,,,,
1984-06-01 00:00:00,,,,,,
1984-06-04 00:00:00,,,,,,
1984-06-05 00:00:00,,,,,,
1984-06-06 00:00:00,,,,,,
1984-06-07 00:00:00,,,,,,
1984-06-08 00:00:00,,,,,,
1984-06-11 00:00:00,,,,,,
1984-06-12 00:00:00,,,,,,
1984-06-13 00:00:00,,,,,,
1984-06-14 00:00:00,,,,,,
1984-06-15 00:00:00,,,,,,
1984-06-18 00:00:00,,,,,,
1984-06-19 00:00:00,,,,,,
1984-06-20 00:00:00,,,,,,
1984-06-21 00:00:00,,,,,,
1984-06-22 00:00:00,,,,,,
1984-06-25 00:00:00,,,,,,
1984-06-26 00:00:00,,,,,,
1984-06-27 00:00:00,,,,,,
1984-06-28 00:00:00,,,,,,
1984-06-29 00:00:00,,,,,,
1984-07-02 00:00:00,,,,,,
1984-07-03 00:00:00,,,,,,
1984-07-05 00:00:00,,,,,,
1984-07-06 00:00:00,,,,,,
1984-07-09 00:00:00,,,,,,
1984-07-10 00:00:00,,,,,,
1984-07-11 00:00:00,,,,,,
1984-07-12 00:00:00,,,,,,
1984-07-13 00:00:00,,,,,,
1984-07-16 00:00:00,,,,,,
1984-07-17 00:00:00,,,,,,
1984-07-18 00:00:00,,,,,,
1984-07-19 00:00:00,,,,,,
1984-07-20 00:00:00,,,,,,
1984-07-23 00:00:00,,,,,,
1984-07-24 00:00:00,,,,,,
1984-07-25 00:00:00,,,,,,
1984-07-26 00:00:00,,,,,,
1984-07-27 00:00:00,,,,,,
1984-07-30 00:00:00,,,,,,
1984-07-31 00:00:00,,,,,,
1984-08-01 00:00:00,,,,,,
1984-08-02 00:00:00,,,,,,
1984-08-03 00:00:00,,,,,,
1984-08-06 00:00:00,,,,,,
1984-08-07 00:00:00,,,,,,
1984-08-08 00:00:00,,,,,,
1984-08-09 00:00:00,,,,,,
1984-08-10 00:00:00,,,,,,
1984-08-13 00:00:00,,,,,,
1984-08-14 00:00:00,,,,,,
1984-08-15 00:00:00,,,,,,
1984-08-16 00:00:00,,,,,,
1984-08-17 00:00:00,,,,,,
1984-08-20 00:00:00,,,,,,
1984-08-21 00:00:00,,,,,,
1984-08-22 00:00:00,,,,,,
1984-08-23 00:00:00,,,,,,
1984-08-24 00:00:00,,,,,,
1984-08-27 00:00:00,,,,,,
1984-08-28 00:00:00,,,,,,
1984-08-29 00:00:00,,,,,,
1984-08-30 00:00:00,,,,,,
1984-08-31 00:00:00,,,,,,
1984-09-04 00:00:00,,,,,,
1984-09-05 00:00:00,,,,,,
1984-09-06 00:00:00,,,,,,
1984-09-07 00:00:00,,,,,,
1984-09-10 00:00:00,,,,,,
1984-09-11 00:00:00,,,,,,
1984-09-12 00:00:00,,,,,,
1984-09-13 00:00:00,,,,,,
1984-09-14 00:00:00,,,,,,
1984-09-17 00:00:00,,,,,,
1984-09-18 00:00:00,,,,,,
1984-09-19 00:00:00,,,,,,
1984-09-20 00:00:00,,,,,,
1984-09-21 00:00:00,,,,,,
1984-09-24 00:00:00,,,,,,
1984-09-25 00:00:00,,,,,,
1984-09-26 00:00:00,,,,,,
1984-09-27 00:00:00,,,,,,
1984-09-28 00:00:00,,,,,,
1984-10-01 00:00:00,,,,,,
1984-10-02 00:00:00,,,,,,
1984-10-03 00:00:00,,,,,,
1984-10-04 00:00:00,,,,,,
1984-10-05 00:00:00,,,,,,
1984-10-08 00:00:00,,,,,,
1984-10-09 00:00:00,,,,,,
1984-10-10 00:00:00,,,,,,
1984-10-11 00:00:00,,,,,,
1984-10-12 00:00:00,,,,,,
1984-10-15 00:00:00,,,,,,
1984-10-16 00:00:00,,,,,,
1984-10-17 00:00:00,,,,,,
1984-10-18 00:00:00,,,,,,
1984-10-19 00:00:00,,,,,,
1984-10-22 00:00:00,,,,,,
1984-10-23 00:00:00,,,,,,
1984-10-24 00:00:00,,,,,,
1984-10-25 00:00:00,,,,,,
1984-10-26 00:00:00,,,,,,
1984-10-29 00:00:00,,,,,,
1984-10-30 00:00:00,,,,,,
1984-10-31 00:00:00,,,,,,
1984-11-01 00:00:00,,,,,,
1984-11-02 00:00:00,,,,,,
1984-11-05 00:00:00,,,,,,
1984-11-06 00:00:00,,,,,,
1984-11-07 00:00:00,,,,,,
1984-11-08 00:00:00,,,,,,
1984-11-09 00:00:00,,,,,,
1984-11-12 00:00:00,,,,,,
1984-11-13 00:00:00,,,,,,
1984-11-14 00:00:00,,,,,,
1984-11-15 00:00:00,,,,,,
1984-11-16 00:00:00,,,,,,
1984-11-19 00:00:00,,,,,,
1984-11-20 00:00:00,,,,,,
1984-11-21 00:00:00,,,,,,
1984-11-23 00:00:00,,,,,,
1984-11-26 00:00:00,,,,,,
1984-11-27 00:00:00,,,,,,
1984-11-28 00:00:00,,,,,,
1984-11-29 00:00:00,,,,,,
1984-11-30 00:00:00,,,,,,
1984-12-03 00:00:00,,,,,,
1984-12-04 00:00:00,,,,,,
1984-12-05 00:00:00,,,,,,
1984-12-06 00:00:00,,,,,,
1984-12-07 00:00:00,,,,,,
1984-12-10 00:00:00,,,,,,
1984-12-11 00:00:00,,,,,,
1984-12-12 00:00:00,,,,,,
1984-12-13 00:00:00,,,,,,
1984-12-14 00:00:00,,,,,,
1984-12-17 00:00:00,,,,,,
1984-12-18 00:00:00,,,,,,
1984-12-19 00:00:00,,,,,,
1984-12-20 00:00:00,,,,,,
1984-12-21 00:00:00,,,,,,
1984-12-24 00:00:00,,,,,,
1984-12-26 00:00:00,,,,,,
1984-12-27 00:00:00,,,,,,
1984-12-28 00:00:00,,,,,,
1984-12-31 00:00:00,,,,,,
1985-01-02 00:00:00,,,,,,
1985-01-03 00:00:00,,,,,,
1985-01-04 00:00:00,,,,,,
1985-01-07 00:00:00,,,,,,
1985-01-08 00:00:00,,,,,,
1985-01-09 00:00:00,,,,,,
1985-01-10 00:00:00,,,,,,
1985-01-11 00:00:00,,,,,,
1985-01-14 00:00:00,,,,,,
1985-01-15 00:00:00,,,,,,
1985-01-16 00:00:00,,,,,,
1985-01-17 00:00:00,,,,,,
1985-01-18 00:00:00,,,,,,
1985-01-21 00:00:00,,,,,,
1985-01-22 00:00:00,,,,,,
1985-01-23 00:00:00,,,,,,
1985-01-24 00:00:00,,,,,,
1985-01-25 00:00:00,,,,,,
1985-01-28 00:00:00,,,,,,
1985-01-29 00:00:00,,,,,,
1985-01-30 00:00:00,,,,,,
1985-01-31 00:00:00,,,,,,
1985-02-01 00:00:00,,,,,,
1985-02-04 00:00:00,,,,,,
1985-02-05 00:00:00,,,,,,
1985-02-06 00:00:00,,,,,,
1985-02-07 00:00:00,,,,,,
1985-02-08 00:00:00,,,,,,
1985-02-11 00:00:00,,,,,,
1985-02-12 00:00:00,,,,,,
1985-02-13 00:00:00,,,,,,
1985-02-14 00:00:00,,,,,,
1985-02-15 00:00:00,,,,,,
1985-02-19 00:00:00,,,,,,
1985-02-20 00:00:00,,,,,,
1985-02-21 00:00:00,,,,,,
1985-02-22 00:00:00,,,,,,
1985-02-25 00:00:00,,,,,,
1985-02-26 00:00:00,,,,,,
1985-02-27 00:00:00,,,,,,
1985-02-28 00:00:00,,,,,,
1985-03-01 00:00:00,,,,,,
1985-03-04 00:00:00,,,,,,
1985-03-05 00:00:00,,,,,,
1985-03-06 00:00:00,,,,,,
1985-03-07 00:00:00,,,,,,
1985-03-08 00:00:00,,,,,,
1985-03-11 00:00:00,,,,,,
1985-03-12 00:00:00,,,,,,
1985-03-13 00:00:00,,,,,,
1985-03-14 00:00:00,,,,,,
1985-03-15 00:00:00,,,,,,
1985-03-18 00:00:00,,,,,,
1985-03-19 00:00:00,,,,,,
1985-03-20 00:00:00,,,,,,
1985-03-21 00:00:00,,,,,,
1985-03-22 00:00:00,,,,,,
1985-03-25 00:00:00,,,,,,
1985-03-26 00:00:00,,,,,,
1985-03-27 00:00:00,,,,,,
1985-03-28 00:00:00,,,,,,
1985-03-29 00:00:00,,,,,,
1985-04-01 00:00:00,,,,,,
1985-04-02 00:00:00,,,,,,
1985-04-03 00:00:00,,,,,,
1985-04-04 00:00:00,,,,,,
1985-04-08 00:00:00,,,,,,
1985-04-09 00:00:00,,,,,,
1985-04-10 00:00:00,,,,,,
1985-04-11 00:00:00,,,,,,
1985-04-12 00:00:00,,,,,,
1985-04-15 00:00:00,,,,,,
1985-04-16 00:00:00,,,,,,
1985-04-17 00:00:00,,,,,,
1985-04-18 00:00:00,,,,,,
1985-04-19 00:00:00,,,,,,
1985-04-22 00:00:00,,,,,,
1985-04-23 00:00:00,,,,,,
1985-04-24 00:00:00,,,,,,
1985-04-25 00:00:00,,,,,,
1985-04-26 00:00:00,,,,,,
1985-04-29 00:00:00,,,,,,
1985-04-30 00:00:00,,,,,,
1985-05-01 00:00:00,,,,,,
1985-05-02 00:00:00,,,,,,
1985-05-03 00:00:00,,,,,,
1985-05-06 00:00:00,,,,,,
1985-05-07 00:00:00,,,,,,
1985-05-08 00:00:00,,,,,,
1985-05-09 00:00:00,,,,,,
1985-05-10 00:00:00,,,,,,
1985-05-13 00:00:00,,,,,,
1985-05-14 00:00:00,,,,,,
1985-05-15 00:00:00,,,,,,
1985-05-16 00:00:00,,,,,,
1985-05-17 00:00:00,,,,,,
1985-05-20 00:00:00,,,,,,
1985-05-21 00:00:00,,,,,,
1985-05-22 00:00:00,,,,,,
1985-05-23 00:00:00,,,,,,
1985-05-24 00:00:00,,,,,,
1985-05-28 00:00:00,,,,,,
1985-05-29 00:00:00,,,,,,
1985-05-30 00:00:00,,,,,,
1985-05-31 00:00:00,,,,,,
1985-06-03 00:00:00,,,,,,
1985-06-04 00:00:00,,,,,,
1985-06-05 00:00:00,,,,,,
1985-06-06 00:00:00,,,,,,
1985-06-07 00:00:00,,,,,,
1985-06-10 00:00:00,,,,,,
1985-06-11 00:00:00,,,,,,
1985-06-12 00:00:00,,,,,,
1985-06-13 00:00:00,,,,,,
1985-06-14 00:00:00,,,,,,
1985-06-17 00:00:00,,,,,,
1985-06-18 00:00:00,,,,,,
1985-06-19 00:00:00,,,,,,
1985-06-20 00:00:00,,,,,,
1985-06-21 00:00:00,,,,,,
1985-06-24 00:00:00,,,,,,
1985-06-25 00:00:00,,,,,,
1985-06-26 00:00:00,,,,,,
1985-06-27 00:00:00,,,,,,
1985-06-28 00:00:00,,,,,,
1985-07-01 00:00:00,,,,,,
1985-07-02 00:00:00,,,,,,
1985-07-03 00:00:00,,,,,,
1985-07-05 00:00:00,,,,,,
1985-07-08 00:00:00,,,,,,
1985-07-09 00:00:00,,,,,,
1985-07-10 00:00:00,,,,,,
1985-07-11 00:00:00,,,,,,
1985-07-12 00:00:00,,,,,,
1985-07-15 00:00:00,,,,,,
1985-07-16 00:00:00,,,,,,
1985-07-17 00:00:00,,,,,,
1985-07-18 00:00:00,,,,,,
1985-07-19 00:00:00,,,,,,
1985-07-22 00:00:00,,,,,,
1985-07-23 00:00:00,,,,,,
1985-07-24 00:00:00,,,,,,
1985-07-25 00:00:00,,,,,,
1985-07-26 00:00:00,,,,,,
1985-07-29 00:00:00,,,,,,
1985-07-30 00:00:00,,,,,,
1985-07-31 00:00:00,,,,,,
1985-08-01 00:00:00,,,,,,
1985-08-02 00:00:00,,,,,,
1985-08-05 00:00:00,,,,,,
1985-08-06 00:00:00,,,,,,
1985-08-07 00:00:00,,,,,,
1985-08-08 00:00:00,,,,,,
1985-08-09 00:00:00,,,,,,
1985-08-12 00:00:00,,,,,,
1985-08-13 00:00:00,,,,,,
1985-08-14 00:00:00,,,,,,
1985-08-15 00:00:00,,,,,,
1985-08-16 00:00:00,,,,,,
1985-08-19 00:00:00,,,,,,
1985-08-20 00:00:00,,,,,,
1985-08-21 00:00:00,,,,,,
1985-08-22 00:00:00,,,,,,
1985-08-23 00:00:00,,,,,,
1985-08-26 00:00:00,,,,,,
1985-08-27 00:00:00,,,,,,
1985-08-28 00:00:00,,,,,,
1985-08-29 00:00:00,,,,,,
1985-08-30 00:00:00,,,,,,
1985-09-03 00:00:00,,,,,,
1985-09-04 00:00:00,,,,,,
1985-09-05 00:00:00,,,,,,
1985-09-06 00:00:00,,,,,,
1985-09-09 00:00:00,,,,,,
1985-09-10 00:00:00,,,,,,
1985-09-11 00:00:00,,,,,,
1985-09-12 00:00:00,,,,,,
1985-09-13 00:00:00,,,,,,
1985-09-16 00:00:00,,,,,,
1985-09-17 00:00:00,,,,,,
1985-09-18 00:00:00,,,,,,
1985-09-19 00:00:00,,,,,,
1985-09-20 00:00:00,,,,,,
1985-09-23 00:00:00,,,,,,
1985-09-24 00:00:00,,,,,,
1985-09-25 00:00:00,,,,,,
1985-09-26 00:00:00,,,,,,
1985-09-30 00:00:00,,,,,,
1985-10-01 00:00:00,,,,,,
1985-10-02 00:00:00,,,,,,
1985-10-03 00:00:00,,,,,,
1985-10-04 00:00:00,,,,,,
1985-10-07 00:00:00,,,,,,
1985-10-08 00:00:00,,,,,,
1985-10-09 00:00:00,,,,,,
1985-10-10 00:00:00,,,,,,
1985-10-11 00:00:00,,,,,,
1985-10-14 00:00:00,,,,,,
1985-10-15 00:00:00,,,,,,
1985-10-16 00:00:00,,,,,,
1985-10-17 00:00:00,,,,,,
1985-10-18 00:00:00,,,,,,
1985-10-21 00:00:00,,,,,,
1985-10-22 00:00:00,,,,,,
1985-10-23 00:00:00,,,,,,
1985-10-24 00:00:00,,,,,,
1985-10-25 00:00:00,,,,,,
1985-10-28 00:00:00,,,,,,
1985-10-29 00:00:00,,,,,,
1985-10-30 00:00:00,,,,,,
1985-10-31 00:00:00,,,,,,
1985-11-01 00:00:00,,,,,,
1985-11-04 00:00:00,,,,,,
1985-11-05 00:00:00,,,,,,
1985-11-06 00:00:00,,,,,,
1985-11-07 00:00:00,,,,,,
1985-11-08 00:00:00,,,,,,
1985-11-11 00:00:00,,,,,,
1985-11-12 00:00:00,,,,,,
1985-11-13 00:00:00,,,,,,
1985-11-14 00:00:00,,,,,,
1985-11-15 00:00:00,,,,,,
1985-11-18 00:00:00,,,,,,
1985-11-19 00:00:00,,,,,,
1985-11-20 00:00:00,,,,,,
1985-11-21 00:00:00,,,,,,
1985-11-22 00:00:00,,,,,,
1985-11-25 00:00:00,,,,,,
1985-11-26 00:00:00,,,,,,
1985-11-27 00:00:00,,,,,,
1985-11-29 00:00:00,,,,,,
1985-12-02 00:00:00,,,,,,
1985-12-03 00:00:00,,,,,,
1985-12-04 00:00:00,,,,,,
1985-12-05 00:00:00,,,,,,
1985-12-06 00:00:00,,,,,,
1985-12-09 00:00:00,,,,,,
1985-12-10 00:00:00,,,,,,
1985-12-11 00:00:00,,,,,,
1985-12-12 00:00:00,,,,,,
1985-12-13 00:00:00,,,,,,
1985-12-16 00:00:00,,,,,,
1985-12-17 00:00:00,,,,,,
1985-12-18 00:00:00,,,,,,
1985-12-19 00:00:00,,,,,,
1985-12-20 00:00:00,,,,,,
1985-12-23 00:00:00,,,,,,
1985-12-24 00:00:00,,,,,,
1985-12-26 00:00:00,,,,,,
1985-12-27 00:00:00,,,,,,
1985-12-30 00:00:00,,,,,,
1985-12-31 00:00:00,,,,,,
1986-01-02 00:00:00,,,,,,
1986-01-03 00:00:00,,,,,,
1986-01-06 00:00:00,,,,,,
1986-01-07 00:00:00,,,,,,
1986-01-08 00:00:00,,,,,,
1986-01-09 00:00:00,,,,,,
1986-01-10 00:00:00,,,,,,
1986-01-13 00:00:00,,,,,,
1986-01-14 00:00:00,,,,,,
1986-01-15 00:00:00,,,,,,
1986-01-16 00:00:00,,,,,,
1986-01-17 00:00:00,,,,,,
1986-01-20 00:00:00,,,,,,
1986-01-21 00:00:00,,,,,,
1986-01-22 00:00:00,,,,,,
1986-01-23 00:00:00,,,,,,
1986-01-24 00:00:00,,,,,,
1986-01-27 00:00:00,,,,,,
1986-01-28 00:00:00,,,,,,
1986-01-29 00:00:00,,,,,,
1986-01-30 00:00:00,,,,,,
1986-01-31 00:00:00,,,,,,
1986-02-03 00:00:00,,,,,,
1986-02-04 00:00:00,,,,,,
1986-02-05 00:00:00,,,,,,
1986-02-06 00:00:00,,,,,,
1986-02-07 00:00:00,,,,,,
1986-02-10 00:00:00,,,,,,
1986-02-11 00:00:00,,,,,,
1986-02-12 00:00:00,,,,,,
1986-02-13 00:00:00,,,,,,
1986-02-14 00:00:00,,,,,,
1986-02-18 00:00:00,,,,,,
1986-02-19 00:00:00,,,,,,
1986-02-20 00:00:00,,,,,,
1986-02-21 00:00:00,,,,,,
1986-02-24 00:00:00,,,,,,
1986-02-25 00:00:00,,,,,,
1986-02-26 00:00:00,,,,,,
1986-02-27 00:00:00,,,,,,
1986-02-28 00:00:00,,,,,,
1986-03-03 00:00:00,,,,,,
1986-03-04 00:00:00,,,,,,
1986-03-05 00:00:00,,,,,,
1986-03-06 00:00:00,,,,,,
1986-03-07 00:00:00,,,,,,
1986-03-10 00:00:00,,,,,,
1986-03-11 00:00:00,,,,,,
1986-03-12 00:00:00,,,,,,
1986-03-13 00:00:00,,,,,,
1986-03-14 00:00:00,,,,,,
1986-03-17 00:00:00,,,,,,
1986-03-18 00:00:00,,,,,,
1986-03-19 00:00:00,,,,,,
1986-03-20 00:00:00,,,,,,
1986-03-21 00:00:00,,,,,,
1986-03-24 00:00:00,,,,,,
1986-03-25 00:00:00,,,,,,
1986-03-26 00:00:00,,,,,,
1986-03-27 00:00:00,,,,,,
1986-03-31 00:00:00,,,,,,
1986-04-01 00:00:00,,,,,,
1986-04-02 00:00:00,,,,,,
1986-04-03 00:00:00,,,,,,
1986-04-04 00:00:00,,,,,,
1986-04-07 00:00:00,,,,,,
1986-04-08 00:00:00,,,,,,
1986-04-09 00:00:00,,,,,,
1986-04-10 00:00:00,,,,,,
1986-04-11 00:00:00,,,,,,
1986-04-14 00:00:00,,,,,,
1986-04-15 00:00:00,,,,,,
1986-04-16 00:00:00,,,,,,
1986-04-17 00:00:00,,,,,,
1986-04-18 00:00:00,,,,,,
1986-04-21 00:00:00,,,,,,
1986-04-22 00:00:00,,,,,,
1986-04-23 00:00:00,,,,,,
1986-04-24 00:00:00,,,,,,
1986-04-25 00:00:00,,,,,,
1986-04-28 00:00:00,,,,,,
1986-04-29 00:00:00,,,,,,
1986-04-30 00:00:00,,,,,,
1986-05-01 00:00:00,,,,,,
1986-05-02 00:00:00,,,,,,
1986-05-05 00:00:00,,,,,,
1986-05-06 00:00:00,,,,,,
1986-05-07 00:00:00,,,,,,
1986-05-08 00:00:00,,,,,,
1986-05-09 00:00:00,,,,,,
1986-05-12 00:00:00,,,,,,
1986-05-13 00:00:00,,,,,,
1986-05-14 00:00:00,,,,,,
1986-05-15 00:00:00,,,,,,
1986-05-16 00:00:00,,,,,,
1986-05-19 00:00:00,,,,,,
1986-05-20 00:00:00,,,,,,
1986-05-21 00:00:00,,,,,,
1986-05-22 00:00:00,,,,,,
1986-05-23 00:00:00,,,,,,
1986-05-27 00:00:00,,,,,,
1986-05-28 00:00:00,,,,,,
1986-05-29 00:00:00,,,,,,
1986-05-30 00:00:00,,,,,,
1986-06-02 00:00:00,,,,,,
1986-06-03 00:00:00,,,,,,
1986-06-04 00:00:00,,,,,,
1986-06-05 00:00:00,,,,,,
1986-06-06 00:00:00,,,,,,
1986-06-09 00:00:00,,,,,,
1986-06-10 00:00:00,,,,,,
1986-06-11 00:00:00,,,,,,
1986-06-12 00:00:00,,,,,,
1986-06-13 00:00:00,,,,,,
1986-06-16 00:00:00,,,,,,
1986-06-17 00:00:00,,,,,,
1986-06-18 00:00:00,,,,,,
1986-06-19 00:00:00,,,,,,
1986-06-20 00:00:00,,,,,,
1986-06-23 00:00:00,,,,,,
1986-06-24 00:00:00,,,,,,
1986-06-25 00:00:00,,,,,,
1986-06-26 00:00:00,,,,,,
1986-06-27 00:00:00,,,,,,
1986-06-30 00:00:00,,,,,,
1986-07-01 00:00:00,,,,,,
1986-07-02 00:00:00,,,,,,
1986-07-03 00:00:00,,,,,,
1986-07-07 00:00:00,,,,,,
1986-07-08 00:00:00,,,,,,
1986-07-09 00:00:00,,,,,,
1986-07-10 00:00:00,,,,,,
1986-07-11 00:00:00,,,,,,
1986-07-14 00:00:00,,,,,,
1986-07-15 00:00:00,,,,,,
1986-07-16 00:00:00,,,,,,
1986-07-17 00:00:00,,,,,,
1986-07-18 00:00:00,,,,,,
1986-07-21 00:00:00,,,,,,
1986-07-22 00:00:00,,,,,,
1986-07-23 00:00:00,,,,,,
1986-07-24 00:00:00,,,,,,
1986-07-25 00:00:00,,,,,,
1986-07-28 00:00:00,,,,,,
1986-07-29 00:00:00,,,,,,
1986-07-30 00:00:00,,,,,,
1986-07-31 00:00:00,,,,,,
1986-08-01 00:00:00,,,,,,
1986-08-04 00:00:00,,,,,,
1986-08-05 00:00:00,,,,,,
1986-08-06 00:00:00,,,,,,
1986-08-07 00:00:00,,,,,,
1986-08-08 00:00:00,,,,,,
1986-08-11 00:00:00,,,,,,
1986-08-12 00:00:00,,,,,,
1986-08-13 00:00:00,,,,,,
1986-08-14 00:00:00,,,,,,
1986-08-15 00:00:00,,,,,,
1986-08-18 00:00:00,,,,,,
1986-08-19 00:00:00,,,,,,
1986-08-20 00:00:00,,,,,,
1986-08-21 00:00:00,,,,,,
1986-08-22 00:00:00,,,,,,
1986-08-25 00:00:00,,,,,,
1986-08-26 00:00:00,,,,,,
1986-08-27 00:00:00,,,,,,
1986-08-28 00:00:00,,,,,,
1986-08-29 00:00:00,,,,,,
1986-09-02 00:00:00,,,,,,
1986-09-03 00:00:00,,,,,,
1986-09-04 00:00:00,,,,,,
1986-09-05 00:00:00,,,,,,
1986-09-08 00:00:00,,,,,,
1986-09-09 00:00:00,,,,,,
1986-09-10 00:00:00,,,,,,
1986-09-11 00:00:00,,,,,,
1986-09-12 00:00:00,,,,,,
1986-09-15 00:00:00,,,,,,
1986-09-16 00:00:00,,,,,,
1986-09-17 00:00:00,,,,,,
1986-09-18 00:00:00,,,,,,
1986-09-19 00:00:00,,,,,,
1986-09-22 00:00:00,,,,,,
1986-09-23 00:00:00,,,,,,
1986-09-24 00:00:00,,,,,,
1986-09-25 00:00:00,,,,,,
1986-09-26 00:00:00,,,,,,
1986-09-29 00:00:00,,,,,,
1986-09-30 00:00:00,,,,,,
1986-10-01 00:00:00,,,,,,
1986-10-02 00:00:00,,,,,,
1986-10-03 00:00:00,,,,,,
1986-10-06 00:00:00,,,,,,
1986-10-07 00:00:00,,,,,,
1986-10-08 00:00:00,,,,,,
1986-10-09 00:00:00,,,,,,
1986-10-10 00:00:00,,,,,,
1986-10-13 00:00:00,,,,,,
1986-10-14 00:00:00,,,,,,
1986-10-15 00:00:00,,,,,,
1986-10-16 00:00:00,,,,,,
1986-10-17 00:00:00,,,,,,
1986-10-20 00:00:00,,,,,,
1986-10-21 00:00:00,,,,,,
1986-10-22 00:00:00,,,,,,
1986-10-23 00:00:00,,,,,,
1986-10-24 00:00:00,,,,,,
1986-10-27 00:00:00,,,,,,
1986-10-28 00:00:00,,,,,,
1986-10-29 00:00:00,,,,,,
1986-10-30 00:00:00,,,,,,
1986-10-31 00:00:00,,,,,,
1986-11-03 00:00:00,,,,,,
1986-11-04 00:00:00,,,,,,
1986-11-05 00:00:00,,,,,,
1986-11-06 00:00:00,,,,,,
1986-11-07 00:00:00,,,,,,
1986-11-10 00:00:00,,,,,,
1986-11-11 00:00:00,,,,,,
1986-11-12 00:00:00,,,,,,
1986-11-13 00:00:00,,,,,,
1986-11-14 00:00:00,,,,,,
1986-11-17 00:00:00,,,,,,
1986-11-18 00:00:00,,,,,,
1986-11-19 00:00:00,,,,,,
1986-11-20 00:00:00,,,,,,
1986-11-21 00:00:00,,,,,,
1986-11-24 00:00:00,,,,,,
1986-11-25 00:00:00,,,,,,
1986-11-26 00:00:00,,,,,,
1986-11-28 00:00:00,,,,,,
1986-12-01 00:00:00,,,,,,
1986-12-02 00:00:00,,,,,,
1986-12-03 00:00:00,,,,,,
1986-12-04 00:00:00,,,,,,
1986-12-05 00:00:00,,,,,,
1986-12-08 00:00:00,,,,,,
1986-12-09 00:00:00,,,,,,
1986-12-10 00:00:00,,,,,,
1986-12-11 00:00:00,,,,,,
1986-12-12 00:00:00,,,,,,
1986-12-15 00:00:00,,,,,,
1986-12-16 00:00:00,,,,,,
1986-12-17 00:00:00,,,,,,
1986-12-18 00:00:00,,,,,,
1986-12-19 00:00:00,,,,,,
1986-12-22 00:00:00,,,,,,
1986-12-23 00:00:00,,,,,,
1986-12-24 00:00:00,,,,,,
1986-12-26 00:00:00,,,,,,
1986-12-29 00:00:00,,,,,,
1986-12-30 00:00:00,,,,,,
1986-12-31 00:00:00,,,,,,
1987-01-02 00:00:00,,,,,,
1987-01-05 00:00:00,,,,,,
1987-01-06 00:00:00,,,,,,
1987-01-07 00:00:00,,,,,,
1987-01-08 00:00:00,,,,,,
1987-01-09 00:00:00,,,,,,
1987-01-12 00:00:00,,,,,,
1987-01-13 00:00:00,,,,,,
1987-01-14 00:00:00,,,,,,
1987-01-15 00:00:00,,,,,,
1987-01-16 00:00:00,,,,,,
1987-01-19 00:00:00,,,,,,
1987-01-20 00:00:00,,,,,,
1987-01-21 00:00:00,,,,,,
1987-01-22 00:00:00,,,,,,
1987-01-23 00:00:00,,,,,,
1987-01-26 00:00:00,,,,,,
1987-01-27 00:00:00,,,,,,
1987-01-28 00:00:00,,,,,,
1987-01-29 00:00:00,,,,,,
1987-01-30 00:00:00,,,,,,
1987-02-02 00:00:00,,,,,,
1987-02-03 00:00:00,,,,,,
1987-02-04 00:00:00,,,,,,
1987-02-05 00:00:00,,,,,,
1987-02-06 00:00:00,,,,,,
1987-02-09 00:00:00,,,,,,
1987-02-10 00:00:00,,,,,,
1987-02-11 00:00:00,,,,,,
1987-02-12 00:00:00,,,,,,
1987-02-13 00:00:00,,,,,,
1987-02-17 00:00:00,,,,,,
1987-02-18 00:00:00,,,,,,
1987-02-19 00:00:00,,,,,,
1987-02-20 00:00:00,,,,,,
1987-02-23 00:00:00,,,,,,
1987-02-24 00:00:00,,,,,,
1987-02-25 00:00:00,,,,,,
1987-02-26 00:00:00,,,,,,
1987-02-27 00:00:00,,,,,,
1987-03-02 00:00:00,,,,,,
1987-03-03 00:00:00,,,,,,
1987-03-04 00:00:00,,,,,,
1987-03-05 00:00:00,,,,,,
1987-03-06 00:00:00,,,,,,
1987-03-09 00:00:00,,,,,,
1987-03-10 00:00:00,,,,,,
1987-03-11 00:00:00,,,,,,
1987-03-12 00:00:00,,,,,,
1987-03-13 00:00:00,,,,,,
1987-03-16 00:00:00,,,,,,
1987-03-17 00:00:00,,,,,,
1987-03-18 00:00:00,,,,,,
1987-03-19 00:00:00,,,,,,
1987-03-20 00:00:00,,,,,,
1987-03-23 00:00:00,,,,,,
1987-03-24 00:00:00,,,,,,
1987-03-25 00:00:00,,,,,,
1987-03-26 00:00:00,,,,,,
1987-03-27 00:00:00,,,,,,
1987-03-30 00:00:00,,,,,,
1987-03-31 00:00:00,,,,,,
1987-04-01 00:00:00,,,,,,
1987-04-02 00:00:00,,,,,,
1987-04-03 00:00:00,,,,,,
1987-04-06 00:00:00,,,,,,
1987-04-07 00:00:00,,,,,,
1987-04-08 00:00:00,,,,,,
1987-04-09 00:00:00,,,,,,
1987-04-10 00:00:00,,,,,,
1987-04-13 00:00:00,,,,,,
1987-04-14 00:00:00,,,,,,
1987-04-15 00:00:00,,,,,,
1987-04-16 00:00:00,,,,,,
1987-04-20 00:00:00,,,,,,
1987-04-21 00:00:00,,,,,,
1987-04-22 00:00:00,,,,,,
1987-04-23 00:00:00,,,,,,
1987-04-24 00:00:00,,,,,,
1987-04-27 00:00:00,,,,,,
1987-04-28 00:00:00,,,,,,
1987-04-29 00:00:00,,,,,,
1987-04-30 00:00:00,,,,,,
1987-05-01 00:00:00,,,,,,
1987-05-04 00:00:00,,,,,,
1987-05-05 00:00:00,,,,,,
1987-05-06 00:00:00,,,,,,
1987-05-07 00:00:00,,,,,,
1987-05-08 00:00:00,,,,,,
1987-05-11 00:00:00,,,,,,
1987-05-12 00:00:00,,,,,,
1987-05-13 00:00:00,,,,,,
1987-05-14 00:00:00,,,,,,
1987-05-15 00:00:00,,,,,,
1987-05-18 00:00:00,,,,,,
1987-05-19 00:00:00,,,,,,
1987-05-20 00:00:00,,,,,,
1987-05-21 00:00:00,,,,,,
1987-05-22 00:00:00,,,,,,
1987-05-26 00:00:00,,,,,,
1987-05-27 00:00:00,,,,,,
1987-05-28 00:00:00,,,,,,
1987-05-29 00:00:00,,,,,,
1987-06-01 00:00:00,,,,,,
1987-06-02 00:00:00,,,,,,
1987-06-03 00:00:00,,,,,,
1987-06-04 00:00:00,,,,,,
1987-06-05 00:00:00,,,,,,
1987-06-08 00:00:00,,,,,,
1987-06-09 00:00:00,,,,,,
1987-06-10 00:00:00,,,,,,
1987-06-11 00:00:00,,,,,,
1987-06-12 00:00:00,,,,,,
1987-06-15 00:00:00,,,,,,
1987-06-16 00:00:00,,,,,,
1987-06-17 00:00:00,,,,,,
1987-06-18 00:00:00,,,,,,
1987-06-19 00:00:00,,,,,,
1987-06-22 00:00:00,,,,,,
1987-06-23 00:00:00,,,,,,
1987-06-24 00:00:00,,,,,,
1987-06-25 00:00:00,,,,,,
1987-06-26 00:00:00,,,,,,
1987-06-29 00:00:00,,,,,,
1987-06-30 00:00:00,,,,,,
1987-07-01 00:00:00,,,,,,
1987-07-02 00:00:00,,,,,,
1987-07-06 00:00:00,,,,,,
1987-07-07 00:00:00,,,,,,
1987-07-08 00:00:00,,,,,,
1987-07-09 00:00:00,,,,,,
1987-07-10 00:00:00,,,,,,
1987-07-13 00:00:00,,,,,,
1987-07-14 00:00:00,,,,,,
1987-07-15 00:00:00,,,,,,
1987-07-16 00:00:00,,,,,,
1987-07-17 00:00:00,,,,,,
1987-07-20 00:00:00,,,,,,
1987-07-21 00:00:00,,,,,,
1987-07-22 00:00:00,,,,,,
1987-07-23 00:00:00,,,,,,
1987-07-24 00:00:00,,,,,,
1987-07-27 00:00:00,,,,,,
1987-07-28 00:00:00,,,,,,
1987-07-29 00:00:00,,,,,,
1987-07-30 00:00:00,,,,,,
1987-07-31 00:00:00,,,,,,
1987-08-03 00:00:00,,,,,,
1987-08-04 00:00:00,,,,,,
1987-08-05 00:00:00,,,,,,
1987-08-06 00:00:00,,,,,,
1987-08-07 00:00:00,,,,,,
1987-08-10 00:00:00,,,,,,
1987-08-11 00:00:00,,,,,,
1987-08-12 00:00:00,,,,,,
1987-08-13 00:00:00,,,,,,
1987-08-14 00:00:00,,,,,,
1987-08-17 00:00:00,,,,,,
1987-08-18 00:00:00,,,,,,
1987-08-19 00:00:00,,,,,,
1987-08-20 00:00:00,,,,,,
1987-08-21 00:00:00,,,,,,
1987-08-24 00:00:00,,,,,,
1987-08-25 00:00:00,,,,,,
1987-08-26 00:00:00,,,,,,
1987-08-27 00:00:00,,,,,,
1987-08-28 00:00:00,,,,,,
1987-08-31 00:00:00,,,,,,
1987-09-01 00:00:00,,,,,,
1987-09-02 00:00:00,,,,,,
1987-09-03 00:00:00,,,,,,
1987-09-04 00:00:00,,,,,,
1987-09-08 00:00:00,,,,,,
1987-09-09 00:00:00,,,,,,
1987-09-10 00:00:00,,,,,,
1987-09-11 00:00:00,,,,,,
1987-09-14 00:00:00,,,,,,
1987-09-15 00:00:00,,,,,,
1987-09-16 00:00:00,,,,,,
1987-09-17 00:00:00,,,,,,
1987-09-18 00:00:00,,,,,,
1987-09-21 00:00:00,,,,,,
1987-09-22 00:00:00,,,,,,
1987-09-23 00:00:00,,,,,,
1987-09-24 00:00:00,,,,,,
1987-09-25 00:00:00,,,,,,
1987-09-28 00:00:00,,,,,,
1987-09-29 00:00:00,,,,,,
1987-09-30 00:00:00,,,,,,
1987-10-01 00:00:00,,,,,,
1987-10-02 00:00:00,,,,,,
1987-10-05 00:00:00,,,,,,
1987-10-06 00:00:00,,,,,,
1987-10-07 00:00:00,,,,,,
1987-10-08 00:00:00,,,,,,
1987-10-09 00:00:00,,,,,,
1987-10-12 00:00:00,,,,,,
1987-10-13 00:00:00,,,,,,
1987-10-14 00:00:00,,,,,,
1987-10-15 00:00:00,,,,,,
1987-10-16 00:00:00,,,,,,
1987-10-19 00:00:00,,,,,,
1987-10-20 00:00:00,,,,,,
1987-10-21 00:00:00,,,,,,
1987-10-22 00:00:00,,,,,,
1987-10-23 00:00:00,,,,,,
1987-10-26 00:00:00,,,,,,
1987-10-27 00:00:00,,,,,,
1987-10-28 00:00:00,,,,,,
1987-10-29 00:00:00,,,,,,
1987-10-30 00:00:00,,,,,,
1987-11-02 00:00:00,,,,,,
1987-11-03 00:00:00,,,,,,
1987-11-04 00:00:00,,,,,,
1987-11-05 00:00:00,,,,,,
1987-11-06 00:00:00,,,,,,
1987-11-09 00:00:00,,,,,,
1987-11-10 00:00:00,,,,,,
1987-11-11 00:00:00,,,,,,
1987-11-12 00:00:00,,,,,,
1987-11-13 00:00:00,,,,,,
1987-11-16 00:00:00,,,,,,
1987-11-17 00:00:00,,,,,,
1987-11-18 00:00:00,,,,,,
1987-11-19 00:00:00,,,,,,
1987-11-20 00:00:00,,,,,,
1987-11-23 00:00:00,,,,,,
1987-11-24 00:00:00,,,,,,
1987-11-25 00:00:00,,,,,,
1987-11-27 00:00:00,,,,,,
1987-11-30 00:00:00,,,,,,
1987-12-01 00:00:00,,,,,,
1987-12-02 00:00:00,,,,,,
1987-12-03 00:00:00,,,,,,
1987-12-04 00:00:00,,,,,,
1987-12-07 00:00:00,,,,,,
1987-12-08 00:00:00,,,,,,
1987-12-09 00:00:00,,,,,,
1987-12-10 00:00:00,,,,,,
1987-12-11 00:00:00,,,,,,
1987-12-14 00:00:00,,,,,,
1987-12-15 00:00:00,,,,,,
1987-12-16 00:00:00,,,,,,
1987-12-17 00:00:00,,,,,,
1987-12-18 00:00:00,,,,,,
1987-12-21 00:00:00,,,,,,
1987-12-22 00:00:00,,,,,,
1987-12-23 00:00:00,,,,,,
1987-12-24 00:00:00,,,,,,
1987-12-28 00:00:00,,,,,,
1987-12-29 00:00:00,,,,,,
1987-12-30 00:00:00,,,,,,
1987-12-31 00:00:00,,,,,,
1988-01-04 00:00:00,,,,,,
1988-01-05 00:00:00,,,,,,
1988-01-06 00:00:00,,,,,,
1988-01-07 00:00:00,,,,,,
1988-01-08 00:00:00,,,,,,
1988-01-11 00:00:00,,,,,,
1988-01-12 00:00:00,,,,,,
1988-01-13 00:00:00,,,,,,
1988-01-14 00:00:00,,,,,,
1988-01-15 00:00:00,,,,,,
1988-01-18 00:00:00,,,,,,
1988-01-19 00:00:00,,,,,,
1988-01-20 00:00:00,,,,,,
1988-01-21 00:00:00,,,,,,
1988-01-22 00:00:00,,,,,,
1988-01-25 00:00:00,,,,,,
1988-01-26 00:00:00,,,,,,
1988-01-27 00:00:00,,,,,,
1988-01-28 00:00:00,,,,,,
1988-01-29 00:00:00,,,,,,
1988-02-01 00:00:00,,,,,,
1988-02-02 00:00:00,,,,,,
1988-02-03 00:00:00,,,,,,
1988-02-04 00:00:00,,,,,,
1988-02-05 00:00:00,,,,,,
1988-02-08 00:00:00,,,,,,
1988-02-09 00:00:00,,,,,,
1988-02-10 00:00:00,,,,,,
1988-02-11 00:00:00,,,,,,
1988-02-12 00:00:00,,,,,,
1988-02-16 00:00:00,,,,,,
1988-02-17 00:00:00,,,,,,
1988-02-18 00:00:00,,,,,,
1988-02-19 00:00:00,,,,,,
1988-02-22 00:00:00,,,,,,
1988-02-23 00:00:00,,,,,,
1988-02-24 00:00:00,,,,,,
1988-02-25 00:00:00,,,,,,
1988-02-26 00:00:00,,,,,,
1988-02-29 00:00:00,,,,,,
1988-03-01 00:00:00,,,,,,
1988-03-02 00:00:00,,,,,,
1988-03-03 00:00:00,,,,,,
1988-03-04 00:00:00,,,,,,
1988-03-07 00:00:00,,,,,,
1988-03-08 00:00:00,,,,,,
1988-03-09 00:00:00,,,,,,
1988-03-10 00:00:00,,,,,,
1988-03-11 00:00:00,,,,,,
1988-03-14 00:00:00,,,,,,
1988-03-15 00:00:00,,,,,,
1988-03-16 00:00:00,,,,,,
1988-03-17 00:00:00,,,,,,
1988-03-18 00:00:00,,,,,,
1988-03-21 00:00:00,,,,,,
1988-03-22 00:00:00,,,,,,
1988-03-23 00:00:00,,,,,,
1988-03-24 00:00:00,,,,,,
1988-03-25 00:00:00,,,,,,
1988-03-28 00:00:00,,,,,,
1988-03-29 00:00:00,,,,,,
1988-03-30 00:00:00,,,,,,
1988-03-31 00:00:00,,,,,,
1988-04-04 00:00:00,,,,,,
1988-04-05 00:00:00,,,,,,
1988-04-06 00:00:00,,,,,,
1988-04-07 00:00:00,,,,,,
1988-04-08 00:00:00,,,,,,
1988-04-11 00:00:00,,,,,,
1988-04-12 00:00:00,,,,,,
1988-04-13 00:00:00,,,,,,
1988-04-14 00:00:00,,,,,,
1988-04-15 00:00:00,,,,,,
1988-04-18 00:00:00,,,,,,
1988-04-19 00:00:00,,,,,,
1988-04-20 00:00:00,,,,,,
1988-04-21 00:00:00,,,,,,
1988-04-22 00:00:00,,,,,,
1988-04-25 00:00:00,,,,,,
1988-04-26 00:00:00,,,,,,
1988-04-27 00:00:00,,,,,,
1988-04-28 00:00:00,,,,,,
1988-04-29 00:00:00,,,,,,
1988-05-02 00:00:00,,,,,,
1988-05-03 00:00:00,,,,,,
1988-05-04 00:00:00,,,,,,
1988-05-05 00:00:00,,,,,,
1988-05-06 00:00:00,,,,,,
1988-05-09 00:00:00,,,,,,
1988-05-10 00:00:00,,,,,,
1988-05-11 00:00:00,,,,,,
1988-05-12 00:00:00,,,,,,
1988-05-13 00:00:00,,,,,,
1988-05-16 00:00:00,,,,,,
1988-05-17 00:00:00,,,,,,
1988-05-18 00:00:00,,,,,,
1988-05-19 00:00:00,,,,,,
1988-05-20 00:00:00,,,,,,
1988-05-23 00:00:00,,,,,,
1988-05-24 00:00:00,,,,,,
1988-05-25 00:00:00,,,,,,
1988-05-26 00:00:00,,,,,,
1988-05-27 00:00:00,,,,,,
1988-05-31 00:00:00,,,,,,
1988-06-01 00:00:00,,,,,,
1988-06-02 00:00:00,,,,,,
1988-06-03 00:00:00,,,,,,
1988-06-06 00:00:00,,,,,,
1988-06-07 00:00:00,,,,,,
1988-06-08 00:00:00,,,,,,
1988-06-09 00:00:00,,,,,,
1988-06-10 00:00:00,,,,,,
1988-06-13 00:00:00,,,,,,
1988-06-14 00:00:00,,,,,,
1988-06-15 00:00:00,,,,,,
1988-06-16 00:00:00,,,,,,
1988-06-17 00:00:00,,,,,,
1988-06-20 00:00:00,,,,,,
1988-06-21 00:00:00,,,,,,
1988-06-22 00:00:00,,,,,,
1988-06-23 00:00:00,,,,,,
1988-06-24 00:00:00,,,,,,
1988-06-27 00:00:00,,,,,,
1988-06-28 00:00:00,,,,,,
1988-06-29 00:00:00,,,,,,
1988-06-30 00:00:00,,,,,,
1988-07-01 00:00:00,,,,,,
1988-07-05 00:00:00,,,,,,
1988-07-06 00:00:00,,,,,,
1988-07-07 00:00:00,,,,,,
1988-07-08 00:00:00,,,,,,
1988-07-11 00:00:00,,,,,,
1988-07-12 00:00:00,,,,,,
1988-07-13 00:00:00,,,,,,
1988-07-14 00:00:00,,,,,,
1988-07-15 00:00:00,,,,,,
1988-07-18 00:00:00,,,,,,
1988-07-19 00:00:00,,,,,,
1988-07-20 00:00:00,,,,,,
1988-07-21 00:00:00,,,,,,
1988-07-22 00:00:00,,,,,,
1988-07-25 00:00:00,,,,,,
1988-07-26 00:00:00,,,,,,
1988-07-27 00:00:00,,,,,,
1988-07-28 00:00:00,,,,,,
1988-07-29 00:00:00,,,,,,
1988-08-01 00:00:00,,,,,,
1988-08-02 00:00:00,,,,,,
1988-08-03 00:00:00,,,,,,
1988-08-04 00:00:00,,,,,,
1988-08-05 00:00:00,,,,,,
1988-08-08 00:00:00,,,,,,
1988-08-09 00:00:00,,,,,,
1988-08-10 00:00:00,,,,,,
1988-08-11 00:00:00,,,,,,
1988-08-12 00:00:00,,,,,,
1988-08-15 00:00:00,,,,,,
1988-08-16 00:00:00,,,,,,
1988-08-17 00:00:00,,,,,,
1988-08-18 00:00:00,,,,,,
1988-08-19 00:00:00,,,,,,
1988-08-22 00:00:00,,,,,,
1988-08-23 00:00:00,,,,,,
1988-08-24 00:00:00,,,,,,
1988-08-25 00:00:00,,,,,,
1988-08-26 00:00:00,,,,,,
1988-08-29 00:00:00,,,,,,
1988-08-30 00:00:00,,,,,,
1988-08-31 00:00:00,,,,,,
1988-09-01 00:00:00,,,,,,
1988-09-02 00:00:00,,,,,,
1988-09-06 00:00:00,,,,,,
1988-09-07 00:00:00,,,,,,
1988-09-08 00:00:00,,,,,,
1988-09-09 00:00:00,,,,,,
1988-09-12 00:00:00,,,,,,
1988-09-13 00:00:00,,,,,,
1988-09-14 00:00:00,,,,,,
1988-09-15 00:00:00,,,,,,
1988-09-16 00:00:00,,,,,,
1988-09-19 00:00:00,,,,,,
1988-09-20 00:00:00,,,,,,
1988-09-21 00:00:00,,,,,,
1988-09-22 00:00:00,,,,,,
1988-09-23 00:00:00,,,,,,
1988-09-26 00:00:00,,,,,,
1988-09-27 00:00:00,,,,,,
1988-09-28 00:00:00,,,,,,
1988-09-29 00:00:00,,,,,,
1988-09-30 00:00:00,,,,,,
1988-10-03 00:00:00,,,,,,
1988-10-04 00:00:00,,,,,,
1988-10-05 00:00:00,,,,,,
1988-10-06 00:00:00,,,,,,
1988-10-07 00:00:00,,,,,,
1988-10-10 00:00:00,,,,,,
1988-10-11 00:00:00,,,,,,
1988-10-12 00:00:00,,,,,,
1988-10-13 00:00:00,,,,,,
1988-10-14 00:00:00,,,,,,
1988-10-17 00:00:00,,,,,,
1988-10-18 00:00:00,,,,,,
1988-10-19 00:00:00,,,,,,
1988-10-20 00:00:00,,,,,,
1988-10-21 00:00:00,,,,,,
1988-10-24 00:00:00,,,,,,
1988-10-25 00:00:00,,,,,,
1988-10-26 00:00:00,,,,,,
1988-10-27 00:00:00,,,,,,
1988-10-28 00:00:00,,,,,,
1988-10-31 00:00:00,,,,,,
1988-11-01 00:00:00,,,,,,
1988-11-02 00:00:00,,,,,,
1988-11-03 00:00:00,,,,,,
1988-11-04 00:00:00,,,,,,
1988-11-07 00:00:00,,,,,,
1988-11-08 00:00:00,,,,,,
1988-11-09 00:00:00,,,,,,
1988-11-10 00:00:00,,,,,,
1988-11-11 00:00:00,,,,,,
1988-11-14 00:00:00,,,,,,
1988-11-15 00:00:00,,,,,,
1988-11-16 00:00:00,,,,,,
1988-11-17 00:00:00,,,,,,
1988-11-18 00:00:00,,,,,,
1988-11-21 00:00:00,,,,,,
1988-11-22 00:00:00,,,,,,
1988-11-23 00:00:00,,,,,,
1988-11-25 00:00:00,,,,,,
1988-11-28 00:00:00,,,,,,
1988-11-29 00:00:00,,,,,,
1988-11-30 00:00:00,,,,,,
1988-12-01 00:00:00,,,,,,
1988-12-02 00:00:00,,,,,,
1988-12-05 00:00:00,,,,,,
1988-12-06 00:00:00,,,,,,
1988-12-07 00:00:00,,,,,,
1988-12-08 00:00:00,,,,,,
1988-12-09 00:00:00,,,,,,
1988-12-12 00:00:00,,,,,,
1988-12-13 00:00:00,,,,,,
1988-12-14 00:00:00,,,,,,
1988-12-15 00:00:00,,,,,,
1988-12-16 00:00:00,,,,,,
1988-12-19 00:00:00,,,,,,
1988-12-20 00:00:00,,,,,,
1988-12-21 00:00:00,,,,,,
1988-12-22 00:00:00,,,,,,
1988-12-23 00:00:00,,,,,,
1988-12-26 00:00:00,,,,,,
1988-12-27 00:00:00,,,,,,
1988-12-28 00:00:00,,,,,,
1988-12-29 00:00:00,,,,,,
1988-12-30 00:00:00,,,,,,
1989-01-03 00:00:00,,,,,,
1989-01-04 00:00:00,,,,,,
1989-01-05 00:00:00,,,,,,
1989-01-06 00:00:00,,,,,,
1989-01-09 00:00:00,,,,,,
1989-01-10 00:00:00,,,,,,
1989-01-11 00:00:00,,,,,,
1989-01-12 00:00:00,,,,,,
1989-01-13 00:00:00,,,,,,
1989-01-16 00:00:00,,,,,,
1989-01-17 00:00:00,,,,,,
1989-01-18 00:00:00,,,,,,
1989-01-19 00:00:00,,,,,,
1989-01-20 00:00:00,,,,,,
1989-01-23 00:00:00,,,,,,
1989-01-24 00:00:00,,,,,,
1989-01-25 00:00:00,,,,,,
1989-01-26 00:00:00,,,,,,
1989-01-27 00:00:00,,,,,,
1989-01-30 00:00:00,,,,,,
1989-01-31 00:00:00,,,,,,
1989-02-01 00:00:00,,,,,,
1989-02-02 00:00:00,,,,,,
1989-02-03 00:00:00,,,,,,
1989-02-06 00:00:00,,,,,,
1989-02-07 00:00:00,,,,,,
1989-02-08 00:00:00,,,,,,
1989-02-09 00:00:00,,,,,,
1989-02-10 00:00:00,,,,,,
1989-02-13 00:00:00,,,,,,
1989-02-14 00:00:00,,,,,,
1989-02-15 00:00:00,,,,,,
1989-02-16 00:00:00,,,,,,
1989-02-17 00:00:00,,,,,,
1989-02-21 00:00:00,,,,,,
1989-02-22 00:00:00,,,,,,
1989-02-23 00:00:00,,,,,,
1989-02-24 00:00:00,,,,,,
1989-02-27 00:00:00,,,,,,
1989-02-28 00:00:00,,,,,,
1989-03-01 00:00:00,,,,,,
1989-03-02 00:00:00,,,,,,
1989-03-03 00:00:00,,,,,,
1989-03-06 00:00:00,,,,,,
1989-03-07 00:00:00,,,,,,
1989-03-08 00:00:00,,,,,,
1989-03-09 00:00:00,,,,,,
1989-03-10 00:00:00,,,,,,
1989-03-13 00:00:00,,,,,,
1989-03-14 00:00:00,,,,,,
1989-03-15 00:00:00,,,,,,
1989-03-16 00:00:00,,,,,,
1989-03-17 00:00:00,,,,,,
1989-03-20 00:00:00,,,,,,
1989-03-21 00:00:00,,,,,,
1989-03-22 00:00:00,,,,,,
1989-03-23 00:00:00,,,,,,
1989-03-27 00:00:00,,,,,,
1989-03-28 00:00:00,,,,,,
1989-03-29 00:00:00,,,,,,
1989-03-30 00:00:00,,,,,,
1989-03-31 00:00:00,,,,,,
1989-04-03 00:00:00,,,,,,
1989-04-04 00:00:00,,,,,,
1989-04-05 00:00:00,,,,,,
1989-04-06 00:00:00,,,,,,
1989-04-07 00:00:00,,,,,,
1989-04-10 00:00:00,,,,,,
1989-04-11 00:00:00,,,,,,
1989-04-12 00:00:00,,,,,,
1989-04-13 00:00:00,,,,,,
1989-04-14 00:00:00,,,,,,
1989-04-17 00:00:00,,,,,,
1989-04-18 00:00:00,,,,,,
1989-04-19 00:00:00,,,,,,
1989-04-20 00:00:00,,,,,,
1989-04-21 00:00:00,,,,,,
1989-04-24 00:00:00,,,,,,
1989-04-25 00:00:00,,,,,,
1989-04-26 00:00:00,,,,,,
1989-04-27 00:00:00,,,,,,
1989-04-28 00:00:00,,,,,,
1989-05-01 00:00:00,,,,,,
1989-05-02 00:00:00,,,,,,
1989-05-03 00:00:00,,,,,,
1989-05-04 00:00:00,,,,,,
1989-05-05 00:00:00,,,,,,
1989-05-08 00:00:00,,,,,,
1989-05-09 00:00:00,,,,,,
1989-05-10 00:00:00,,,,,,
1989-05-11 00:00:00,,,,,,
1989-05-12 00:00:00,,,,,,
1989-05-15 00:00:00,,,,,,
1989-05-16 00:00:00,,,,,,
1989-05-17 00:00:00,,,,,,
1989-05-18 00:00:00,,,,,,
1989-05-19 00:00:00,,,,,,
1989-05-22 00:00:00,,,,,,
1989-05-23 00:00:00,,,,,,
1989-05-24 00:00:00,,,,,,
1989-05-25 00:00:00,,,,,,
1989-05-26 00:00:00,,,,,,
1989-05-30 00:00:00,,,,,,
1989-05-31 00:00:00,,,,,,
1989-06-01 00:00:00,,,,,,
1989-06-02 00:00:00,,,,,,
1989-06-05 00:00:00,,,,,,
1989-06-06 00:00:00,,,,,,
1989-06-07 00:00:00,,,,,,
1989-06-08 00:00:00,,,,,,
1989-06-09 00:00:00,,,,,,
1989-06-12 00:00:00,,,,,,
1989-06-13 00:00:00,,,,,,
1989-06-14 00:00:00,,,,,,
1989-06-15 00:00:00,,,,,,
1989-06-16 00:00:00,,,,,,
1989-06-19 00:00:00,,,,,,
1989-06-20 00:00:00,,,,,,
1989-06-21 00:00:00,,,,,,
1989-06-22 00:00:00,,,,,,
1989-06-23 00:00:00,,,,,,
1989-06-26 00:00:00,,,,,,
1989-06-27 00:00:00,,,,,,
1989-06-28 00:00:00,,,,,,
1989-06-29 00:00:00,,,,,,
1989-06-30 00:00:00,,,,,,
1989-07-03 00:00:00,,,,,,
1989-07-05 00:00:00,,,,,,
1989-07-06 00:00:00,,,,,,
1989-07-07 00:00:00,,,,,,
1989-07-10 00:00:00,,,,,,
1989-07-11 00:00:00,,,,,,
1989-07-12 00:00:00,,,,,,
1989-07-13 00:00:00,,,,,,
1989-07-14 00:00:00,,,,,,
1989-07-17 00:00:00,,,,,,
1989-07-18 00:00:00,,,,,,
1989-07-19 00:00:00,,,,,,
1989-07-20 00:00:00,,,,,,
1989-07-21 00:00:00,,,,,,
1989-07-24 00:00:00,,,,,,
1989-07-25 00:00:00,,,,,,
1989-07-26 00:00:00,,,,,,
1989-07-27 00:00:00,,,,,,
1989-07-28 00:00:00,,,,,,
1989-07-31 00:00:00,,,,,,
1989-08-01 00:00:00,,,,,,
1989-08-02 00:00:00,,,,,,
1989-08-03 00:00:00,,,,,,
1989-08-04 00:00:00,,,,,,
1989-08-07 00:00:00,,,,,,
1989-08-08 00:00:00,,,,,,
1989-08-09 00:00:00,,,,,,
1989-08-10 00:00:00,,,,,,
1989-08-11 00:00:00,,,,,,
1989-08-14 00:00:00,,,,,,
1989-08-15 00:00:00,,,,,,
1989-08-16 00:00:00,,,,,,
1989-08-17 00:00:00,,,,,,
1989-08-18 00:00:00,,,,,,
1989-08-21 00:00:00,,,,,,
1989-08-22 00:00:00,,,,,,
1989-08-23 00:00:00,,,,,,
1989-08-24 00:00:00,,,,,,
1989-08-25 00:00:00,,,,,,
1989-08-28 00:00:00,,,,,,
1989-08-29 00:00:00,,,,,,
1989-08-30 00:00:00,,,,,,
1989-08-31 00:00:00,,,,,,
1989-09-01 00:00:00,,,,,,
1989-09-05 00:00:00,,,,,,
1989-09-06 00:00:00,,,,,,
1989-09-07 00:00:00,,,,,,
1989-09-08 00:00:00,,,,,,
1989-09-11 00:00:00,,,,,,
1989-09-12 00:00:00,,,,,,
1989-09-13 00:00:00,,,,,,
1989-09-14 00:00:00,,,,,,
1989-09-15 00:00:00,,,,,,
1989-09-18 00:00:00,,,,,,
1989-09-19 00:00:00,,,,,,
1989-09-20 00:00:00,,,,,,
1989-09-21 00:00:00,,,,,,
1989-09-22 00:00:00,,,,,,
1989-09-25 00:00:00,,,,,,
1989-09-26 00:00:00,,,,,,
1989-09-27 00:00:00,,,,,,
1989-09-28 00:00:00,,,,,,
1989-09-29 00:00:00,,,,,,
1989-10-02 00:00:00,,,,,,
1989-10-03 00:00:00,,,,,,
1989-10-04 00:00:00,,,,,,
1989-10-05 00:00:00,,,,,,
1989-10-06 00:00:00,,,,,,
1989-10-09 00:00:00,,,,,,
1989-10-10 00:00:00,,,,,,
1989-10-11 00:00:00,,,,,,
1989-10-12 00:00:00,,,,,,
1989-10-13 00:00:00,,,,,,
1989-10-16 00:00:00,,,,,,
1989-10-17 00:00:00,,,,,,
1989-10-18 00:00:00,,,,,,
1989-10-19 00:00:00,,,,,,
1989-10-20 00:00:00,,,,,,
1989-10-23 00:00:00,,,,,,
1989-10-24 00:00:00,,,,,,
1989-10-25 00:00:00,,,,,,
1989-10-26 00:00:00,,,,,,
1989-10-27 00:00:00,,,,,,
1989-10-30 00:00:00,,,,,,
1989-10-31 00:00:00,,,,,,
1989-11-01 00:00:00,,,,,,
1989-11-02 00:00:00,,,,,,
1989-11-03 00:00:00,,,,,,
1989-11-06 00:00:00,,,,,,
1989-11-07 00:00:00,,,,,,
1989-11-08 00:00:00,,,,,,
1989-11-09 00:00:00,,,,,,
1989-11-10 00:00:00,,,,,,
1989-11-13 00:00:00,,,,,,
1989-11-14 00:00:00,,,,,,
1989-11-15 00:00:00,,,,,,
1989-11-16 00:00:00,,,,,,
1989-11-17 00:00:00,,,,,,
1989-11-20 00:00:00,,,,,,
1989-11-21 00:00:00,,,,,,
1989-11-22 00:00:00,,,,,,
1989-11-24 00:00:00,,,,,,
1989-11-27 00:00:00,,,,,,
1989-11-28 00:00:00,,,,,,
1989-11-29 00:00:00,,,,,,
1989-11-30 00:00:00,,,,,,
1989-12-01 00:00:00,,,,,,
1989-12-04 00:00:00,,,,,,
1989-12-05 00:00:00,,,,,,
1989-12-06 00:00:00,,,,,,
1989-12-07 00:00:00,,,,,,
1989-12-08 00:00:00,,,,,,
1989-12-11 00:00:00,,,,,,
1989-12-12 00:00:00,,,,,,
1989-12-13 00:00:00,,,,,,
1989-12-14 00:00:00,,,,,,
1989-12-15 00:00:00,,,,,,
1989-12-18 00:00:00,,,,,,
1989-12-19 00:00:00,,,,,,
1989-12-20 00:00:00,,,,,,
1989-12-21 00:00:00,,,,,,
1989-12-22 00:00:00,,,,,,
1989-12-26 00:00:00,,,,,,
1989-12-27 00:00:00,,,,,,
1989-12-28 00:00:00,,,,,,
1989-12-29 00:00:00,,,,,,
1990-01-02 00:00:00,,,,,,
1990-01-03 00:00:00,,,,,,
1990-01-04 00:00:00,,,,,,
1990-01-05 00:00:00,,,,,,
1990-01-08 00:00:00,,,,,,
1990-01-09 00:00:00,,,,,,
1990-01-10 00:00:00,,,,,,
1990-01-11 00:00:00,,,,,,
1990-01-12 00:00:00,,,,,,
1990-01-15 00:00:00,,,,,,
1990-01-16 00:00:00,,,,,,
1990-01-17 00:00:00,,,,,,
1990-01-18 00:00:00,,,,,,
1990-01-19 00:00:00,,,,,,
1990-01-22 00:00:00,,,,,,
1990-01-23 00:00:00,,,,,,
1990-01-24 00:00:00,,,,,,
1990-01-25 00:00:00,,,,,,
1990-01-26 00:00:00,,,,,,
1990-01-29 00:00:00,,,,,,
1990-01-30 00:00:00,,,,,,
1990-01-31 00:00:00,,,,,,
1990-02-01 00:00:00,,,,,,
1990-02-02 00:00:00,,,,,,
1990-02-05 00:00:00,,,,,,
1990-02-06 00:00:00,,,,,,
1990-02-07 00:00:00,,,,,,
1990-02-08 00:00:00,,,,,,
1990-02-09 00:00:00,,,,,,
1990-02-12 00:00:00,,,,,,
1990-02-13 00:00:00,,,,,,
1990-02-14 00:00:00,,,,,,
1990-02-15 00:00:00,,,,,,
1990-02-16 00:00:00,,,,,,
1990-02-20 00:00:00,,,,,,
1990-02-21 00:00:00,,,,,,
1990-02-22 00:00:00,,,,,,
1990-02-23 00:00:00,,,,,,
1990-02-26 00:00:00,,,,,,
1990-02-27 00:00:00,,,,,,
1990-02-28 00:00:00,,,,,,
1990-03-01 00:00:00,,,,,,
1990-03-02 00:00:00,,,,,,
1990-03-05 00:00:00,,,,,,
1990-03-06 00:00:00,,,,,,
1990-03-07 00:00:00,,,,,,
1990-03-08 00:00:00,,,,,,
1990-03-09 00:00:00,,,,,,
1990-03-12 00:00:00,,,,,,
1990-03-13 00:00:00,,,,,,
1990-03-14 00:00:00,,,,,,
1990-03-15 00:00:00,,,,,,
1990-03-16 00:00:00,,,,,,
1990-03-19 00:00:00,,,,,,
1990-03-20 00:00:00,,,,,,
1990-03-21 00:00:00,,,,,,
1990-03-22 00:00:00,,,,,,
1990-03-23 00:00:00,,,,,,
1990-03-26 00:00:00,,,,,,
1990-03-27 00:00:00,,,,,,
1990-03-28 00:00:00,,,,,,
1990-03-29 00:00:00,,,,,,
1990-03-30 00:00:00,,,,,,
1990-04-02 00:00:00,,,,,,
1990-04-03 00:00:00,,,,,,
1990-04-04 00:00:00,,,,,,
1990-04-05 00:00:00,,,,,,
1990-04-06 00:00:00,,,,,,
1990-04-09 00:00:00,,,,,,
1990-04-10 00:00:00,,,,,,
1990-04-11 00:00:00,,,,,,
1990-04-12 00:00:00,,,,,,
1990-04-16 00:00:00,,,,,,
1990-04-17 00:00:00,,,,,,
1990-04-18 00:00:00,,,,,,
1990-04-19 00:00:00,,,,,,
1990-04-20 00:00:00,,,,,,
1990-04-23 00:00:00,,,,,,
1990-04-24 00:00:00,,,,,,
1990-04-25 00:00:00,,,,,,
1990-04-26 00:00:00,,,,,,
1990-04-27 00:00:00,,,,,,
1990-04-30 00:00:00,,,,,,
1990-05-01 00:00:00,,,,,,
1990-05-02 00:00:00,,,,,,
1990-05-03 00:00:00,,,,,,
1990-05-04 00:00:00,,,,,,
1990-05-07 00:00:00,,,,,,
1990-05-08 00:00:00,,,,,,
1990-05-09 00:00:00,,,,,,
1990-05-10 00:00:00,,,,,,
1990-05-11 00:00:00,,,,,,
1990-05-14 00:00:00,,,,,,
1990-05-15 00:00:00,,,,,,
1990-05-16 00:00:00,,,,,,
1990-05-17 00:00:00,,,,,,
1990-05-18 00:00:00,,,,,,
1990-05-21 00:00:00,,,,,,
1990-05-22 00:00:00,,,,,,
1990-05-23 00:00:00,,,,,,
1990-05-24 00:00:00,,,,,,
1990-05-25 00:00:00,,,,,,
1990-05-29 00:00:00,,,,,,
1990-05-30 00:00:00,,,,,,
1990-05-31 00:00:00,,,,,,
1990-06-01 00:00:00,,,,,,
1990-06-04 00:00:00,,,,,,
1990-06-05 00:00:00,,,,,,
1990-06-06 00:00:00,,,,,,
1990-06-07 00:00:00,,,,,,
1990-06-08 00:00:00,,,,,,
1990-06-11 00:00:00,,,,,,
1990-06-12 00:00:00,,,,,,
1990-06-13 00:00:00,,,,,,
1990-06-14 00:00:00,,,,,,
1990-06-15 00:00:00,,,,,,
1990-06-18 00:00:00,,,,,,
1990-06-19 00:00:00,,,,,,
1990-06-20 00:00:00,,,,,,
1990-06-21 00:00:00,,,,,,
1990-06-22 00:00:00,,,,,,
1990-06-25 00:00:00,,,,,,
1990-06-26 00:00:00,,,,,,
1990-06-27 00:00:00,,,,,,
1990-06-28 00:00:00,,,,,,
1990-06-29 00:00:00,,,,,,
1990-07-02 00:00:00,,,,,,
1990-07-03 00:00:00,,,,,,
1990-07-05 00:00:00,,,,,,
1990-07-06 00:00:00,,,,,,
1990-07-09 00:00:00,,,,,,
1990-07-10 00:00:00,,,,,,
1990-07-11 00:00:00,,,,,,
1990-07-12 00:00:00,,,,,,
1990-07-13 00:00:00,,,,,,
1990-07-16 00:00:00,,,,,,
1990-07-17 00:00:00,,,,,,
1990-07-18 00:00:00,,,,,,
1990-07-19 00:00:00,,,,,,
1990-07-20 00:00:00,,,,,,
1990-07-23 00:00:00,,,,,,
1990-07-24 00:00:00,,,,,,
1990-07-25 00:00:00,,,,,,
1990-07-26 00:00:00,,,,,,
1990-07-27 00:00:00,,,,,,
1990-07-30 00:00:00,,,,,,
1990-07-31 00:00:00,,,,,,
1990-08-01 00:00:00,,,,,,
1990-08-02 00:00:00,,,,,,
1990-08-03 00:00:00,,,,,,
1990-08-06 00:00:00,,,,,,
1990-08-07 00:00:00,,,,,,
1990-08-08 00:00:00,,,,,,
1990-08-09 00:00:00,,,,,,
1990-08-10 00:00:00,,,,,,
1990-08-13 00:00:00,,,,,,
1990-08-14 00:00:00,,,,,,
1990-08-15 00:00:00,,,,,,
1990-08-16 00:00:00,,,,,,
1990-08-17 00:00:00,,,,,,
1990-08-20 00:00:00,,,,,,
1990-08-21 00:00:00,,,,,,
1990-08-22 00:00:00,,,,,,
1990-08-23 00:00:00,,,,,,
1990-08-24 00:00:00,,,,,,
1990-08-27 00:00:00,,,,,,
1990-08-28 00:00:00,,,,,,
1990-08-29 00:00:00,,,,,,
1990-08-30 00:00:00,,,,,,
1990-08-31 00:00:00,,,,,,
1990-09-04 00:00:00,,,,,,
1990-09-05 00:00:00,,,,,,
1990-09-06 00:00:00,,,,,,
1990-09-07 00:00:00,,,,,,
1990-09-10 00:00:00,,,,,,
1990-09-11 00:00:00,,,,,,
1990-09-12 00:00:00,,,,,,
1990-09-13 00:00:00,,,,,,
1990-09-14 00:00:00,,,,,,
1990-09-17 00:00:00,,,,,,
1990-09-18 00:00:00,,,,,,
1990-09-19 00:00:00,,,,,,
1990-09-20 00:00:00,,,,,,
1990-09-21 00:00:00,,,,,,
1990-09-24 00:00:00,,,,,,
1990-09-25 00:00:00,,,,,,
1990-09-26 00:00:00,,,,,,
1990-09-27 00:00:00,,,,,,
1990-09-28 00:00:00,,,,,,
1990-10-01 00:00:00,,,,,,
1990-10-02 00:00:00,,,,,,
1990-10-03 00:00:00,,,,,,
1990-10-04 00:00:00,,,,,,
1990-10-05 00:00:00,,,,,,
1990-10-08 00:00:00,,,,,,
1990-10-09 00:00:00,,,,,,
1990-10-10 00:00:00,,,,,,
1990-10-11 00:00:00,,,,,,
1990-10-12 00:00:00,,,,,,
1990-10-15 00:00:00,,,,,,
1990-10-16 00:00:00,,,,,,
1990-10-17 00:00:00,,,,,,
1990-10-18 00:00:00,,,,,,
1990-10-19 00:00:00,,,,,,
1990-10-22 00:00:00,,,,,,
1990-10-23 00:00:00,,,,,,
1990-10-24 00:00:00,,,,,,
1990-10-25 00:00:00,,,,,,
1990-10-26 00:00:00,,,,,,
1990-10-29 00:00:00,,,,,,
1990-10-30 00:00:00,,,,,,
1990-10-31 00:00:00,,,,,,
1990-11-01 00:00:00,,,,,,
1990-11-02 00:00:00,,,,,,
1990-11-05 00:00:00,,,,,,
1990-11-06 00:00:00,,,,,,
1990-11-07 00:00:00,,,,,,
1990-11-08 00:00:00,,,,,,
1990-11-09 00:00:00,,,,,,
1990-11-12 00:00:00,,,,,,
1990-11-13 00:00:00,,,,,,
1990-11-14 00:00:00,,,,,,
1990-11-15 00:00:00,,,,,,
1990-11-16 00:00:00,,,,,,
1990-11-19 00:00:00,,,,,,
1990-11-20 00:00:00,,,,,,
1990-11-21 00:00:00,,,,,,
1990-11-23 00:00:00,,,,,,
1990-11-26 00:00:00,,,,,,
1990-11-27 00:00:00,,,,,,
1990-11-28 00:00:00,,,,,,
1990-11-29 00:00:00,,,,,,
1990-11-30 00:00:00,,,,,,
1990-12-03 00:00:00,,,,,,
1990-12-04 00:00:00,,,,,,
1990-12-05 00:00:00,,,,,,
1990-12-06 00:00:00,,,,,,
1990-12-07 00:00:00,,,,,,
1990-12-10 00:00:00,,,,,,
1990-12-11 00:00:00,,,,,,
1990-12-12 00:00:00,,,,,,
1990-12-13 00:00:00,,,,,,
1990-12-14 00:00:00,,,,,,
1990-12-17 00:00:00,,,,,,
1990-12-18 00:00:00,,,,,,
1990-12-19 00:00:00,,,,,,
1990-12-20 00:00:00,,,,,,
1990-12-21 00:00:00,,,,,,
1990-12-24 00:00:00,,,,,,
1990-12-26 00:00:00,,,,,,
1990-12-27 00:00:00,,,,,,
1990-12-28 00:00:00,,,,,,
1990-12-31 00:00:00,,,,,,
1991-01-02 00:00:00,,,,,,
1991-01-03 00:00:00,,,,,,
1991-01-04 00:00:00,,,,,,
1991-01-07 00:00:00,,,,,,
1991-01-08 00:00:00,,,,,,
1991-01-09 00:00:00,,,,,,
1991-01-10 00:00:00,,,,,,
1991-01-11 00:00:00,,,,,,
1991-01-14 00:00:00,,,,,,
1991-01-15 00:00:00,,,,,,
1991-01-16 00:00:00,,,,,,
1991-01-17 00:00:00,,,,,,
1991-01-18 00:00:00,,,,,,
1991-01-21 00:00:00,,,,,,
1991-01-22 00:00:00,,,,,,
1991-01-23 00:00:00,,,,,,
1991-01-24 00:00:00,,,,,,
1991-01-25 00:00:00,,,,,,
1991-01-28 00:00:00,,,,,,
1991-01-29 00:00:00,,,,,,
1991-01-30 00:00:00,,,,,,
1991-01-31 00:00:00,,,,,,
1991-02-01 00:00:00,,,,,,
1991-02-04 00:00:00,,,,,,
1991-02-05 00:00:00,,,,,,
1991-02-06 00:00:00,,,,,,
1991-02-07 00:00:00,,,,,,
1991-02-08 00:00:00,,,,,,
1991-02-11 00:00:00,,,,,,
1991-02-12 00:00:00,,,,,,
1991-02-13 00:00:00,,,,,,
1991-02-14 00:00:00,,,,,,
1991-02-15 00:00:00,,,,,,
1991-02-19 00:00:00,,,,,,
1991-02-20 00:00:00,,,,,,
1991-02-21 00:00:00,,,,,,
1991-02-22 00:00:00,,,,,,
1991-02-25 00:00:00,,,,,,
1991-02-26 00:00:00,,,,,,
1991-02-27 00:00:00,,,,,,
1991-02-28 00:00:00,,,,,,
1991-03-01 00:00:00,,,,,,
1991-03-04 00:00:00,,,,,,
1991-03-05 00:00:00,,,,,,
1991-03-06 00:00:00,,,,,,
1991-03-07 00:00:00,,,,,,
1991-03-08 00:00:00,,,,,,
1991-03-11 00:00:00,,,,,,
1991-03-12 00:00:00,,,,,,
1991-03-13 00:00:00,,,,,,
1991-03-14 00:00:00,,,,,,
1991-03-15 00:00:00,,,,,,
1991-03-18 00:00:00,,,,,,
1991-03-19 00:00:00,,,,,,
1991-03-20 00:00:00,,,,,,
1991-03-21 00:00:00,,,,,,
1991-03-22 00:00:00,,,,,,
1991-03-25 00:00:00,,,,,,
1991-03-26 00:00:00,,,,,,
1991-03-27 00:00:00,,,,,,
1991-03-28 00:00:00,,,,,,
1991-04-01 00:00:00,,,,,,
1991-04-02 00:00:00,,,,,,
1991-04-03 00:00:00,,,,,,
1991-04-04 00:00:00,,,,,,
1991-04-05 00:00:00,,,,,,
1991-04-08 00:00:00,,,,,,
1991-04-09 00:00:00,,,,,,
1991-04-10 00:00:00,,,,,,
1991-04-11 00:00:00,,,,,,
1991-04-12 00:00:00,,,,,,
1991-04-15 00:00:00,,,,,,
1991-04-16 00:00:00,,,,,,
1991-04-17 00:00:00,,,,,,
1991-04-18 00:00:00,,,,,,
1991-04-19 00:00:00,,,,,,
1991-04-22 00:00:00,,,,,,
1991-04-23 00:00:00,,,,,,
1991-04-24 00:00:00,,,,,,
1991-04-25 00:00:00,,,,,,
1991-04-26 00:00:00,,,,,,
1991-04-29 00:00:00,,,,,,
1991-04-30 00:00:00,,,,,,
1991-05-01 00:00:00,,,,,,
1991-05-02 00:00:00,,,,,,
1991-05-03 00:00:00,,,,,,
1991-05-06 00:00:00,,,,,,
1991-05-07 00:00:00,,,,,,
1991-05-08 00:00:00,,,,,,
1991-05-09 00:00:00,,,,,,
1991-05-10 00:00:00,,,,,,
1991-05-13 00:00:00,,,,,,
1991-05-14 00:00:00,,,,,,
1991-05-15 00:00:00,,,,,,
1991-05-16 00:00:00,,,,,,
1991-05-17 00:00:00,,,,,,
1991-05-20 00:00:00,,,,,,
1991-05-21 00:00:00,,,,,,
1991-05-22 00:00:00,,,,,,
1991-05-23 00:00:00,,,,,,
1991-05-24 00:00:00,,,,,,
1991-05-28 00:00:00,,,,,,
1991-05-29 00:00:00,,,,,,
1991-05-30 00:00:00,,,,,,
1991-05-31 00:00:00,,,,,,
1991-06-03 00:00:00,,,,,,
1991-06-04 00:00:00,,,,,,
1991-06-05 00:00:00,,,,,,
1991-06-06 00:00:00,,,,,,
1991-06-07 00:00:00,,,,,,
1991-06-10 00:00:00,,,,,,
1991-06-11 00:00:00,,,,,,
1991-06-12 00:00:00,,,,,,
1991-06-13 00:00:00,,,,,,
1991-06-14 00:00:00,,,,,,
1991-06-17 00:00:00,,,,,,
1991-06-18 00:00:00,,,,,,
1991-06-19 00:00:00,,,,,,
1991-06-20 00:00:00,,,,,,
1991-06-21 00:00:00,,,,,,
1991-06-24 00:00:00,,,,,,
1991-06-25 00:00:00,,,,,,
1991-06-26 00:00:00,,,,,,
1991-06-27 00:00:00,,,,,,
1991-06-28 00:00:00,,,,,,
1991-07-01 00:00:00,,,,,,
1991-07-02 00:00:00,,,,,,
1991-07-03 00:00:00,,,,,,
1991-07-05 00:00:00,,,,,,
1991-07-08 00:00:00,,,,,,
1991-07-09 00:00:00,,,,,,
1991-07-10 00:00:00,,,,,,
1991-07-11 00:00:00,,,,,,
1991-07-12 00:00:00,,,,,,
1991-07-15 00:00:00,,,,,,
1991-07-16 00:00:00,,,,,,
1991-07-17 00:00:00,,,,,,
1991-07-18 00:00:00,,,,,,
1991-07-19 00:00:00,,,,,,
1991-07-22 00:00:00,,,,,,
1991-07-23 00:00:00,,,,,,
1991-07-24 00:00:00,,,,,,
1991-07-25 00:00:00,,,,,,
1991-07-26 00:00:00,,,,,,
1991-07-29 00:00:00,,,,,,
1991-07-30 00:00:00,,,,,,
1991-07-31 00:00:00,,,,,,
1991-08-01 00:00:00,,,,,,
1991-08-02 00:00:00,,,,,,
1991-08-05 00:00:00,,,,,,
1991-08-06 00:00:00,,,,,,
1991-08-07 00:00:00,,,,,,
1991-08-08 00:00:00,,,,,,
1991-08-09 00:00:00,,,,,,
1991-08-12 00:00:00,,,,,,
1991-08-13 00:00:00,,,,,,
1991-08-14 00:00:00,,,,,,
1991-08-15 00:00:00,,,,,,
1991-08-16 00:00:00,,,,,,
1991-08-19 00:00:00,,,,,,
1991-08-20 00:00:00,,,,,,
1991-08-21 00:00:00,,,,,,
1991-08-22 00:00:00,,,,,,
1991-08-23 00:00:00,,,,,,
1991-08-26 00:00:00,,,,,,
1991-08-27 00:00:00,,,,,,
1991-08-28 00:00:00,,,,,,
1991-08-29 00:00:00,,,,,,
1991-08-30 00:00:00,,,,,,
1991-09-03 00:00:00,,,,,,
1991-09-04 00:00:00,,,,,,
1991-09-05 00:00:00,,,,,,
1991-09-06 00:00:00,,,,,,
1991-09-09 00:00:00,,,,,,
1991-09-10 00:00:00,,,,,,
1991-09-11 00:00:00,,,,,,
1991-09-12 00:00:00,,,,,,
1991-09-13 00:00:00,,,,,,
1991-09-16 00:00:00,,,,,,
1991-09-17 00:00:00,,,,,,
1991-09-18 00:00:00,,,,,,
1991-09-19 00:00:00,,,,,,
1991-09-20 00:00:00,,,,,,
1991-09-23 00:00:00,,,,,,
1991-09-24 00:00:00,,,,,,
1991-09-25 00:00:00,,,,,,
1991-09-26 00:00:00,,,,,,
1991-09-27 00:00:00,,,,,,
1991-09-30 00:00:00,,,,,,
1991-10-01 00:00:00,,,,,,
1991-10-02 00:00:00,,,,,,
1991-10-03 00:00:00,,,,,,
1991-10-04 00:00:00,,,,,,
1991-10-07 00:00:00,,,,,,
1991-10-08 00:00:00,,,,,,
1991-10-09 00:00:00,,,,,,
1991-10-10 00:00:00,,,,,,
1991-10-11 00:00:00,,,,,,
1991-10-14 00:00:00,,,,,,
1991-10-15 00:00:00,,,,,,
1991-10-16 00:00:00,,,,,,
1991-10-17 00:00:00,,,,,,
1991-10-18 00:00:00,,,,,,
1991-10-21 00:00:00,,,,,,
1991-10-22 00:00:00,,,,,,
1991-10-23 00:00:00,,,,,,
1991-10-24 00:00:00,,,,,,
1991-10-25 00:00:00,,,,,,
1991-10-28 00:00:00,,,,,,
1991-10-29 00:00:00,,,,,,
1991-10-30 00:00:00,,,,,,
1991-10-31 00:00:00,,,,,,
1991-11-01 00:00:00,,,,,,
1991-11-04 00:00:00,,,,,,
1991-11-05 00:00:00,,,,,,
1991-11-06 00:00:00,,,,,,
1991-11-07 00:00:00,,,,,,
1991-11-08 00:00:00,,,,,,
1991-11-11 00:00:00,,,,,,
1991-11-12 00:00:00,,,,,,
1991-11-13 00:00:00,,,,,,
1991-11-14 00:00:00,,,,,,
1991-11-15 00:00:00,,,,,,
1991-11-18 00:00:00,,,,,,
1991-11-19 00:00:00,,,,,,
1991-11-20 00:00:00,,,,,,
1991-11-21 00:00:00,,,,,,
1991-11-22 00:00:00,,,,,,
1991-11-25 00:00:00,,,,,,
1991-11-26 00:00:00,,,,,,
1991-11-27 00:00:00,,,,,,
1991-11-29 00:00:00,,,,,,
1991-12-02 00:00:00,,,,,,
1991-12-03 00:00:00,,,,,,
1991-12-04 00:00:00,,,,,,
1991-12-05 00:00:00,,,,,,
1991-12-06 00:00:00,,,,,,
1991-12-09 00:00:00,,,,,,
1991-12-10 00:00:00,,,,,,
1991-12-11 00:00:00,,,,,,
1991-12-12 00:00:00,,,,,,
1991-12-13 00:00:00,,,,,,
1991-12-16 00:00:00,,,,,,
1991-12-17 00:00:00,,,,,,
1991-12-18 00:00:00,,,,,,
1991-12-19 00:00:00,,,,,,
1991-12-20 00:00:00,,,,,,
1991-12-23 00:00:00,,,,,,
1991-12-24 00:00:00,,,,,,
1991-12-26 00:00:00,,,,,,
1991-12-27 00:00:00,,,,,,
1991-12-30 00:00:00,,,,,,
1991-12-31 00:00:00,,,,,,
1992-01-02 00:00:00,,,,,,
1992-01-03 00:00:00,,,,,,
1992-01-06 00:00:00,,,,,,
1992-01-07 00:00:00,,,,,,
1992-01-08 00:00:00,,,,,,
1992-01-09 00:00:00,,,,,,
1992-01-10 00:00:00,,,,,,
1992-01-13 00:00:00,,,,,,
1992-01-14 00:00:00,,,,,,
1992-01-15 00:00:00,,,,,,
1992-01-16 00:00:00,,,,,,
1992-01-17 00:00:00,,,,,,
1992-01-20 00:00:00,,,,,,
1992-01-21 00:00:00,,,,,,
1992-01-22 00:00:00,,,,,,
1992-01-23 00:00:00,,,,,,
1992-01-24 00:00:00,,,,,,
1992-01-27 00:00:00,,,,,,
1992-01-28 00:00:00,,,,,,
1992-01-29 00:00:00,,,,,,
1992-01-30 00:00:00,,,,,,
1992-01-31 00:00:00,,,,,,
1992-02-03 00:00:00,,,,,,
1992-02-04 00:00:00,,,,,,
1992-02-05 00:00:00,,,,,,
1992-02-06 00:00:00,,,,,,
1992-02-07 00:00:00,,,,,,
1992-02-10 00:00:00,,,,,,
1992-02-11 00:00:00,,,,,,
1992-02-12 00:00:00,,,,,,
1992-02-13 00:00:00,,,,,,
1992-02-14 00:00:00,,,,,,
1992-02-18 00:00:00,,,,,,
1992-02-19 00:00:00,,,,,,
1992-02-20 00:00:00,,,,,,
1992-02-21 00:00:00,,,,,,
1992-02-24 00:00:00,,,,,,
1992-02-25 00:00:00,,,,,,
1992-02-26 00:00:00,,,,,,
1992-02-27 00:00:00,,,,,,
1992-02-28 00:00:00,,,,,,
1992-03-02 00:00:00,,,,,,
1992-03-03 00:00:00,,,,,,
1992-03-04 00:00:00,,,,,,
1992-03-05 00:00:00,,,,,,
1992-03-06 00:00:00,,,,,,
1992-03-09 00:00:00,,,,,,
1992-03-10 00:00:00,,,,,,
1992-03-11 00:00:00,,,,,,
1992-03-12 00:00:00,,,,,,
1992-03-13 00:00:00,,,,,,
1992-03-16 00:00:00,,,,,,
1992-03-17 00:00:00,,,,,,
1992-03-18 00:00:00,,,,,,
1992-03-19 00:00:00,,,,,,
1992-03-20 00:00:00,,,,,,
1992-03-23 00:00:00,,,,,,
1992-03-24 00:00:00,,,,,,
1992-03-25 00:00:00,,,,,,
1992-03-26 00:00:00,,,,,,
1992-03-27 00:00:00,,,,,,
1992-03-30 00:00:00,,,,,,
1992-03-31 00:00:00,,,,,,
1992-04-01 00:00:00,,,,,,
1992-04-02 00:00:00,,,,,,
1992-04-03 00:00:00,,,,,,
1992-04-06 00:00:00,,,,,,
1992-04-07 00:00:00,,,,,,
1992-04-08 00:00:00,,,,,,
1992-04-09 00:00:00,,,,,,
1992-04-10 00:00:00,,,,,,
1992-04-13 00:00:00,,,,,,
1992-04-14 00:00:00,,,,,,
1992-04-15 00:00:00,,,,,,
1992-04-16 00:00:00,,,,,,
1992-04-20 00:00:00,,,,,,
1992-04-21 00:00:00,,,,,,
1992-04-22 00:00:00,,,,,,
1992-04-23 00:00:00,,,,,,
1992-04-24 00:00:00,,,,,,
1992-04-27 00:00:00,,,,,,
1992-04-28 00:00:00,,,,,,
1992-04-29 00:00:00,,,,,,
1992-04-30 00:00:00,,,,,,
1992-05-01 00:00:00,,,,,,
1992-05-04 00:00:00,,,,,,
1992-05-05 00:00:00,,,,,,
1992-05-06 00:00:00,,,,,,
1992-05-07 00:00:00,,,,,,
1992-05-08 00:00:00,,,,,,
1992-05-11 00:00:00,,,,,,
1992-05-12 00:00:00,,,,,,
1992-05-13 00:00:00,,,,,,
1992-05-14 00:00:00,,,,,,
1992-05-15 00:00:00,,,,,,
1992-05-18 00:00:00,,,,,,
1992-05-19 00:00:00,,,,,,
1992-05-20 00:00:00,,,,,,
1992-05-21 00:00:00,,,,,,
1992-05-22 00:00:00,,,,,,
1992-05-26 00:00:00,,,,,,
1992-05-27 00:00:00,,,,,,
1992-05-28 00:00:00,,,,,,
1992-05-29 00:00:00,,,,,,
1992-06-01 00:00:00,,,,,,
1992-06-02 00:00:00,,,,,,
1992-06-03 00:00:00,,,,,,
1992-06-04 00:00:00,,,,,,
1992-06-05 00:00:00,,,,,,
1992-06-08 00:00:00,,,,,,
1992-06-09 00:00:00,,,,,,
1992-06-10 00:00:00,,,,,,
1992-06-11 00:00:00,,,,,,
1992-06-12 00:00:00,,,,,,
1992-06-15 00:00:00,,,,,,
1992-06-16 00:00:00,,,,,,
1992-06-17 00:00:00,,,,,,
1992-06-18 00:00:00,,,,,,
1992-06-19 00:00:00,,,,,,
1992-06-22 00:00:00,,,,,,
1992-06-23 00:00:00,,,,,,
1992-06-24 00:00:00,,,,,,
1992-06-25 00:00:00,,,,,,
1992-06-26 00:00:00,,,,,,
1992-06-29 00:00:00,,,,,,
1992-06-30 00:00:00,,,,,,
1992-07-01 00:00:00,,,,,,
1992-07-02 00:00:00,,,,,,
1992-07-06 00:00:00,,,,,,
1992-07-07 00:00:00,,,,,,
1992-07-08 00:00:00,,,,,,
1992-07-09 00:00:00,,,,,,
1992-07-10 00:00:00,,,,,,
1992-07-13 00:00:00,,,,,,
1992-07-14 00:00:00,,,,,,
1992-07-15 00:00:00,,,,,,
1992-07-16 00:00:00,,,,,,
1992-07-17 00:00:00,,,,,,
1992-07-20 00:00:00,,,,,,
1992-07-21 00:00:00,,,,,,
1992-07-22 00:00:00,,,,,,
1992-07-23 00:00:00,,,,,,
1992-07-24 00:00:00,,,,,,
1992-07-27 00:00:00,,,,,,
1992-07-28 00:00:00,,,,,,
1992-07-29 00:00:00,,,,,,
1992-07-30 00:00:00,,,,,,
1992-07-31 00:00:00,,,,,,
1992-08-03 00:00:00,,,,,,
1992-08-04 00:00:00,,,,,,
1992-08-05 00:00:00,,,,,,
1992-08-06 00:00:00,,,,,,
1992-08-07 00:00:00,,,,,,
1992-08-10 00:00:00,,,,,,
1992-08-11 00:00:00,,,,,,
1992-08-12 00:00:00,,,,,,
1992-08-13 00:00:00,,,,,,
1992-08-14 00:00:00,,,,,,
1992-08-17 00:00:00,,,,,,
1992-08-18 00:00:00,,,,,,
1992-08-19 00:00:00,,,,,,
1992-08-20 00:00:00,,,,,,
1992-08-21 00:00:00,,,,,,
1992-08-24 00:00:00,,,,,,
1992-08-25 00:00:00,,,,,,
1992-08-26 00:00:00,,,,,,
1992-08-27 00:00:00,,,,,,
1992-08-28 00:00:00,,,,,,
1992-08-31 00:00:00,,,,,,
1992-09-01 00:00:00,,,,,,
1992-09-02 00:00:00,,,,,,
1992-09-03 00:00:00,,,,,,
1992-09-04 00:00:00,,,,,,
1992-09-08 00:00:00,,,,,,
1992-09-09 00:00:00,,,,,,
1992-09-10 00:00:00,,,,,,
1992-09-11 00:00:00,,,,,,
1992-09-14 00:00:00,,,,,,
1992-09-15 00:00:00,,,,,,
1992-09-16 00:00:00,,,,,,
1992-09-17 00:00:00,,,,,,
1992-09-18 00:00:00,,,,,,
1992-09-21 00:00:00,,,,,,
1992-09-22 00:00:00,,,,,,
1992-09-23 00:00:00,,,,,,
1992-09-24 00:00:00,,,,,,
1992-09-25 00:00:00,,,,,,
1992-09-28 00:00:00,,,,,,
1992-09-29 00:00:00,,,,,,
1992-09-30 00:00:00,,,,,,
1992-10-01 00:00:00,,,,,,
1992-10-02 00:00:00,,,,,,
1992-10-05 00:00:00,,,,,,
1992-10-06 00:00:00,,,,,,
1992-10-07 00:00:00,,,,,,
1992-10-08 00:00:00,,,,,,
1992-10-09 00:00:00,,,,,,
1992-10-12 00:00:00,,,,,,
1992-10-13 00:00:00,,,,,,
1992-10-14 00:00:00,,,,,,
1992-10-15 00:00:00,,,,,,
1992-10-16 00:00:00,,,,,,
1992-10-19 00:00:00,,,,,,
1992-10-20 00:00:00,,,,,,
1992-10-21 00:00:00,,,,,,
1992-10-22 00:00:00,,,,,,
1992-10-23 00:00:00,,,,,,
1992-10-26 00:00:00,,,,,,
1992-10-27 00:00:00,,,,,,
1992-10-28 00:00:00,,,,,,
1992-10-29 00:00:00,,,,,,
1992-10-30 00:00:00,,,,,,
1992-11-02 00:00:00,,,,,,
1992-11-03 00:00:00,,,,,,
1992-11-04 00:00:00,,,,,,
1992-11-05 00:00:00,,,,,,
1992-11-06 00:00:00,,,,,,
1992-11-09 00:00:00,,,,,,
1992-11-10 00:00:00,,,,,,
1992-11-11 00:00:00,,,,,,
1992-11-12 00:00:00,,,,,,
1992-11-13 00:00:00,,,,,,
1992-11-16 00:00:00,,,,,,
1992-11-17 00:00:00,,,,,,
1992-11-18 00:00:00,,,,,,
1992-11-19 00:00:00,,,,,,
1992-11-20 00:00:00,,,,,,
1992-11-23 00:00:00,,,,,,
1992-11-24 00:00:00,,,,,,
1992-11-25 00:00:00,,,,,,
1992-11-27 00:00:00,,,,,,
1992-11-30 00:00:00,,,,,,
1992-12-01 00:00:00,,,,,,
1992-12-02 00:00:00,,,,,,
1992-12-03 00:00:00,,,,,,
1992-12-04 00:00:00,,,,,,
1992-12-07 00:00:00,,,,,,
1992-12-08 00:00:00,,,,,,
1992-12-09 00:00:00,,,,,,
1992-12-10 00:00:00,,,,,,
1992-12-11 00:00:00,,,,,,
1992-12-14 00:00:00,,,,,,
1992-12-15 00:00:00,,,,,,
1992-12-16 00:00:00,,,,,,
1992-12-17 00:00:00,,,,,,
1992-12-18 00:00:00,,,,,,
1992-12-21 00:00:00,,,,,,
1992-12-22 00:00:00,,,,,,
1992-12-23 00:00:00,,,,,,
1992-12-24 00:00:00,,,,,,
1992-12-28 00:00:00,,,,,,
1992-12-29 00:00:00,,,,,,
1992-12-30 00:00:00,,,,,,
1992-12-31 00:00:00,,,,,,
1993-01-04 00:00:00,,,,,,
1993-01-05 00:00:00,,,,,,
1993-01-06 00:00:00,,,,,,
1993-01-07 00:00:00,,,,,,
1993-01-08 00:00:00,,,,,,
1993-01-11 00:00:00,,,,,,
1993-01-12 00:00:00,,,,,,
1993-01-13 00:00:00,,,,,,
1993-01-14 00:00:00,,,,,,
1993-01-15 00:00:00,,,,,,
1993-01-18 00:00:00,,,,,,
1993-01-19 00:00:00,,,,,,
1993-01-20 00:00:00,,,,,,
1993-01-21 00:00:00,,,,,,
1993-01-22 00:00:00,,,,,,
1993-01-25 00:00:00,,,,,,
1993-01-26 00:00:00,,,,,,
1993-01-27 00:00:00,,,,,,
1993-01-28 00:00:00,,,,,,
1993-01-29 00:00:00,,,,,,
1993-02-01 00:00:00,,,,,,
1993-02-02 00:00:00,,,,,,
1993-02-03 00:00:00,,,,,,
1993-02-04 00:00:00,,,,,,
1993-02-05 00:00:00,,,,,,
1993-02-08 00:00:00,,,,,,
1993-02-09 00:00:00,,,,,,
1993-02-10 00:00:00,,,,,,
1993-02-11 00:00:00,,,,,,
1993-02-12 00:00:00,,,,,,
1993-02-16 00:00:00,,,,,,
1993-02-17 00:00:00,,,,,,
1993-02-18 00:00:00,,,,,,
1993-02-19 00:00:00,,,,,,
1993-02-22 00:00:00,,,,,,
1993-02-23 00:00:00,,,,,,
1993-02-24 00:00:00,,,,,,
1993-02-25 00:00:00,,,,,,
1993-02-26 00:00:00,,,,,,
1993-03-01 00:00:00,,,,,,
1993-03-02 00:00:00,,,,,,
1993-03-03 00:00:00,,,,,,
1993-03-04 00:00:00,,,,,,
1993-03-05 00:00:00,,,,,,
1993-03-08 00:00:00,,,,,,
1993-03-09 00:00:00,,,,,,
1993-03-10 00:00:00,,,,,,
1993-03-11 00:00:00,,,,,,
1993-03-12 00:00:00,,,,,,
1993-03-15 00:00:00,,,,,,
1993-03-16 00:00:00,,,,,,
1993-03-17 00:00:00,,,,,,
1993-03-18 00:00:00,,,,,,
1993-03-19 00:00:00,,,,,,
1993-03-22 00:00:00,,,,,,
1993-03-23 00:00:00,,,,,,
1993-03-24 00:00:00,,,,,,
1993-03-25 00:00:00,,,,,,
1993-03-26 00:00:00,,,,,,
1993-03-29 00:00:00,,,,,,
1993-03-30 00:00:00,,,,,,
1993-03-31 00:00:00,,,,,,
1993-04-01 00:00:00,,,,,,
1993-04-02 00:00:00,,,,,,
1993-04-05 00:00:00,,,,,,
1993-04-06 00:00:00,,,,,,
1993-04-07 00:00:00,,,,,,
1993-04-08 00:00:00,,,,,,
1993-04-12 00:00:00,,,,,,
1993-04-13 00:00:00,,,,,,
1993-04-14 00:00:00,,,,,,
1993-04-15 00:00:00,,,,,,
1993-04-16 00:00:00,,,,,,
1993-04-19 00:00:00,,,,,,
1993-04-20 00:00:00,,,,,,
1993-04-21 00:00:00,,,,,,
1993-04-22 00:00:00,,,,,,
1993-04-23 00:00:00,,,,,,
1993-04-26 00:00:00,,,,,,
1993-04-27 00:00:00,,,,,,
1993-04-28 00:00:00,,,,,,
1993-04-29 00:00:00,,,,,,
1993-04-30 00:00:00,,,,,,
1993-05-03 00:00:00,,,,,,
1993-05-04 00:00:00,,,,,,
1993-05-05 00:00:00,,,,,,
1993-05-06 00:00:00,,,,,,
1993-05-07 00:00:00,,,,,,
1993-05-10 00:00:00,,,,,,
1993-05-11 00:00:00,,,,,,
1993-05-12 00:00:00,,,,,,
1993-05-13 00:00:00,,,,,,
1993-05-14 00:00:00,,,,,,
1993-05-17 00:00:00,,,,,,
1993-05-18 00:00:00,,,,,,
1993-05-19 00:00:00,,,,,,
1993-05-20 00:00:00,,,,,,
1993-05-21 00:00:00,,,,,,
1993-05-24 00:00:00,,,,,,
1993-05-25 00:00:00,,,,,,
1993-05-26 00:00:00,,,,,,
1993-05-27 00:00:00,,,,,,
1993-05-28 00:00:00,,,,,,
1993-06-01 00:00:00,,,,,,
1993-06-02 00:00:00,,,,,,
1993-06-03 00:00:00,,,,,,
1993-06-04 00:00:00,,,,,,
1993-06-07 00:00:00,,,,,,
1993-06-08 00:00:00,,,,,,
1993-06-09 00:00:00,,,,,,
1993-06-10 00:00:00,,,,,,
1993-06-11 00:00:00,,,,,,
1993-06-14 00:00:00,,,,,,
1993-06-15 00:00:00,,,,,,
1993-06-16 00:00:00,,,,,,
1993-06-17 00:00:00,,,,,,
1993-06-18 00:00:00,,,,,,
1993-06-21 00:00:00,,,,,,
1993-06-22 00:00:00,,,,,,
1993-06-23 00:00:00,,,,,,
1993-06-24 00:00:00,,,,,,
1993-06-25 00:00:00,,,,,,
1993-06-28 00:00:00,,,,,,
1993-06-29 00:00:00,,,,,,
1993-06-30 00:00:00,,,,,,
1993-07-01 00:00:00,,,,,,
1993-07-02 00:00:00,,,,,,
1993-07-06 00:00:00,,,,,,
1993-07-07 00:00:00,,,,,,
1993-07-08 00:00:00,,,,,,
1993-07-09 00:00:00,,,,,,
1993-07-12 00:00:00,,,,,,
1993-07-13 00:00:00,,,,,,
1993-07-14 00:00:00,,,,,,
1993-07-15 00:00:00,,,,,,
1993-07-16 00:00:00,,,,,,
1993-07-19 00:00:00,,,,,,
1993-07-20 00:00:00,,,,,,
1993-07-21 00:00:00,,,,,,
1993-07-22 00:00:00,,,,,,
1993-07-23 00:00:00,,,,,,
1993-07-26 00:00:00,,,,,,
1993-07-27 00:00:00,,,,,,
1993-07-28 00:00:00,,,,,,
1993-07-29 00:00:00,,,,,,
1993-07-30 00:00:00,,,,,,
1993-08-02 00:00:00,,,,,,
1993-08-03 00:00:00,,,,,,
1993-08-04 00:00:00,,,,,,
1993-08-05 00:00:00,,,,,,
1993-08-06 00:00:00,,,,,,
1993-08-09 00:00:00,,,,,,
1993-08-10 00:00:00,,,,,,
1993-08-11 00:00:00,,,,,,
1993-08-12 00:00:00,,,,,,
1993-08-13 00:00:00,,,,,,
1993-08-16 00:00:00,,,,,,
1993-08-17 00:00:00,,,,,,
1993-08-18 00:00:00,,,,,,
1993-08-19 00:00:00,,,,,,
1993-08-20 00:00:00,,,,,,
1993-08-23 00:00:00,,,,,,
1993-08-24 00:00:00,,,,,,
1993-08-25 00:00:00,,,,,,
1993-08-26 00:00:00,,,,,,
1993-08-27 00:00:00,,,,,,
1993-08-30 00:00:00,,,,,,
1993-08-31 00:00:00,,,,,,
1993-09-01 00:00:00,,,,,,
1993-09-02 00:00:00,,,,,,
1993-09-03 00:00:00,,,,,,
1993-09-07 00:00:00,,,,,,
1993-09-08 00:00:00,,,,,,
1993-09-09 00:00:00,,,,,,
1993-09-10 00:00:00,,,,,,
1993-09-13 00:00:00,,,,,,
1993-09-14 00:00:00,,,,,,
1993-09-15 00:00:00,,,,,,
1993-09-16 00:00:00,,,,,,
1993-09-17 00:00:00,,,,,,
1993-09-20 00:00:00,,,,,,
1993-09-21 00:00:00,,,,,,
1993-09-22 00:00:00,,,,,,
1993-09-23 00:00:00,,,,,,
1993-09-24 00:00:00,,,,,,
1993-09-27 00:00:00,,,,,,
1993-09-28 00:00:00,,,,,,
1993-09-29 00:00:00,,,,,,
1993-09-30 00:00:00,,,,,,
1993-10-01 00:00:00,,,,,,
1993-10-04 00:00:00,,,,,,
1993-10-05 00:00:00,,,,,,
1993-10-06 00:00:00,,,,,,
1993-10-07 00:00:00,,,,,,
1993-10-08 00:00:00,,,,,,
1993-10-11 00:00:00,,,,,,
1993-10-12 00:00:00,,,,,,
1993-10-13 00:00:00,,,,,,
1993-10-14 00:00:00,,,,,,
1993-10-15 00:00:00,,,,,,
1993-10-18 00:00:00,,,,,,
1993-10-19 00:00:00,,,,,,
1993-10-20 00:00:00,,,,,,
1993-10-21 00:00:00,,,,,,
1993-10-22 00:00:00,,,,,,
1993-10-25 00:00:00,,,,,,
1993-10-26 00:00:00,,,,,,
1993-10-27 00:00:00,,,,,,
1993-10-28 00:00:00,,,,,,
1993-10-29 00:00:00,,,,,,
1993-11-01 00:00:00,,,,,,
1993-11-02 00:00:00,,,,,,
1993-11-03 00:00:00,,,,,,
1993-11-04 00:00:00,,,,,,
1993-11-05 00:00:00,,,,,,
1993-11-08 00:00:00,,,,,,
1993-11-09 00:00:00,,,,,,
1993-11-10 00:00:00,,,,,,
1993-11-11 00:00:00,,,,,,
1993-11-12 00:00:00,,,,,,
1993-11-15 00:00:00,,,,,,
1993-11-16 00:00:00,,,,,,
1993-11-17 00:00:00,,,,,,
1993-11-18 00:00:00,,,,,,
1993-11-19 00:00:00,,,,,,
1993-11-22 00:00:00,,,,,,
1993-11-23 00:00:00,,,,,,
1993-11-24 00:00:00,,,,,,
1993-11-26 00:00:00,,,,,,
1993-11-29 00:00:00,,,,,,
1993-11-30 00:00:00,,,,,,
1993-12-01 00:00:00,,,,,,
1993-12-02 00:00:00,,,,,,
1993-12-03 00:00:00,,,,,,
1993-12-06 00:00:00,,,,,,
1993-12-07 00:00:00,,,,,,
1993-12-08 00:00:00,,,,,,
1993-12-09 00:00:00,,,,,,
1993-12-10 00:00:00,,,,,,
1993-12-13 00:00:00,,,,,,
1993-12-14 00:00:00,,,,,,
1993-12-15 00:00:00,,,,,,
1993-12-16 00:00:00,,,,,,
1993-12-17 00:00:00,,,,,,
1993-12-20 00:00:00,,,,,,
1993-12-21 00:00:00,,,,,,
1993-12-22 00:00:00,,,,,,
1993-12-23 00:00:00,,,,,,
1993-12-27 00:00:00,,,,,,
1993-12-28 00:00:00,,,,,,
1993-12-29 00:00:00,,,,,,
1993-12-30 00:00:00,,,,,,
1993-12-31 00:00:00,,,,,,
1994-01-03 00:00:00,,,,,,
1994-01-04 00:00:00,,,,,,
1994-01-05 00:00:00,,,,,,
1994-01-06 00:00:00,,,,,,
1994-01-07 00:00:00,,,,,,
1994-01-10 00:00:00,,,,,,
1994-01-11 00:00:00,,,,,,
1994-01-12 00:00:00,,,,,,
1994-01-13 00:00:00,,,,,,
1994-01-14 00:00:00,,,,,,
1994-01-17 00:00:00,,,,,,
1994-01-18 00:00:00,,,,,,
1994-01-19 00:00:00,,,,,,
1994-01-20 00:00:00,,,,,,
1994-01-21 00:00:00,,,,,,
1994-01-24 00:00:00,,,,,,
1994-01-25 00:00:00,,,,,,
1994-01-26 00:00:00,,,,,,
1994-01-27 00:00:00,,,,,,
1994-01-28 00:00:00,,,,,,
1994-01-31 00:00:00,,,,,,
1994-02-01 00:00:00,,,,,,
1994-02-02 00:00:00,,,,,,
1994-02-03 00:00:00,,,,,,
1994-02-04 00:00:00,,,,,,
1994-02-07 00:00:00,,,,,,
1994-02-08 00:00:00,,,,,,
1994-02-09 00:00:00,,,,,,
1994-02-10 00:00:00,,,,,,
1994-02-11 00:00:00,,,,,,
1994-02-14 00:00:00,,,,,,
1994-02-15 00:00:00,,,,,,
1994-02-16 00:00:00,,,,,,
1994-02-17 00:00:00,,,,,,
1994-02-18 00:00:00,,,,,,
1994-02-22 00:00:00,,,,,,
1994-02-23 00:00:00,,,,,,
1994-02-24 00:00:00,,,,,,
1994-02-25 00:00:00,,,,,,
1994-02-28 00:00:00,,,,,,
1994-03-01 00:00:00,,,,,,
1994-03-02 00:00:00,,,,,,
1994-03-03 00:00:00,,,,,,
1994-03-04 00:00:00,,,,,,
1994-03-07 00:00:00,,,,,,
1994-03-08 00:00:00,,,,,,
1994-03-09 00:00:00,,,,,,
1994-03-10 00:00:00,,,,,,
1994-03-11 00:00:00,,,,,,
1994-03-14 00:00:00,,,,,,
1994-03-15 00:00:00,,,,,,
1994-03-16 00:00:00,,,,,,
1994-03-17 00:00:00,,,,,,
1994-03-18 00:00:00,,,,,,
1994-03-21 00:00:00,,,,,,
1994-03-22 00:00:00,,,,,,
1994-03-23 00:00:00,,,,,,
1994-03-24 00:00:00,,,,,,
1994-03-25 00:00:00,,,,,,
1994-03-28 00:00:00,,,,,,
1994-03-29 00:00:00,,,,,,
1994-03-30 00:00:00,,,,,,
1994-03-31 00:00:00,,,,,,
1994-04-04 00:00:00,,,,,,
1994-04-05 00:00:00,,,,,,
1994-04-06 00:00:00,,,,,,
1994-04-07 00:00:00,,,,,,
1994-04-08 00:00:00,,,,,,
1994-04-11 00:00:00,,,,,,
1994-04-12 00:00:00,,,,,,
1994-04-13 00:00:00,,,,,,
1994-04-14 00:00:00,,,,,,
1994-04-15 00:00:00,,,,,,
1994-04-18 00:00:00,,,,,,
1994-04-19 00:00:00,,,,,,
1994-04-20 00:00:00,,,,,,
1994-04-21 00:00:00,,,,,,
1994-04-22 00:00:00,,,,,,
1994-04-25 00:00:00,,,,,,
1994-04-26 00:00:00,,,,,,
1994-04-27 00:00:00,,,,,,
1994-04-28 00:00:00,,,,,,
1994-04-29 00:00:00,,,,,,
1994-05-02 00:00:00,,,,,,
1994-05-03 00:00:00,,,,,,
1994-05-04 00:00:00,,,,,,
1994-05-05 00:00:00,,,,,,
1994-05-06 00:00:00,,,,,,
1994-05-09 00:00:00,,,,,,
1994-05-10 00:00:00,,,,,,
1994-05-11 00:00:00,,,,,,
1994-05-12 00:00:00,,,,,,
1994-05-13 00:00:00,,,,,,
1994-05-16 00:00:00,,,,,,
1994-05-17 00:00:00,,,,,,
1994-05-18 00:00:00,,,,,,
1994-05-19 00:00:00,,,,,,
1994-05-20 00:00:00,,,,,,
1994-05-23 00:00:00,,,,,,
1994-05-24 00:00:00,,,,,,
1994-05-25 00:00:00,,,,,,
1994-05-26 00:00:00,,,,,,
1994-05-27 00:00:00,,,,,,
1994-05-31 00:00:00,,,,,,
1994-06-01 00:00:00,,,,,,
1994-06-02 00:00:00,,,,,,
1994-06-03 00:00:00,,,,,,
1994-06-06 00:00:00,3.3790032863616943,5.97333288192749,5.97333288192749,5.97333288192749,5.97333288192749,3281.0
1994-06-07 00:00:00,3.3790032863616943,5.97333288192749,5.97333288192749,5.97333288192749,5.97333288192749,0.0
1994-06-08 00:00:00,3.3790032863616943,5.97333288192749,5.97333288192749,5.97333288192749,5.97333288192749,0.0
1994-06-09 00:00:00,3.3790032863616943,5.97333288192749,5.97333288192749,5.97333288192749,5.97333288192749,0.0
1994-06-10 00:00:00,3.3790032863616943,5.97333288192749,5.97333288192749,5.97333288192749,5.97333288192749,0.0
1994-06-13 00:00:00,3.3790032863616943,5.97333288192749,5.97333288192749,5.97333288192749,5.97333288192749,0.0
1994-06-14 00:00:00,3.3790032863616943,5.97333288192749,5.97333288192749,5.97333288192749,5.97333288192749,0.0
1994-06-15 00:00:00,3.3790032863616943,5.97333288192749,5.97333288192749,5.97333288192749,5.97333288192749,0.0
1994-06-16 00:00:00,3.3790032863616943,5.97333288192749,5.97333288192749,5.97333288192749,5.97333288192749,0.0
1994-06-17 00:00:00,3.3790032863616943,5.97333288192749,5.97333288192749,5.97333288192749,5.97333288192749,0.0
1994-06-20 00:00:00,3.3790032863616943,5.97333288192749,5.97333288192749,5.97333288192749,5.97333288192749,0.0
1994-06-21 00:00:00,3.3790032863616943,5.97333288192749,5.97333288192749,5.97333288192749,5.97333288192749,0.0
1994-06-22 00:00:00,3.3790032863616943,5.97333288192749,5.97333288192749,5.97333288192749,5.97333288192749,0.0
1994-06-23 00:00:00,3.3790032863616943,5.97333288192749,5.97333288192749,5.97333288192749,5.97333288192749,0.0
1994-06-24 00:00:00,3.3790032863616943,5.97333288192749,5.97333288192749,5.97333288192749,5.97333288192749,0.0
1994-06-27 00:00:00,3.3790032863616943,5.97333288192749,5.97333288192749,5.97333288192749,5.97333288192749,0.0
1994-06-28 00:00:00,3.3790032863616943,5.97333288192749,5.97333288192749,5.97333288192749,5.97333288192749,0.0
1994-06-29 00:00:00,3.3790032863616943,5.97333288192749,5.97333288192749,5.97333288192749,5.97333288192749,0.0
1994-06-30 00:00:00,3.3790032863616943,5.97333288192749,5.97333288192749,5.97333288192749,5.97333288192749,0.0
1994-07-01 00:00:00,3.3790032863616943,5.97333288192749,5.97333288192749,5.97333288192749,5.97333288192749,0.0
1994-07-05 00:00:00,3.392331123352051,5.97333288192749,5.97333288192749,5.97333288192749,5.97333288192749,0.0
1994-07-06 00:00:00,3.392331123352051,5.97333288192749,5.97333288192749,5.97333288192749,5.97333288192749,0.0
1994-07-07 00:00:00,3.392331123352051,5.97333288192749,5.97333288192749,5.97333288192749,5.97333288192749,0.0
1994-07-08 00:00:00,3.392331123352051,5.97333288192749,5.97333288192749,5.97333288192749,5.97333288192749,0.0
1994-07-11 00:00:00,3.392331123352051,5.97333288192749,5.97333288192749,5.97333288192749,5.97333288192749,0.0
1994-07-12 00:00:00,3.392331123352051,5.97333288192749,5.97333288192749,5.97333288192749,5.97333288192749,0.0
1994-07-13 00:00:00,3.392331123352051,5.97333288192749,5.97333288192749,5.97333288192749,5.97333288192749,0.0
1994-07-14 00:00:00,3.150024175643921,5.546667098999023,5.546667098999023,5.546667098999023,5.546667098999023,1875.0
1994-07-15 00:00:00,3.150024175643921,5.546667098999023,5.546667098999023,5.546667098999023,5.546667098999023,0.0
1994-07-18 00:00:00,3.150024175643921,5.546667098999023,5.546667098999023,5.546667098999023,5.546667098999023,0.0
1994-07-19 00:00:00,3.150024175643921,5.546667098999023,5.546667098999023,5.546667098999023,5.546667098999023,0.0
1994-07-20 00:00:00,3.150024175643921,5.546667098999023,5.546667098999023,5.546667098999023,5.546667098999023,0.0
1994-07-21 00:00:00,3.150024175643921,5.546667098999023,5.546667098999023,5.546667098999023,5.546667098999023,0.0
1994-07-22 00:00:00,3.150024175643921,5.546667098999023,5.546667098999023,5.546667098999023,5.546667098999023,0.0
1994-07-25 00:00:00,3.150024175643921,5.546667098999023,5.546667098999023,5.546667098999023,5.546667098999023,0.0
1994-07-26 00:00:00,3.157593011856079,5.559999942779541,5.559999942779541,5.559999942779541,5.559999942779541,1875.0
1994-07-27 00:00:00,3.157593011856079,5.559999942779541,5.559999942779541,5.559999942779541,5.559999942779541,0.0
1994-07-28 00:00:00,3.157593011856079,5.559999942779541,5.559999942779541,5.559999942779541,5.559999942779541,0.0
1994-07-29 00:00:00,3.157593011856079,5.559999942779541,5.559999942779541,5.559999942779541,5.559999942779541,0.0
1994-08-01 00:00:00,3.157593011856079,5.559999942779541,5.559999942779541,5.559999942779541,5.559999942779541,0.0
1994-08-02 00:00:00,3.157593011856079,5.559999942779541,5.559999942779541,5.559999942779541,5.559999942779541,0.0
1994-08-03 00:00:00,3.157593011856079,5.559999942779541,5.559999942779541,5.559999942779541,5.559999942779541,0.0
1994-08-04 00:00:00,3.157593011856079,5.559999942779541,5.559999942779541,5.559999942779541,5.559999942779541,0.0
1994-08-05 00:00:00,3.157593011856079,5.559999942779541,5.559999942779541,5.559999942779541,5.559999942779541,0.0
1994-08-08 00:00:00,3.157593011856079,5.559999942779541,5.559999942779541,5.559999942779541,5.559999942779541,0.0
1994-08-09 00:00:00,3.157593011856079,5.559999942779541,5.559999942779541,5.559999942779541,5.559999942779541,0.0
1994-08-10 00:00:00,3.157593011856079,5.559999942779541,5.559999942779541,5.559999942779541,5.559999942779541,0.0
1994-08-11 00:00:00,3.157593011856079,5.559999942779541,5.559999942779541,5.559999942779541,5.559999942779541,0.0
1994-08-12 00:00:00,3.157593011856079,5.559999942779541,5.559999942779541,5.559999942779541,5.559999942779541,0.0
1994-08-15 00:00:00,3.157593011856079,5.559999942779541,5.559999942779541,5.559999942779541,5.559999942779541,0.0
1994-08-16 00:00:00,3.157593011856079,5.559999942779541,5.559999942779541,5.559999942779541,5.559999942779541,0.0
1994-08-17 00:00:00,3.157593011856079,5.559999942779541,5.559999942779541,5.559999942779541,5.559999942779541,0.0
1994-08-18 00:00:00,3.157593011856079,5.559999942779541,5.559999942779541,5.559999942779541,5.559999942779541,0.0
1994-08-19 00:00:00,3.157593011856079,5.559999942779541,5.559999942779541,5.559999942779541,5.559999942779541,0.0
1994-08-22 00:00:00,3.157593011856079,5.559999942779541,5.559999942779541,5.559999942779541,5.559999942779541,0.0
1994-08-23 00:00:00,3.157593011856079,5.559999942779541,5.559999942779541,5.559999942779541,5.559999942779541,0.0
1994-08-24 00:00:00,3.157593011856079,5.559999942779541,5.559999942779541,5.559999942779541,5.559999942779541,0.0
1994-08-25 00:00:00,3.157593011856079,5.559999942779541,5.559999942779541,5.559999942779541,5.559999942779541,0.0
1994-08-26 00:00:00,3.157593011856079,5.559999942779541,5.559999942779541,5.559999942779541,5.559999942779541,0.0
1994-08-29 00:00:00,3.157593011856079,5.559999942779541,5.559999942779541,5.559999942779541,5.559999942779541,0.0
1994-08-30 00:00:00,3.157593011856079,5.559999942779541,5.559999942779541,5.559999942779541,5.559999942779541,0.0
1994-08-31 00:00:00,3.157593011856079,5.559999942779541,5.559999942779541,5.559999942779541,5.559999942779541,0.0
1994-09-01 00:00:00,3.157593011856079,5.559999942779541,5.559999942779541,5.559999942779541,5.559999942779541,0.0
1994-09-02 00:00:00,3.157593011856079,5.559999942779541,5.559999942779541,5.559999942779541,5.559999942779541,0.0
1994-09-06 00:00:00,3.157593011856079,5.559999942779541,5.559999942779541,5.559999942779541,5.559999942779541,0.0
1994-09-07 00:00:00,3.157593011856079,5.559999942779541,5.559999942779541,5.559999942779541,5.559999942779541,0.0
1994-09-08 00:00:00,3.157593011856079,5.559999942779541,5.559999942779541,5.559999942779541,5.559999942779541,0.0
1994-09-09 00:00:00,3.157593011856079,5.559999942779541,5.559999942779541,5.559999942779541,5.559999942779541,0.0
1994-09-12 00:00:00,3.157593011856079,5.559999942779541,5.559999942779541,5.559999942779541,5.559999942779541,0.0
1994-09-13 00:00:00,3.157593011856079,5.559999942779541,5.559999942779541,5.559999942779541,5.559999942779541,0.0
1994-09-14 00:00:00,3.157593011856079,5.559999942779541,5.559999942779541,5.559999942779541,5.559999942779541,0.0
1994-09-15 00:00:00,3.157593011856079,5.559999942779541,5.559999942779541,5.559999942779541,5.559999942779541,0.0
1994-09-16 00:00:00,3.157593011856079,5.559999942779541,5.559999942779541,5.559999942779541,5.559999942779541,0.0
1994-09-19 00:00:00,3.157593011856079,5.559999942779541,5.559999942779541,5.559999942779541,5.559999942779541,0.0
1994-09-20 00:00:00,3.157593011856079,5.559999942779541,5.559999942779541,5.559999942779541,5.559999942779541,0.0
1994-09-21 00:00:00,3.5134875774383545,6.186666965484619,6.186666965484619,6.186666965484619,6.186666965484619,4219.0
1994-09-22 00:00:00,3.5134875774383545,6.186666965484619,6.186666965484619,6.186666965484619,6.186666965484619,0.0
1994-09-23 00:00:00,3.5134875774383545,6.186666965484619,6.186666965484619,6.186666965484619,6.186666965484619,0.0
1994-09-26 00:00:00,3.5134875774383545,6.186666965484619,6.186666965484619,6.186666965484619,6.186666965484619,0.0
1994-09-27 00:00:00,3.5134875774383545,6.186666965484619,6.186666965484619,6.186666965484619,6.186666965484619,0.0
1994-09-28 00:00:00,3.5134875774383545,6.186666965484619,6.186666965484619,6.186666965484619,6.186666965484619,0.0
1994-09-29 00:00:00,3.5134875774383545,6.186666965484619,6.186666965484619,6.186666965484619,6.186666965484619,0.0
1994-09-30 00:00:00,3.5134875774383545,6.186666965484619,6.186666965484619,6.186666965484619,6.186666965484619,0.0
1994-10-03 00:00:00,3.5134875774383545,6.186666965484619,6.186666965484619,6.186666965484619,6.186666965484619,0.0
1994-10-04 00:00:00,3.5134875774383545,6.186666965484619,6.186666965484619,6.186666965484619,6.186666965484619,0.0
1994-10-05 00:00:00,3.5134875774383545,6.186666965484619,6.186666965484619,6.186666965484619,6.186666965484619,0.0
1994-10-06 00:00:00,3.5134875774383545,6.186666965484619,6.186666965484619,6.186666965484619,6.186666965484619,0.0
1994-10-07 00:00:00,3.5134875774383545,6.186666965484619,6.186666965484619,6.186666965484619,6.186666965484619,0.0
1994-10-10 00:00:00,3.5134875774383545,6.186666965484619,6.186666965484619,6.186666965484619,6.186666965484619,0.0
1994-10-11 00:00:00,3.5134875774383545,6.186666965484619,6.186666965484619,6.186666965484619,6.186666965484619,0.0
1994-10-12 00:00:00,3.5134875774383545,6.186666965484619,6.186666965484619,6.186666965484619,6.186666965484619,0.0
1994-10-13 00:00:00,3.5134875774383545,6.186666965484619,6.186666965484619,6.186666965484619,6.186666965484619,0.0
1994-10-14 00:00:00,3.5134875774383545,6.186666965484619,6.186666965484619,6.186666965484619,6.186666965484619,0.0
1994-10-17 00:00:00,3.5134875774383545,6.186666965484619,6.186666965484619,6.186666965484619,6.186666965484619,0.0
1994-10-18 00:00:00,3.5134875774383545,6.186666965484619,6.186666965484619,6.186666965484619,6.186666965484619,0.0
1994-10-19 00:00:00,3.5134875774383545,6.186666965484619,6.186666965484619,6.186666965484619,6.186666965484619,0.0
1994-10-20 00:00:00,3.5134875774383545,6.186666965484619,6.186666965484619,6.186666965484619,6.186666965484619,0.0
1994-10-21 00:00:00,3.5134875774383545,6.186666965484619,6.186666965484619,6.186666965484619,6.186666965484619,0.0
1994-10-24 00:00:00,3.5134875774383545,6.186666965484619,6.186666965484619,6.186666965484619,6.186666965484619,0.0
1994-10-25 00:00:00,3.5134875774383545,6.186666965484619,6.186666965484619,6.186666965484619,6.186666965484619,0.0
1994-10-26 00:00:00,3.5134875774383545,6.186666965484619,6.186666965484619,6.186666965484619,6.186666965484619,0.0
1994-10-27 00:00:00,3.5134875774383545,6.186666965484619,6.186666965484619,6.186666965484619,6.186666965484619,0.0
1994-10-28 00:00:00,3.5134875774383545,6.186666965484619,6.186666965484619,6.186666965484619,6.186666965484619,0.0
1994-10-31 00:00:00,3.5134875774383545,6.186666965484619,6.186666965484619,6.186666965484619,6.186666965484619,0.0
1994-11-01 00:00:00,3.5134875774383545,6.186666965484619,6.186666965484619,6.186666965484619,6.186666965484619,0.0
1994-11-02 00:00:00,3.5134875774383545,6.186666965484619,6.186666965484619,6.186666965484619,6.186666965484619,0.0
1994-11-03 00:00:00,3.5134875774383545,6.186666965484619,6.186666965484619,6.186666965484619,6.186666965484619,0.0
1994-11-04 00:00:00,3.5134875774383545,6.186666965484619,6.186666965484619,6.186666965484619,6.186666965484619,0.0
1994-11-07 00:00:00,3.5134875774383545,6.186666965484619,6.186666965484619,6.186666965484619,6.186666965484619,0.0
1994-11-08 00:00:00,3.5134875774383545,6.186666965484619,6.186666965484619,6.186666965484619,6.186666965484619,0.0
1994-11-09 00:00:00,3.5134875774383545,6.186666965484619,6.186666965484619,6.186666965484619,6.186666965484619,0.0
1994-11-10 00:00:00,3.5134875774383545,6.186666965484619,6.186666965484619,6.186666965484619,6.186666965484619,0.0
1994-11-11 00:00:00,3.5134875774383545,6.186666965484619,6.186666965484619,6.186666965484619,6.186666965484619,0.0
1994-11-14 00:00:00,3.5134875774383545,6.186666965484619,6.186666965484619,6.186666965484619,6.186666965484619,0.0
1994-11-15 00:00:00,3.5134875774383545,6.186666965484619,6.186666965484619,6.186666965484619,6.186666965484619,0.0
1994-11-16 00:00:00,3.5134875774383545,6.186666965484619,6.186666965484619,6.186666965484619,6.186666965484619,0.0
1994-11-17 00:00:00,3.5134875774383545,6.186666965484619,6.186666965484619,6.186666965484619,6.186666965484619,0.0
1994-11-18 00:00:00,3.5134875774383545,6.186666965484619,6.186666965484619,6.186666965484619,6.186666965484619,0.0
1994-11-21 00:00:00,3.5134875774383545,6.186666965484619,6.186666965484619,6.186666965484619,6.186666965484619,0.0
1994-11-22 00:00:00,3.5134875774383545,6.186666965484619,6.186666965484619,6.186666965484619,6.186666965484619,0.0
1994-11-23 00:00:00,3.5134875774383545,6.186666965484619,6.186666965484619,6.186666965484619,6.186666965484619,0.0
1994-11-25 00:00:00,3.5134875774383545,6.186666965484619,6.186666965484619,6.186666965484619,6.186666965484619,0.0
1994-11-28 00:00:00,3.5134875774383545,6.186666965484619,6.186666965484619,6.186666965484619,6.186666965484619,0.0
1994-11-29 00:00:00,3.5134875774383545,6.186666965484619,6.186666965484619,6.186666965484619,6.186666965484619,0.0
1994-11-30 00:00:00,3.5134875774383545,6.186666965484619,6.186666965484619,6.186666965484619,6.186666965484619,0.0
1994-12-01 00:00:00,3.5134875774383545,6.186666965484619,6.186666965484619,6.186666965484619,6.186666965484619,0.0
1994-12-02 00:00:00,3.5134875774383545,6.186666965484619,6.186666965484619,6.186666965484619,6.186666965484619,0.0
1994-12-05 00:00:00,3.5134875774383545,6.186666965484619,6.186666965484619,6.186666965484619,6.186666965484619,0.0
1994-12-06 00:00:00,3.5134875774383545,6.186666965484619,6.186666965484619,6.186666965484619,6.186666965484619,0.0
1994-12-07 00:00:00,3.5134875774383545,6.186666965484619,6.186666965484619,6.186666965484619,6.186666965484619,0.0
1994-12-08 00:00:00,3.5134875774383545,6.186666965484619,6.186666965484619,6.186666965484619,6.186666965484619,0.0
1994-12-09 00:00:00,3.5134875774383545,6.186666965484619,6.186666965484619,6.186666965484619,6.186666965484619,0.0
1994-12-12 00:00:00,3.6131627559661865,6.186666965484619,6.186666965484619,6.186666965484619,6.186666965484619,0.0
1994-12-13 00:00:00,3.6131627559661865,6.186666965484619,6.186666965484619,6.186666965484619,6.186666965484619,0.0
1994-12-14 00:00:00,3.6131627559661865,6.186666965484619,6.186666965484619,6.186666965484619,6.186666965484619,0.0
1994-12-15 00:00:00,3.6131627559661865,6.186666965484619,6.186666965484619,6.186666965484619,6.186666965484619,0.0
1994-12-16 00:00:00,3.6131627559661865,6.186666965484619,6.186666965484619,6.186666965484619,6.186666965484619,0.0
1994-12-19 00:00:00,3.6131627559661865,6.186666965484619,6.186666965484619,6.186666965484619,6.186666965484619,0.0
1994-12-20 00:00:00,3.6131627559661865,6.186666965484619,6.186666965484619,6.186666965484619,6.186666965484619,0.0
1994-12-21 00:00:00,3.6131627559661865,6.186666965484619,6.186666965484619,6.186666965484619,6.186666965484619,0.0
1994-12-22 00:00:00,3.6131627559661865,6.186666965484619,6.186666965484619,6.186666965484619,6.186666965484619,0.0
1994-12-23 00:00:00,3.6131627559661865,6.186666965484619,6.186666965484619,6.186666965484619,6.186666965484619,0.0
1994-12-27 00:00:00,3.6131627559661865,6.186666965484619,6.186666965484619,6.186666965484619,6.186666965484619,0.0
1994-12-28 00:00:00,3.6131627559661865,6.186666965484619,6.186666965484619,6.186666965484619,6.186666965484619,0.0
1994-12-29 00:00:00,3.6131627559661865,6.186666965484619,6.186666965484619,6.186666965484619,6.186666965484619,0.0
1994-12-30 00:00:00,3.6131627559661865,6.186666965484619,6.186666965484619,6.186666965484619,6.186666965484619,0.0
1995-01-03 00:00:00,3.6131627559661865,6.186666965484619,6.186666965484619,6.186666965484619,6.186666965484619,0.0
1995-01-04 00:00:00,3.6131627559661865,6.186666965484619,6.186666965484619,6.186666965484619,6.186666965484619,0.0
1995-01-05 00:00:00,3.6131627559661865,6.186666965484619,6.186666965484619,6.186666965484619,6.186666965484619,0.0
1995-01-06 00:00:00,3.6131627559661865,6.186666965484619,6.186666965484619,6.186666965484619,6.186666965484619,0.0
1995-01-09 00:00:00,3.6131627559661865,6.186666965484619,6.186666965484619,6.186666965484619,6.186666965484619,0.0
1995-01-10 00:00:00,3.6131627559661865,6.186666965484619,6.186666965484619,6.186666965484619,6.186666965484619,0.0
1995-01-11 00:00:00,3.6131627559661865,6.186666965484619,6.186666965484619,6.186666965484619,6.186666965484619,0.0
1995-01-12 00:00:00,3.6131627559661865,6.186666965484619,6.186666965484619,6.186666965484619,6.186666965484619,0.0
1995-01-13 00:00:00,3.6131627559661865,6.186666965484619,6.186666965484619,6.186666965484619,6.186666965484619,0.0
1995-01-16 00:00:00,3.6131627559661865,6.186666965484619,6.186666965484619,6.186666965484619,6.186666965484619,0.0
1995-01-17 00:00:00,3.6131627559661865,6.186666965484619,6.186666965484619,6.186666965484619,6.186666965484619,0.0
1995-01-18 00:00:00,3.6131627559661865,6.186666965484619,6.186666965484619,6.186666965484619,6.186666965484619,0.0
1995-01-19 00:00:00,3.6131627559661865,6.186666965484619,6.186666965484619,6.186666965484619,6.186666965484619,0.0
1995-01-20 00:00:00,3.6131627559661865,6.186666965484619,6.186666965484619,6.186666965484619,6.186666965484619,0.0
1995-01-23 00:00:00,3.6131627559661865,6.186666965484619,6.186666965484619,6.186666965484619,6.186666965484619,0.0
1995-01-24 00:00:00,3.6131627559661865,6.186666965484619,6.186666965484619,6.186666965484619,6.186666965484619,0.0
1995-01-25 00:00:00,3.6131627559661865,6.186666965484619,6.186666965484619,6.186666965484619,6.186666965484619,0.0
1995-01-26 00:00:00,3.6131627559661865,6.186666965484619,6.186666965484619,6.186666965484619,6.186666965484619,0.0
1995-01-27 00:00:00,3.6131627559661865,6.186666965484619,6.186666965484619,6.186666965484619,6.186666965484619,0.0
1995-01-30 00:00:00,3.6131627559661865,6.186666965484619,6.186666965484619,6.186666965484619,6.186666965484619,0.0
1995-01-31 00:00:00,3.6131627559661865,6.186666965484619,6.186666965484619,6.186666965484619,6.186666965484619,0.0
1995-02-01 00:00:00,3.6131627559661865,6.186666965484619,6.186666965484619,6.186666965484619,6.186666965484619,0.0
1995-02-02 00:00:00,3.6131627559661865,6.186666965484619,6.186666965484619,6.186666965484619,6.186666965484619,0.0
1995-02-03 00:00:00,3.6131627559661865,6.186666965484619,6.186666965484619,6.186666965484619,6.186666965484619,0.0
1995-02-06 00:00:00,3.6131627559661865,6.186666965484619,6.186666965484619,6.186666965484619,6.186666965484619,0.0
1995-02-07 00:00:00,3.6131627559661865,6.186666965484619,6.186666965484619,6.186666965484619,6.186666965484619,0.0
1995-02-08 00:00:00,3.6131627559661865,6.186666965484619,6.186666965484619,6.186666965484619,6.186666965484619,0.0
1995-02-09 00:00:00,3.6131627559661865,6.186666965484619,6.186666965484619,6.186666965484619,6.186666965484619,0.0
1995-02-10 00:00:00,3.6131627559661865,6.186666965484619,6.186666965484619,6.186666965484619,6.186666965484619,0.0
1995-02-13 00:00:00,3.6131627559661865,6.186666965484619,6.186666965484619,6.186666965484619,6.186666965484619,0.0
1995-02-14 00:00:00,3.6131627559661865,6.186666965484619,6.186666965484619,6.186666965484619,6.186666965484619,0.0
1995-02-15 00:00:00,3.6131627559661865,6.186666965484619,6.186666965484619,6.186666965484619,6.186666965484619,0.0
1995-02-16 00:00:00,3.6131627559661865,6.186666965484619,6.186666965484619,6.186666965484619,6.186666965484619,0.0
1995-02-17 00:00:00,3.6131627559661865,6.186666965484619,6.186666965484619,6.186666965484619,6.186666965484619,0.0
1995-02-21 00:00:00,3.6131627559661865,6.186666965484619,6.186666965484619,6.186666965484619,6.186666965484619,0.0
1995-02-22 00:00:00,3.6131627559661865,6.186666965484619,6.186666965484619,6.186666965484619,6.186666965484619,0.0
1995-02-23 00:00:00,3.6131627559661865,6.186666965484619,6.186666965484619,6.186666965484619,6.186666965484619,0.0
1995-02-24 00:00:00,3.6131627559661865,6.186666965484619,6.186666965484619,6.186666965484619,6.186666965484619,0.0
1995-02-27 00:00:00,3.6131627559661865,6.186666965484619,6.186666965484619,6.186666965484619,6.186666965484619,0.0
1995-02-28 00:00:00,3.6131627559661865,6.186666965484619,6.186666965484619,6.186666965484619,6.186666965484619,0.0
1995-03-01 00:00:00,3.6131627559661865,6.186666965484619,6.186666965484619,6.186666965484619,6.186666965484619,0.0
1995-03-02 00:00:00,3.6131627559661865,6.186666965484619,6.186666965484619,6.186666965484619,6.186666965484619,0.0
1995-03-03 00:00:00,3.6131627559661865,6.186666965484619,6.186666965484619,6.186666965484619,6.186666965484619,0.0
1995-03-06 00:00:00,3.6131627559661865,6.186666965484619,6.186666965484619,6.186666965484619,6.186666965484619,0.0
1995-03-07 00:00:00,3.6131627559661865,6.186666965484619,6.186666965484619,6.186666965484619,6.186666965484619,0.0
1995-03-08 00:00:00,3.6131627559661865,6.186666965484619,6.186666965484619,6.186666965484619,6.186666965484619,0.0
1995-03-09 00:00:00,3.6131627559661865,6.186666965484619,6.186666965484619,6.186666965484619,6.186666965484619,0.0
1995-03-10 00:00:00,3.6131627559661865,6.186666965484619,6.186666965484619,6.186666965484619,6.186666965484619,0.0
1995-03-13 00:00:00,3.6131627559661865,6.186666965484619,6.186666965484619,6.186666965484619,6.186666965484619,0.0
1995-03-14 00:00:00,3.6131627559661865,6.186666965484619,6.186666965484619,6.186666965484619,6.186666965484619,0.0
1995-03-15 00:00:00,3.6131627559661865,6.186666965484619,6.186666965484619,6.186666965484619,6.186666965484619,0.0
1995-03-16 00:00:00,3.6131627559661865,6.186666965484619,6.186666965484619,6.186666965484619,6.186666965484619,0.0
1995-03-17 00:00:00,3.6131627559661865,6.186666965484619,6.186666965484619,6.186666965484619,6.186666965484619,0.0
1995-03-20 00:00:00,3.6131627559661865,6.186666965484619,6.186666965484619,6.186666965484619,6.186666965484619,0.0
1995-03-21 00:00:00,3.6131627559661865,6.186666965484619,6.186666965484619,6.186666965484619,6.186666965484619,0.0
1995-03-22 00:00:00,3.6131627559661865,6.186666965484619,6.186666965484619,6.186666965484619,6.186666965484619,0.0
1995-03-23 00:00:00,3.6131627559661865,6.186666965484619,6.186666965484619,6.186666965484619,6.186666965484619,0.0
1995-03-24 00:00:00,3.6131627559661865,6.186666965484619,6.186666965484619,6.186666965484619,6.186666965484619,0.0
1995-03-27 00:00:00,3.6131627559661865,6.186666965484619,6.186666965484619,6.186666965484619,6.186666965484619,0.0
1995-03-28 00:00:00,3.6131627559661865,6.186666965484619,6.186666965484619,6.186666965484619,6.186666965484619,0.0
1995-03-29 00:00:00,3.6131627559661865,6.186666965484619,6.186666965484619,6.186666965484619,6.186666965484619,0.0
1995-03-30 00:00:00,3.6131627559661865,6.186666965484619,6.186666965484619,6.186666965484619,6.186666965484619,0.0
1995-03-31 00:00:00,3.6131627559661865,6.186666965484619,6.186666965484619,6.186666965484619,6.186666965484619,0.0
1995-04-03 00:00:00,3.6131627559661865,6.186666965484619,6.186666965484619,6.186666965484619,6.186666965484619,0.0
1995-04-04 00:00:00,3.6131627559661865,6.186666965484619,6.186666965484619,6.186666965484619,6.186666965484619,0.0
1995-04-05 00:00:00,3.6131627559661865,6.186666965484619,6.186666965484619,6.186666965484619,6.186666965484619,0.0
1995-04-06 00:00:00,3.6131627559661865,6.186666965484619,6.186666965484619,6.186666965484619,6.186666965484619,0.0
1995-04-07 00:00:00,3.6131627559661865,6.186666965484619,6.186666965484619,6.186666965484619,6.186666965484619,0.0
1995-04-10 00:00:00,3.6131627559661865,6.186666965484619,6.186666965484619,6.186666965484619,6.186666965484619,0.0
1995-04-11 00:00:00,3.6131627559661865,6.186666965484619,6.186666965484619,6.186666965484619,6.186666965484619,0.0
1995-04-12 00:00:00,3.6131627559661865,6.186666965484619,6.186666965484619,6.186666965484619,6.186666965484619,0.0
1995-04-13 00:00:00,3.6131627559661865,6.186666965484619,6.186666965484619,6.186666965484619,6.186666965484619,0.0
1995-04-17 00:00:00,3.6131627559661865,6.186666965484619,6.186666965484619,6.186666965484619,6.186666965484619,0.0
1995-04-18 00:00:00,3.6131627559661865,6.186666965484619,6.186666965484619,6.186666965484619,6.186666965484619,0.0
1995-04-19 00:00:00,3.6131627559661865,6.186666965484619,6.186666965484619,6.186666965484619,6.186666965484619,0.0
1995-04-20 00:00:00,3.6131627559661865,6.186666965484619,6.186666965484619,6.186666965484619,6.186666965484619,0.0
1995-04-21 00:00:00,3.6131627559661865,6.186666965484619,6.186666965484619,6.186666965484619,6.186666965484619,0.0
1995-04-24 00:00:00,3.6131627559661865,6.186666965484619,6.186666965484619,6.186666965484619,6.186666965484619,0.0
1995-04-25 00:00:00,3.6131627559661865,6.186666965484619,6.186666965484619,6.186666965484619,6.186666965484619,0.0
1995-04-26 00:00:00,3.6131627559661865,6.186666965484619,6.186666965484619,6.186666965484619,6.186666965484619,0.0
1995-04-27 00:00:00,3.6131627559661865,6.186666965484619,6.186666965484619,6.186666965484619,6.186666965484619,0.0
1995-04-28 00:00:00,3.6131627559661865,6.186666965484619,6.186666965484619,6.186666965484619,6.186666965484619,0.0
1995-05-01 00:00:00,3.6131627559661865,6.186666965484619,6.186666965484619,6.186666965484619,6.186666965484619,0.0
1995-05-02 00:00:00,3.6131627559661865,6.186666965484619,6.186666965484619,6.186666965484619,6.186666965484619,0.0
1995-05-03 00:00:00,3.6131627559661865,6.186666965484619,6.186666965484619,6.186666965484619,6.186666965484619,0.0
1995-05-04 00:00:00,3.6131627559661865,6.186666965484619,6.186666965484619,6.186666965484619,6.186666965484619,0.0
1995-05-05 00:00:00,3.6131627559661865,6.186666965484619,6.186666965484619,6.186666965484619,6.186666965484619,0.0
1995-05-08 00:00:00,3.6131627559661865,6.186666965484619,6.186666965484619,6.186666965484619,6.186666965484619,0.0
1995-05-09 00:00:00,3.6131627559661865,6.186666965484619,6.186666965484619,6.186666965484619,6.186666965484619,0.0
1995-05-10 00:00:00,3.6131627559661865,6.186666965484619,6.186666965484619,6.186666965484619,6.186666965484619,0.0
1995-05-11 00:00:00,3.6131627559661865,6.186666965484619,6.186666965484619,6.186666965484619,6.186666965484619,0.0
1995-05-12 00:00:00,3.6131627559661865,6.186666965484619,6.186666965484619,6.186666965484619,6.186666965484619,0.0
1995-05-15 00:00:00,3.6131627559661865,6.186666965484619,6.186666965484619,6.186666965484619,6.186666965484619,0.0
1995-05-16 00:00:00,3.6131627559661865,6.186666965484619,6.186666965484619,6.186666965484619,6.186666965484619,0.0
1995-05-17 00:00:00,3.6131627559661865,6.186666965484619,6.186666965484619,6.186666965484619,6.186666965484619,0.0
1995-05-18 00:00:00,3.6131627559661865,6.186666965484619,6.186666965484619,6.186666965484619,6.186666965484619,0.0
1995-05-19 00:00:00,3.6131627559661865,6.186666965484619,6.186666965484619,6.186666965484619,6.186666965484619,0.0
1995-05-22 00:00:00,3.6131627559661865,6.186666965484619,6.186666965484619,6.186666965484619,6.186666965484619,0.0
1995-05-23 00:00:00,3.6131627559661865,6.186666965484619,6.186666965484619,6.186666965484619,6.186666965484619,0.0
1995-05-24 00:00:00,3.6131627559661865,6.186666965484619,6.186666965484619,6.186666965484619,6.186666965484619,0.0
1995-05-25 00:00:00,3.6131627559661865,6.186666965484619,6.186666965484619,6.186666965484619,6.186666965484619,0.0
1995-05-26 00:00:00,3.6131627559661865,6.186666965484619,6.186666965484619,6.186666965484619,6.186666965484619,0.0
1995-05-30 00:00:00,3.6131627559661865,6.186666965484619,6.186666965484619,6.186666965484619,6.186666965484619,0.0
1995-05-31 00:00:00,3.6131627559661865,6.186666965484619,6.186666965484619,6.186666965484619,6.186666965484619,0.0
1995-06-01 00:00:00,3.6131627559661865,6.186666965484619,6.186666965484619,6.186666965484619,6.186666965484619,0.0
1995-06-02 00:00:00,3.6131627559661865,6.186666965484619,6.186666965484619,6.186666965484619,6.186666965484619,0.0
1995-06-05 00:00:00,3.6131627559661865,6.186666965484619,6.186666965484619,6.186666965484619,6.186666965484619,0.0
1995-06-06 00:00:00,3.6131627559661865,6.186666965484619,6.186666965484619,6.186666965484619,6.186666965484619,0.0
1995-06-07 00:00:00,3.6131627559661865,6.186666965484619,6.186666965484619,6.186666965484619,6.186666965484619,0.0
1995-06-08 00:00:00,3.6131627559661865,6.186666965484619,6.186666965484619,6.186666965484619,6.186666965484619,0.0
1995-06-09 00:00:00,3.6131627559661865,6.186666965484619,6.186666965484619,6.186666965484619,6.186666965484619,0.0
1995-06-12 00:00:00,3.6131627559661865,6.186666965484619,6.186666965484619,6.186666965484619,6.186666965484619,0.0
1995-06-13 00:00:00,3.6131627559661865,6.186666965484619,6.186666965484619,6.186666965484619,6.186666965484619,0.0
1995-06-14 00:00:00,3.626920461654663,6.186666965484619,6.186666965484619,6.186666965484619,6.186666965484619,0.0
1995-06-15 00:00:00,3.626920461654663,6.186666965484619,6.186666965484619,6.186666965484619,6.186666965484619,0.0
1995-06-16 00:00:00,3.626920461654663,6.186666965484619,6.186666965484619,6.186666965484619,6.186666965484619,0.0
1995-06-19 00:00:00,3.626920461654663,6.186666965484619,6.186666965484619,6.186666965484619,6.186666965484619,0.0
1995-06-20 00:00:00,3.626920461654663,6.186666965484619,6.186666965484619,6.186666965484619,6.186666965484619,0.0
1995-06-21 00:00:00,3.626920461654663,6.186666965484619,6.186666965484619,6.186666965484619,6.186666965484619,0.0
1995-06-22 00:00:00,3.626920461654663,6.186666965484619,6.186666965484619,6.186666965484619,6.186666965484619,0.0
1995-06-23 00:00:00,3.626920461654663,6.186666965484619,6.186666965484619,6.186666965484619,6.186666965484619,0.0
1995-06-26 00:00:00,3.626920461654663,6.186666965484619,6.186666965484619,6.186666965484619,6.186666965484619,0.0
1995-06-27 00:00:00,3.626920461654663,6.186666965484619,6.186666965484619,6.186666965484619,6.186666965484619,0.0
1995-06-28 00:00:00,3.626920461654663,6.186666965484619,6.186666965484619,6.186666965484619,6.186666965484619,0.0
1995-06-29 00:00:00,3.626920461654663,6.186666965484619,6.186666965484619,6.186666965484619,6.186666965484619,0.0
1995-06-30 00:00:00,3.626920461654663,6.186666965484619,6.186666965484619,6.186666965484619,6.186666965484619,0.0
1995-07-03 00:00:00,3.626920461654663,6.186666965484619,6.186666965484619,6.186666965484619,6.186666965484619,0.0
1995-07-05 00:00:00,3.626920461654663,6.186666965484619,6.186666965484619,6.186666965484619,6.186666965484619,0.0
1995-07-06 00:00:00,3.626920461654663,6.186666965484619,6.186666965484619,6.186666965484619,6.186666965484619,0.0
1995-07-07 00:00:00,3.626920461654663,6.186666965484619,6.186666965484619,6.186666965484619,6.186666965484619,0.0
1995-07-10 00:00:00,3.626920461654663,6.186666965484619,6.186666965484619,6.186666965484619,6.186666965484619,0.0
1995-07-11 00:00:00,3.626920461654663,6.186666965484619,6.186666965484619,6.186666965484619,6.186666965484619,0.0
1995-07-12 00:00:00,3.626920461654663,6.186666965484619,6.186666965484619,6.186666965484619,6.186666965484619,0.0
1995-07-13 00:00:00,3.626920461654663,6.186666965484619,6.186666965484619,6.186666965484619,6.186666965484619,0.0
1995-07-14 00:00:00,3.626920461654663,6.186666965484619,6.186666965484619,6.186666965484619,6.186666965484619,0.0
1995-07-17 00:00:00,3.626920461654663,6.186666965484619,6.186666965484619,6.186666965484619,6.186666965484619,0.0
1995-07-18 00:00:00,3.626920461654663,6.186666965484619,6.186666965484619,6.186666965484619,6.186666965484619,0.0
1995-07-19 00:00:00,3.626920461654663,6.186666965484619,6.186666965484619,6.186666965484619,6.186666965484619,0.0
1995-07-20 00:00:00,3.626920461654663,6.186666965484619,6.186666965484619,6.186666965484619,6.186666965484619,0.0
1995-07-21 00:00:00,3.626920461654663,6.186666965484619,6.186666965484619,6.186666965484619,6.186666965484619,0.0
1995-07-24 00:00:00,3.626920461654663,6.186666965484619,6.186666965484619,6.186666965484619,6.186666965484619,0.0
1995-07-25 00:00:00,3.626920461654663,6.186666965484619,6.186666965484619,6.186666965484619,6.186666965484619,0.0
1995-07-26 00:00:00,3.626920461654663,6.186666965484619,6.186666965484619,6.186666965484619,6.186666965484619,0.0
1995-07-27 00:00:00,3.626920461654663,6.186666965484619,6.186666965484619,6.186666965484619,6.186666965484619,0.0
1995-07-28 00:00:00,3.626920461654663,6.186666965484619,6.186666965484619,6.186666965484619,6.186666965484619,0.0
1995-07-31 00:00:00,3.626920461654663,6.186666965484619,6.186666965484619,6.186666965484619,6.186666965484619,0.0
1995-08-01 00:00:00,3.626920461654663,6.186666965484619,6.186666965484619,6.186666965484619,6.186666965484619,0.0
1995-08-02 00:00:00,3.626920461654663,6.186666965484619,6.186666965484619,6.186666965484619,6.186666965484619,0.0
1995-08-03 00:00:00,3.626920461654663,6.186666965484619,6.186666965484619,6.186666965484619,6.186666965484619,0.0
1995-08-04 00:00:00,3.626920461654663,6.186666965484619,6.186666965484619,6.186666965484619,6.186666965484619,0.0
1995-08-07 00:00:00,3.626920461654663,6.186666965484619,6.186666965484619,6.186666965484619,6.186666965484619,0.0
1995-08-08 00:00:00,3.626920461654663,6.186666965484619,6.186666965484619,6.186666965484619,6.186666965484619,0.0
1995-08-09 00:00:00,3.626920461654663,6.186666965484619,6.186666965484619,6.186666965484619,6.186666965484619,0.0
1995-08-10 00:00:00,3.626920461654663,6.186666965484619,6.186666965484619,6.186666965484619,6.186666965484619,0.0
1995-08-11 00:00:00,3.626920461654663,6.186666965484619,6.186666965484619,6.186666965484619,6.186666965484619,0.0
1995-08-14 00:00:00,3.626920461654663,6.186666965484619,6.186666965484619,6.186666965484619,6.186666965484619,0.0
1995-08-15 00:00:00,3.626920461654663,6.186666965484619,6.186666965484619,6.186666965484619,6.186666965484619,0.0
1995-08-16 00:00:00,3.626920461654663,6.186666965484619,6.186666965484619,6.186666965484619,6.186666965484619,0.0
1995-08-17 00:00:00,3.626920461654663,6.186666965484619,6.186666965484619,6.186666965484619,6.186666965484619,0.0
1995-08-18 00:00:00,3.626920461654663,6.186666965484619,6.186666965484619,6.186666965484619,6.186666965484619,0.0
1995-08-21 00:00:00,3.626920461654663,6.186666965484619,6.186666965484619,6.186666965484619,6.186666965484619,0.0
1995-08-22 00:00:00,3.626920461654663,6.186666965484619,6.186666965484619,6.186666965484619,6.186666965484619,0.0
1995-08-23 00:00:00,3.626920461654663,6.186666965484619,6.186666965484619,6.186666965484619,6.186666965484619,0.0
1995-08-24 00:00:00,3.6894545555114746,6.293333053588867,6.293333053588867,6.293333053588867,6.293333053588867,2344.0
1995-08-25 00:00:00,3.6894545555114746,6.293333053588867,6.293333053588867,6.293333053588867,6.293333053588867,0.0
1995-08-28 00:00:00,3.6894545555114746,6.293333053588867,6.293333053588867,6.293333053588867,6.293333053588867,0.0
1995-08-29 00:00:00,3.6894545555114746,6.293333053588867,6.293333053588867,6.293333053588867,6.293333053588867,0.0
1995-08-30 00:00:00,3.6894545555114746,6.293333053588867,6.293333053588867,6.293333053588867,6.293333053588867,0.0
1995-08-31 00:00:00,3.6894545555114746,6.293333053588867,6.293333053588867,6.293333053588867,6.293333053588867,0.0
1995-09-01 00:00:00,3.6894545555114746,6.293333053588867,6.293333053588867,6.293333053588867,6.293333053588867,0.0
1995-09-04 00:00:00,,,,,,
1995-09-05 00:00:00,3.6894545555114746,6.293333053588867,6.293333053588867,6.293333053588867,6.293333053588867,0.0
1995-09-06 00:00:00,3.6894545555114746,6.293333053588867,6.293333053588867,6.293333053588867,6.293333053588867,0.0
1995-09-07 00:00:00,3.6894545555114746,6.293333053588867,6.293333053588867,6.293333053588867,6.293333053588867,0.0
1995-09-08 00:00:00,3.6894545555114746,6.293333053588867,6.293333053588867,6.293333053588867,6.293333053588867,0.0
1995-09-11 00:00:00,3.6894545555114746,6.293333053588867,6.293333053588867,6.293333053588867,6.293333053588867,0.0
1995-09-12 00:00:00,3.6894545555114746,6.293333053588867,6.293333053588867,6.293333053588867,6.293333053588867,0.0
1995-09-13 00:00:00,3.6894545555114746,6.293333053588867,6.293333053588867,6.293333053588867,6.293333053588867,0.0
1995-09-14 00:00:00,3.6894545555114746,6.293333053588867,6.293333053588867,6.293333053588867,6.293333053588867,0.0
1995-09-15 00:00:00,3.6894545555114746,6.293333053588867,6.293333053588867,6.293333053588867,6.293333053588867,0.0
1995-09-18 00:00:00,3.6894545555114746,6.293333053588867,6.293333053588867,6.293333053588867,6.293333053588867,0.0
1995-09-19 00:00:00,3.6894545555114746,6.293333053588867,6.293333053588867,6.293333053588867,6.293333053588867,0.0
1995-09-20 00:00:00,3.6894545555114746,6.293333053588867,6.293333053588867,6.293333053588867,6.293333053588867,0.0
1995-09-21 00:00:00,3.6894545555114746,6.293333053588867,6.293333053588867,6.293333053588867,6.293333053588867,0.0
1995-09-22 00:00:00,3.6894545555114746,6.293333053588867,6.293333053588867,6.293333053588867,6.293333053588867,0.0
1995-09-25 00:00:00,3.6894545555114746,6.293333053588867,6.293333053588867,6.293333053588867,6.293333053588867,0.0
1995-09-26 00:00:00,3.6894545555114746,6.293333053588867,6.293333053588867,6.293333053588867,6.293333053588867,0.0
1995-09-27 00:00:00,3.6894545555114746,6.293333053588867,6.293333053588867,6.293333053588867,6.293333053588867,0.0
1995-09-28 00:00:00,3.6894545555114746,6.293333053588867,6.293333053588867,6.293333053588867,6.293333053588867,0.0
1995-09-29 00:00:00,3.6894545555114746,6.293333053588867,6.293333053588867,6.293333053588867,6.293333053588867,0.0
1995-10-02 00:00:00,3.6894545555114746,6.293333053588867,6.293333053588867,6.293333053588867,6.293333053588867,0.0
1995-10-03 00:00:00,3.6894545555114746,6.293333053588867,6.293333053588867,6.293333053588867,6.293333053588867,0.0
1995-10-04 00:00:00,3.6894545555114746,6.293333053588867,6.293333053588867,6.293333053588867,6.293333053588867,0.0
1995-10-05 00:00:00,3.6894545555114746,6.293333053588867,6.293333053588867,6.293333053588867,6.293333053588867,0.0
1995-10-06 00:00:00,3.6894545555114746,6.293333053588867,6.293333053588867,6.293333053588867,6.293333053588867,0.0
1995-10-09 00:00:00,3.6894545555114746,6.293333053588867,6.293333053588867,6.293333053588867,6.293333053588867,0.0
1995-10-10 00:00:00,3.6894545555114746,6.293333053588867,6.293333053588867,6.293333053588867,6.293333053588867,0.0
1995-10-11 00:00:00,3.6894545555114746,6.293333053588867,6.293333053588867,6.293333053588867,6.293333053588867,0.0
1995-10-12 00:00:00,3.6894545555114746,6.293333053588867,6.293333053588867,6.293333053588867,6.293333053588867,0.0
1995-10-13 00:00:00,3.6894545555114746,6.293333053588867,6.293333053588867,6.293333053588867,6.293333053588867,0.0
1995-10-16 00:00:00,3.6894545555114746,6.293333053588867,6.293333053588867,6.293333053588867,6.293333053588867,0.0
1995-10-17 00:00:00,3.6894545555114746,6.293333053588867,6.293333053588867,6.293333053588867,6.293333053588867,0.0
1995-10-18 00:00:00,3.6894545555114746,6.293333053588867,6.293333053588867,6.293333053588867,6.293333053588867,0.0
1995-10-19 00:00:00,3.6894545555114746,6.293333053588867,6.293333053588867,6.293333053588867,6.293333053588867,0.0
1995-10-20 00:00:00,3.6894545555114746,6.293333053588867,6.293333053588867,6.293333053588867,6.293333053588867,0.0
1995-10-23 00:00:00,3.6894545555114746,6.293333053588867,6.293333053588867,6.293333053588867,6.293333053588867,0.0
1995-10-24 00:00:00,3.6894545555114746,6.293333053588867,6.293333053588867,6.293333053588867,6.293333053588867,0.0
1995-10-25 00:00:00,3.6894545555114746,6.293333053588867,6.293333053588867,6.293333053588867,6.293333053588867,0.0
1995-10-26 00:00:00,3.6894545555114746,6.293333053588867,6.293333053588867,6.293333053588867,6.293333053588867,0.0
1995-10-27 00:00:00,3.6894545555114746,6.293333053588867,6.293333053588867,6.293333053588867,6.293333053588867,0.0
1995-10-30 00:00:00,3.6894545555114746,6.293333053588867,6.293333053588867,6.293333053588867,6.293333053588867,0.0
1995-10-31 00:00:00,3.6894545555114746,6.293333053588867,6.293333053588867,6.293333053588867,6.293333053588867,0.0
1995-11-01 00:00:00,3.6894545555114746,6.293333053588867,6.293333053588867,6.293333053588867,6.293333053588867,0.0
1995-11-02 00:00:00,3.6894545555114746,6.293333053588867,6.293333053588867,6.293333053588867,6.293333053588867,0.0
1995-11-03 00:00:00,3.6894545555114746,6.293333053588867,6.293333053588867,6.293333053588867,6.293333053588867,0.0
1995-11-06 00:00:00,3.6894545555114746,6.293333053588867,6.293333053588867,6.293333053588867,6.293333053588867,0.0
1995-11-07 00:00:00,3.6894545555114746,6.293333053588867,6.293333053588867,6.293333053588867,6.293333053588867,0.0
1995-11-08 00:00:00,3.6894545555114746,6.293333053588867,6.293333053588867,6.293333053588867,6.293333053588867,0.0
1995-11-09 00:00:00,3.6894545555114746,6.293333053588867,6.293333053588867,6.293333053588867,6.293333053588867,0.0
1995-11-10 00:00:00,3.6894545555114746,6.293333053588867,6.293333053588867,6.293333053588867,6.293333053588867,0.0
1995-11-13 00:00:00,3.6894545555114746,6.293333053588867,6.293333053588867,6.293333053588867,6.293333053588867,0.0
1995-11-14 00:00:00,3.6894545555114746,6.293333053588867,6.293333053588867,6.293333053588867,6.293333053588867,0.0
1995-11-15 00:00:00,3.6894545555114746,6.293333053588867,6.293333053588867,6.293333053588867,6.293333053588867,0.0
1995-11-16 00:00:00,3.6894545555114746,6.293333053588867,6.293333053588867,6.293333053588867,6.293333053588867,0.0
1995-11-17 00:00:00,3.6894545555114746,6.293333053588867,6.293333053588867,6.293333053588867,6.293333053588867,0.0
1995-11-20 00:00:00,3.6894545555114746,6.293333053588867,6.293333053588867,6.293333053588867,6.293333053588867,0.0
1995-11-21 00:00:00,3.6894545555114746,6.293333053588867,6.293333053588867,6.293333053588867,6.293333053588867,0.0
1995-11-22 00:00:00,3.6894545555114746,6.293333053588867,6.293333053588867,6.293333053588867,6.293333053588867,0.0
1995-11-24 00:00:00,3.6894545555114746,6.293333053588867,6.293333053588867,6.293333053588867,6.293333053588867,0.0
1995-11-27 00:00:00,3.6894545555114746,6.293333053588867,6.293333053588867,6.293333053588867,6.293333053588867,0.0
1995-11-28 00:00:00,3.6894545555114746,6.293333053588867,6.293333053588867,6.293333053588867,6.293333053588867,0.0
1995-11-29 00:00:00,3.6894545555114746,6.293333053588867,6.293333053588867,6.293333053588867,6.293333053588867,0.0
1995-11-30 00:00:00,3.6894545555114746,6.293333053588867,6.293333053588867,6.293333053588867,6.293333053588867,0.0
1995-12-01 00:00:00,3.6894545555114746,6.293333053588867,6.293333053588867,6.293333053588867,6.293333053588867,0.0
1995-12-04 00:00:00,3.6894545555114746,6.293333053588867,6.293333053588867,6.293333053588867,6.293333053588867,0.0
1995-12-05 00:00:00,3.6894545555114746,6.293333053588867,6.293333053588867,6.293333053588867,6.293333053588867,0.0
1995-12-06 00:00:00,3.6894545555114746,6.293333053588867,6.293333053588867,6.293333053588867,6.293333053588867,0.0
1995-12-07 00:00:00,3.6894545555114746,6.293333053588867,6.293333053588867,6.293333053588867,6.293333053588867,0.0
1995-12-08 00:00:00,3.6894545555114746,6.293333053588867,6.293333053588867,6.293333053588867,6.293333053588867,0.0
1995-12-11 00:00:00,3.6894545555114746,6.293333053588867,6.293333053588867,6.293333053588867,6.293333053588867,0.0
1995-12-12 00:00:00,3.6894545555114746,6.293333053588867,6.293333053588867,6.293333053588867,6.293333053588867,0.0
1995-12-13 00:00:00,3.6894545555114746,6.293333053588867,6.293333053588867,6.293333053588867,6.293333053588867,0.0
1995-12-14 00:00:00,3.6894545555114746,6.293333053588867,6.293333053588867,6.293333053588867,6.293333053588867,0.0
1995-12-15 00:00:00,3.6894545555114746,6.293333053588867,6.293333053588867,6.293333053588867,6.293333053588867,0.0
1995-12-18 00:00:00,3.6894545555114746,6.293333053588867,6.293333053588867,6.293333053588867,6.293333053588867,0.0
1995-12-19 00:00:00,3.6894545555114746,6.293333053588867,6.293333053588867,6.293333053588867,6.293333053588867,0.0
1995-12-20 00:00:00,3.6894545555114746,6.293333053588867,6.293333053588867,6.293333053588867,6.293333053588867,0.0
1995-12-21 00:00:00,3.6894545555114746,6.293333053588867,6.293333053588867,6.293333053588867,6.293333053588867,0.0
1995-12-22 00:00:00,3.6894545555114746,6.293333053588867,6.293333053588867,6.293333053588867,6.293333053588867,0.0
1995-12-26 00:00:00,3.6894545555114746,6.293333053588867,6.293333053588867,6.293333053588867,6.293333053588867,0.0
1995-12-27 00:00:00,3.6894545555114746,6.293333053588867,6.293333053588867,6.293333053588867,6.293333053588867,0.0
1995-12-28 00:00:00,3.6894545555114746,6.293333053588867,6.293333053588867,6.293333053588867,6.293333053588867,0.0
1995-12-29 00:00:00,3.6894545555114746,6.293333053588867,6.293333053588867,6.293333053588867,6.293333053588867,0.0
1996-01-01 00:00:00,,,,,,
1996-01-02 00:00:00,3.6894545555114746,6.293333053588867,6.293333053588867,6.293333053588867,6.293333053588867,0.0
1996-01-03 00:00:00,3.6894545555114746,6.293333053588867,6.293333053588867,6.293333053588867,6.293333053588867,0.0
1996-01-04 00:00:00,3.6894545555114746,6.293333053588867,6.293333053588867,6.293333053588867,6.293333053588867,0.0
1996-01-05 00:00:00,3.6894545555114746,6.293333053588867,6.293333053588867,6.293333053588867,6.293333053588867,0.0
1996-01-08 00:00:00,3.6894545555114746,6.293333053588867,6.293333053588867,6.293333053588867,6.293333053588867,0.0
1996-01-09 00:00:00,3.6894545555114746,6.293333053588867,6.293333053588867,6.293333053588867,6.293333053588867,0.0
1996-01-10 00:00:00,3.6894545555114746,6.293333053588867,6.293333053588867,6.293333053588867,6.293333053588867,0.0
1996-01-11 00:00:00,3.6894545555114746,6.293333053588867,6.293333053588867,6.293333053588867,6.293333053588867,0.0
1996-01-12 00:00:00,3.6894545555114746,6.293333053588867,6.293333053588867,6.293333053588867,6.293333053588867,0.0
1996-01-15 00:00:00,3.6894545555114746,6.293333053588867,6.293333053588867,6.293333053588867,6.293333053588867,0.0
1996-01-16 00:00:00,3.6894545555114746,6.293333053588867,6.293333053588867,6.293333053588867,6.293333053588867,0.0
1996-01-17 00:00:00,3.6894545555114746,6.293333053588867,6.293333053588867,6.293333053588867,6.293333053588867,0.0
1996-01-18 00:00:00,3.6894545555114746,6.293333053588867,6.293333053588867,6.293333053588867,6.293333053588867,0.0
1996-01-19 00:00:00,3.6894545555114746,6.293333053588867,6.293333053588867,6.293333053588867,6.293333053588867,0.0
1996-01-22 00:00:00,3.6894545555114746,6.293333053588867,6.293333053588867,6.293333053588867,6.293333053588867,0.0
1996-01-23 00:00:00,3.6894545555114746,6.293333053588867,6.293333053588867,6.293333053588867,6.293333053588867,0.0
1996-01-24 00:00:00,3.6894545555114746,6.293333053588867,6.293333053588867,6.293333053588867,6.293333053588867,0.0
1996-01-25 00:00:00,3.6894545555114746,6.293333053588867,6.293333053588867,6.293333053588867,6.293333053588867,0.0
1996-01-26 00:00:00,3.6894545555114746,6.293333053588867,6.293333053588867,6.293333053588867,6.293333053588867,0.0
1996-01-29 00:00:00,3.6894545555114746,6.293333053588867,6.293333053588867,6.293333053588867,6.293333053588867,0.0
1996-01-30 00:00:00,3.7519853115081787,6.400000095367432,6.400000095367432,6.400000095367432,6.400000095367432,5625.0
1996-01-31 00:00:00,3.7519853115081787,6.400000095367432,6.400000095367432,6.400000095367432,6.400000095367432,0.0
1996-02-01 00:00:00,3.7519853115081787,6.400000095367432,6.400000095367432,6.400000095367432,6.400000095367432,0.0
1996-02-02 00:00:00,3.7519853115081787,6.400000095367432,6.400000095367432,6.400000095367432,6.400000095367432,0.0
1996-02-05 00:00:00,3.7519853115081787,6.400000095367432,6.400000095367432,6.400000095367432,6.400000095367432,0.0
1996-02-06 00:00:00,3.7519853115081787,6.400000095367432,6.400000095367432,6.400000095367432,6.400000095367432,0.0
1996-02-07 00:00:00,3.7519853115081787,6.400000095367432,6.400000095367432,6.400000095367432,6.400000095367432,0.0
1996-02-08 00:00:00,3.7519853115081787,6.400000095367432,6.400000095367432,6.400000095367432,6.400000095367432,0.0
1996-02-09 00:00:00,3.7519853115081787,6.400000095367432,6.400000095367432,6.400000095367432,6.400000095367432,0.0
1996-02-12 00:00:00,3.7519853115081787,6.400000095367432,6.400000095367432,6.400000095367432,6.400000095367432,0.0
1996-02-13 00:00:00,3.7519853115081787,6.400000095367432,6.400000095367432,6.400000095367432,6.400000095367432,0.0
1996-02-14 00:00:00,3.7519853115081787,6.400000095367432,6.400000095367432,6.400000095367432,6.400000095367432,0.0
1996-02-15 00:00:00,3.7519853115081787,6.400000095367432,6.400000095367432,6.400000095367432,6.400000095367432,0.0
1996-02-16 00:00:00,3.7519853115081787,6.400000095367432,6.400000095367432,6.400000095367432,6.400000095367432,0.0
1996-02-20 00:00:00,3.7519853115081787,6.400000095367432,6.400000095367432,6.400000095367432,6.400000095367432,0.0
1996-02-21 00:00:00,3.7519853115081787,6.400000095367432,6.400000095367432,6.400000095367432,6.400000095367432,0.0
1996-02-22 00:00:00,3.7519853115081787,6.400000095367432,6.400000095367432,6.400000095367432,6.400000095367432,0.0
1996-02-23 00:00:00,3.7519853115081787,6.400000095367432,6.400000095367432,6.400000095367432,6.400000095367432,0.0
1996-02-26 00:00:00,3.7519853115081787,6.400000095367432,6.400000095367432,6.400000095367432,6.400000095367432,0.0
1996-02-27 00:00:00,3.7519853115081787,6.400000095367432,6.400000095367432,6.400000095367432,6.400000095367432,0.0
1996-02-28 00:00:00,3.7519853115081787,6.400000095367432,6.400000095367432,6.400000095367432,6.400000095367432,0.0
1996-02-29 00:00:00,3.7519853115081787,6.400000095367432,6.400000095367432,6.400000095367432,6.400000095367432,0.0
1996-03-01 00:00:00,3.7519853115081787,6.400000095367432,6.400000095367432,6.400000095367432,6.400000095367432,0.0
1996-03-04 00:00:00,3.7519853115081787,6.400000095367432,6.400000095367432,6.400000095367432,6.400000095367432,0.0
1996-03-05 00:00:00,3.7519853115081787,6.400000095367432,6.400000095367432,6.400000095367432,6.400000095367432,0.0
1996-03-06 00:00:00,3.7519853115081787,6.400000095367432,6.400000095367432,6.400000095367432,6.400000095367432,0.0
1996-03-07 00:00:00,3.7519853115081787,6.400000095367432,6.400000095367432,6.400000095367432,6.400000095367432,0.0
1996-03-08 00:00:00,3.7519853115081787,6.400000095367432,6.400000095367432,6.400000095367432,6.400000095367432,0.0
1996-03-11 00:00:00,3.7519853115081787,6.400000095367432,6.400000095367432,6.400000095367432,6.400000095367432,0.0
1996-03-12 00:00:00,3.7519853115081787,6.400000095367432,6.400000095367432,6.400000095367432,6.400000095367432,0.0
1996-03-13 00:00:00,3.7860612869262695,6.400000095367432,6.400000095367432,6.400000095367432,6.400000095367432,0.0
1996-03-14 00:00:00,3.7860612869262695,6.400000095367432,6.400000095367432,6.400000095367432,6.400000095367432,0.0
1996-03-15 00:00:00,3.7860612869262695,6.400000095367432,6.400000095367432,6.400000095367432,6.400000095367432,0.0
1996-03-18 00:00:00,3.7860612869262695,6.400000095367432,6.400000095367432,6.400000095367432,6.400000095367432,0.0
1996-03-19 00:00:00,3.7860612869262695,6.400000095367432,6.400000095367432,6.400000095367432,6.400000095367432,0.0
1996-03-20 00:00:00,3.7860612869262695,6.400000095367432,6.400000095367432,6.400000095367432,6.400000095367432,0.0
1996-03-21 00:00:00,3.7860612869262695,6.400000095367432,6.400000095367432,6.400000095367432,6.400000095367432,0.0
1996-03-22 00:00:00,3.7860612869262695,6.400000095367432,6.400000095367432,6.400000095367432,6.400000095367432,0.0
1996-03-25 00:00:00,3.7860612869262695,6.400000095367432,6.400000095367432,6.400000095367432,6.400000095367432,0.0
1996-03-26 00:00:00,3.7860612869262695,6.400000095367432,6.400000095367432,6.400000095367432,6.400000095367432,0.0
1996-03-27 00:00:00,3.7860612869262695,6.400000095367432,6.400000095367432,6.400000095367432,6.400000095367432,0.0
1996-03-28 00:00:00,3.7860612869262695,6.400000095367432,6.400000095367432,6.400000095367432,6.400000095367432,0.0
1996-03-29 00:00:00,3.7860612869262695,6.400000095367432,6.400000095367432,6.400000095367432,6.400000095367432,0.0
1996-04-01 00:00:00,3.7860612869262695,6.400000095367432,6.400000095367432,6.400000095367432,6.400000095367432,0.0
1996-04-02 00:00:00,3.7860612869262695,6.400000095367432,6.400000095367432,6.400000095367432,6.400000095367432,0.0
1996-04-03 00:00:00,3.7860612869262695,6.400000095367432,6.400000095367432,6.400000095367432,6.400000095367432,0.0
1996-04-04 00:00:00,3.7860612869262695,6.400000095367432,6.400000095367432,6.400000095367432,6.400000095367432,0.0
1996-04-08 00:00:00,3.7860612869262695,6.400000095367432,6.400000095367432,6.400000095367432,6.400000095367432,0.0
1996-04-09 00:00:00,3.7860612869262695,6.400000095367432,6.400000095367432,6.400000095367432,6.400000095367432,0.0
1996-04-10 00:00:00,3.7860612869262695,6.400000095367432,6.400000095367432,6.400000095367432,6.400000095367432,0.0
1996-04-11 00:00:00,3.7860612869262695,6.400000095367432,6.400000095367432,6.400000095367432,6.400000095367432,0.0
1996-04-12 00:00:00,3.7860612869262695,6.400000095367432,6.400000095367432,6.400000095367432,6.400000095367432,0.0
1996-04-15 00:00:00,3.7860612869262695,6.400000095367432,6.400000095367432,6.400000095367432,6.400000095367432,0.0
1996-04-16 00:00:00,3.7860612869262695,6.400000095367432,6.400000095367432,6.400000095367432,6.400000095367432,0.0
1996-04-17 00:00:00,3.7860612869262695,6.400000095367432,6.400000095367432,6.400000095367432,6.400000095367432,0.0
1996-04-18 00:00:00,3.7860612869262695,6.400000095367432,6.400000095367432,6.400000095367432,6.400000095367432,0.0
1996-04-19 00:00:00,3.7860612869262695,6.400000095367432,6.400000095367432,6.400000095367432,6.400000095367432,0.0
1996-04-22 00:00:00,3.7860612869262695,6.400000095367432,6.400000095367432,6.400000095367432,6.400000095367432,0.0
1996-04-23 00:00:00,3.7860612869262695,6.400000095367432,6.400000095367432,6.400000095367432,6.400000095367432,0.0
1996-04-24 00:00:00,3.7860612869262695,6.400000095367432,6.400000095367432,6.400000095367432,6.400000095367432,0.0
1996-04-25 00:00:00,3.7860612869262695,6.400000095367432,6.400000095367432,6.400000095367432,6.400000095367432,0.0
1996-04-26 00:00:00,3.7860612869262695,6.400000095367432,6.400000095367432,6.400000095367432,6.400000095367432,0.0
1996-04-29 00:00:00,3.7860612869262695,6.400000095367432,6.400000095367432,6.400000095367432,6.400000095367432,0.0
1996-04-30 00:00:00,3.7860612869262695,6.400000095367432,6.400000095367432,6.400000095367432,6.400000095367432,0.0
1996-05-01 00:00:00,3.7860612869262695,6.400000095367432,6.400000095367432,6.400000095367432,6.400000095367432,0.0
1996-05-02 00:00:00,3.7860612869262695,6.400000095367432,6.400000095367432,6.400000095367432,6.400000095367432,0.0
1996-05-03 00:00:00,3.7860612869262695,6.400000095367432,6.400000095367432,6.400000095367432,6.400000095367432,0.0
1996-05-06 00:00:00,3.7860612869262695,6.400000095367432,6.400000095367432,6.400000095367432,6.400000095367432,0.0
1996-05-07 00:00:00,3.7860612869262695,6.400000095367432,6.400000095367432,6.400000095367432,6.400000095367432,0.0
1996-05-08 00:00:00,3.7860612869262695,6.400000095367432,6.400000095367432,6.400000095367432,6.400000095367432,0.0
1996-05-09 00:00:00,3.7860612869262695,6.400000095367432,6.400000095367432,6.400000095367432,6.400000095367432,0.0
1996-05-10 00:00:00,3.7860612869262695,6.400000095367432,6.400000095367432,6.400000095367432,6.400000095367432,0.0
1996-05-13 00:00:00,3.7860612869262695,6.400000095367432,6.400000095367432,6.400000095367432,6.400000095367432,0.0
1996-05-14 00:00:00,3.7860612869262695,6.400000095367432,6.400000095367432,6.400000095367432,6.400000095367432,0.0
1996-05-15 00:00:00,3.7860612869262695,6.400000095367432,6.400000095367432,6.400000095367432,6.400000095367432,0.0
1996-05-16 00:00:00,3.7860612869262695,6.400000095367432,6.400000095367432,6.400000095367432,6.400000095367432,0.0
1996-05-17 00:00:00,3.7860612869262695,6.400000095367432,6.400000095367432,6.400000095367432,6.400000095367432,0.0
1996-05-20 00:00:00,3.7860612869262695,6.400000095367432,6.400000095367432,6.400000095367432,6.400000095367432,0.0
1996-05-21 00:00:00,3.7860612869262695,6.400000095367432,6.400000095367432,6.400000095367432,6.400000095367432,0.0
1996-05-22 00:00:00,3.7860612869262695,6.400000095367432,6.400000095367432,6.400000095367432,6.400000095367432,0.0
1996-05-23 00:00:00,3.7860612869262695,6.400000095367432,6.400000095367432,6.400000095367432,6.400000095367432,0.0
1996-05-24 00:00:00,3.7860612869262695,6.400000095367432,6.400000095367432,6.400000095367432,6.400000095367432,0.0
1996-05-28 00:00:00,3.7860612869262695,6.400000095367432,6.400000095367432,6.400000095367432,6.400000095367432,0.0
1996-05-29 00:00:00,3.7860612869262695,6.400000095367432,6.400000095367432,6.400000095367432,6.400000095367432,0.0
1996-05-30 00:00:00,3.7860612869262695,6.400000095367432,6.400000095367432,6.400000095367432,6.400000095367432,0.0
1996-05-31 00:00:00,3.7860612869262695,6.400000095367432,6.400000095367432,6.400000095367432,6.400000095367432,0.0
1996-06-03 00:00:00,3.7860612869262695,6.400000095367432,6.400000095367432,6.400000095367432,6.400000095367432,0.0
1996-06-04 00:00:00,3.7860612869262695,6.400000095367432,6.400000095367432,6.400000095367432,6.400000095367432,0.0
1996-06-05 00:00:00,3.7860612869262695,6.400000095367432,6.400000095367432,6.400000095367432,6.400000095367432,0.0
1996-06-06 00:00:00,3.7860612869262695,6.400000095367432,6.400000095367432,6.400000095367432,6.400000095367432,0.0
1996-06-07 00:00:00,3.7860612869262695,6.400000095367432,6.400000095367432,6.400000095367432,6.400000095367432,0.0
1996-06-10 00:00:00,3.8204450607299805,6.400000095367432,6.400000095367432,6.400000095367432,6.400000095367432,0.0
1996-06-11 00:00:00,3.8204450607299805,6.400000095367432,6.400000095367432,6.400000095367432,6.400000095367432,0.0
1996-06-12 00:00:00,3.8204450607299805,6.400000095367432,6.400000095367432,6.400000095367432,6.400000095367432,0.0
1996-06-13 00:00:00,3.8204450607299805,6.400000095367432,6.400000095367432,6.400000095367432,6.400000095367432,0.0
1996-06-14 00:00:00,3.8204450607299805,6.400000095367432,6.400000095367432,6.400000095367432,6.400000095367432,0.0
1996-06-17 00:00:00,3.8204450607299805,6.400000095367432,6.400000095367432,6.400000095367432,6.400000095367432,0.0
1996-06-18 00:00:00,3.8204450607299805,6.400000095367432,6.400000095367432,6.400000095367432,6.400000095367432,0.0
1996-06-19 00:00:00,3.8204450607299805,6.400000095367432,6.400000095367432,6.400000095367432,6.400000095367432,0.0
1996-06-20 00:00:00,3.8204450607299805,6.400000095367432,6.400000095367432,6.400000095367432,6.400000095367432,0.0
1996-06-21 00:00:00,3.8204450607299805,6.400000095367432,6.400000095367432,6.400000095367432,6.400000095367432,0.0
1996-06-24 00:00:00,3.8204450607299805,6.400000095367432,6.400000095367432,6.400000095367432,6.400000095367432,0.0
1996-06-25 00:00:00,3.8204450607299805,6.400000095367432,6.400000095367432,6.400000095367432,6.400000095367432,0.0
1996-06-26 00:00:00,3.8204450607299805,6.400000095367432,6.400000095367432,6.400000095367432,6.400000095367432,0.0
1996-06-27 00:00:00,3.8204450607299805,6.400000095367432,6.400000095367432,6.400000095367432,6.400000095367432,0.0
1996-06-28 00:00:00,3.8204450607299805,6.400000095367432,6.400000095367432,6.400000095367432,6.400000095367432,0.0
1996-07-01 00:00:00,3.8204450607299805,6.400000095367432,6.400000095367432,6.400000095367432,6.400000095367432,0.0
1996-07-02 00:00:00,3.8204450607299805,6.400000095367432,6.400000095367432,6.400000095367432,6.400000095367432,0.0
1996-07-03 00:00:00,3.8204450607299805,6.400000095367432,6.400000095367432,6.400000095367432,6.400000095367432,0.0
1996-07-05 00:00:00,3.8204450607299805,6.400000095367432,6.400000095367432,6.400000095367432,6.400000095367432,0.0
1996-07-08 00:00:00,3.8204450607299805,6.400000095367432,6.400000095367432,6.400000095367432,6.400000095367432,0.0
1996-07-09 00:00:00,3.8204450607299805,6.400000095367432,6.400000095367432,6.400000095367432,6.400000095367432,0.0
1996-07-10 00:00:00,3.8204450607299805,6.400000095367432,6.400000095367432,6.400000095367432,6.400000095367432,0.0
1996-07-11 00:00:00,3.8204450607299805,6.400000095367432,6.400000095367432,6.400000095367432,6.400000095367432,0.0
1996-07-12 00:00:00,3.8204450607299805,6.400000095367432,6.400000095367432,6.400000095367432,6.400000095367432,0.0
1996-07-15 00:00:00,3.8204450607299805,6.400000095367432,6.400000095367432,6.400000095367432,6.400000095367432,0.0
1996-07-16 00:00:00,3.8204450607299805,6.400000095367432,6.400000095367432,6.400000095367432,6.400000095367432,0.0
1996-07-17 00:00:00,3.8204450607299805,6.400000095367432,6.400000095367432,6.400000095367432,6.400000095367432,0.0
1996-07-18 00:00:00,3.8204450607299805,6.400000095367432,6.400000095367432,6.400000095367432,6.400000095367432,0.0
1996-07-19 00:00:00,3.8204450607299805,6.400000095367432,6.400000095367432,6.400000095367432,6.400000095367432,0.0
1996-07-22 00:00:00,3.8204450607299805,6.400000095367432,6.400000095367432,6.400000095367432,6.400000095367432,0.0
1996-07-23 00:00:00,3.8204450607299805,6.400000095367432,6.400000095367432,6.400000095367432,6.400000095367432,0.0
1996-07-24 00:00:00,3.8204450607299805,6.400000095367432,6.400000095367432,6.400000095367432,6.400000095367432,0.0
1996-07-25 00:00:00,3.8204450607299805,6.400000095367432,6.400000095367432,6.400000095367432,6.400000095367432,0.0
1996-07-26 00:00:00,3.8204450607299805,6.400000095367432,6.400000095367432,6.400000095367432,6.400000095367432,0.0
1996-07-29 00:00:00,3.8204450607299805,6.400000095367432,6.400000095367432,6.400000095367432,6.400000095367432,0.0
1996-07-30 00:00:00,3.8204450607299805,6.400000095367432,6.400000095367432,6.400000095367432,6.400000095367432,0.0
1996-07-31 00:00:00,3.8204450607299805,6.400000095367432,6.400000095367432,6.400000095367432,6.400000095367432,0.0
1996-08-01 00:00:00,3.8204450607299805,6.400000095367432,6.400000095367432,6.400000095367432,6.400000095367432,0.0
1996-08-02 00:00:00,3.8204450607299805,6.400000095367432,6.400000095367432,6.400000095367432,6.400000095367432,0.0
1996-08-05 00:00:00,3.8204450607299805,6.400000095367432,6.400000095367432,6.400000095367432,6.400000095367432,0.0
1996-08-06 00:00:00,3.8204450607299805,6.400000095367432,6.400000095367432,6.400000095367432,6.400000095367432,0.0
1996-08-07 00:00:00,3.8204450607299805,6.400000095367432,6.400000095367432,6.400000095367432,6.400000095367432,0.0
1996-08-08 00:00:00,3.8204450607299805,6.400000095367432,6.400000095367432,6.400000095367432,6.400000095367432,0.0
1996-08-09 00:00:00,3.8204450607299805,6.400000095367432,6.400000095367432,6.400000095367432,6.400000095367432,0.0
1996-08-12 00:00:00,3.8204450607299805,6.400000095367432,6.400000095367432,6.400000095367432,6.400000095367432,0.0
1996-08-13 00:00:00,3.8204450607299805,6.400000095367432,6.400000095367432,6.400000095367432,6.400000095367432,0.0
1996-08-14 00:00:00,3.8204450607299805,6.400000095367432,6.400000095367432,6.400000095367432,6.400000095367432,0.0
1996-08-15 00:00:00,3.8204450607299805,6.400000095367432,6.400000095367432,6.400000095367432,6.400000095367432,0.0
1996-08-16 00:00:00,3.8204450607299805,6.400000095367432,6.400000095367432,6.400000095367432,6.400000095367432,0.0
1996-08-19 00:00:00,3.8204450607299805,6.400000095367432,6.400000095367432,6.400000095367432,6.400000095367432,0.0
1996-08-20 00:00:00,3.8204450607299805,6.400000095367432,6.400000095367432,6.400000095367432,6.400000095367432,0.0
1996-08-21 00:00:00,3.8204450607299805,6.400000095367432,6.400000095367432,6.400000095367432,6.400000095367432,0.0
1996-08-22 00:00:00,3.8204450607299805,6.400000095367432,6.400000095367432,6.400000095367432,6.400000095367432,0.0
1996-08-23 00:00:00,3.8204450607299805,6.400000095367432,6.400000095367432,6.400000095367432,6.400000095367432,0.0
1996-08-26 00:00:00,3.8204450607299805,6.400000095367432,6.400000095367432,6.400000095367432,6.400000095367432,0.0
1996-08-27 00:00:00,3.8204450607299805,6.400000095367432,6.400000095367432,6.400000095367432,6.400000095367432,0.0
1996-08-28 00:00:00,3.8204450607299805,6.400000095367432,6.400000095367432,6.400000095367432,6.400000095367432,0.0
1996-08-29 00:00:00,3.8204450607299805,6.400000095367432,6.400000095367432,6.400000095367432,6.400000095367432,0.0
1996-08-30 00:00:00,3.8204450607299805,6.400000095367432,6.400000095367432,6.400000095367432,6.400000095367432,0.0
1996-09-03 00:00:00,3.8204450607299805,6.400000095367432,6.400000095367432,6.400000095367432,6.400000095367432,0.0
1996-09-04 00:00:00,3.8204450607299805,6.400000095367432,6.400000095367432,6.400000095367432,6.400000095367432,0.0
1996-09-05 00:00:00,3.8204450607299805,6.400000095367432,6.400000095367432,6.400000095367432,6.400000095367432,0.0
1996-09-06 00:00:00,3.8204450607299805,6.400000095367432,6.400000095367432,6.400000095367432,6.400000095367432,0.0
1996-09-09 00:00:00,3.8204450607299805,6.400000095367432,6.400000095367432,6.400000095367432,6.400000095367432,0.0
1996-09-10 00:00:00,3.8204450607299805,6.400000095367432,6.400000095367432,6.400000095367432,6.400000095367432,0.0
1996-09-11 00:00:00,3.8204450607299805,6.400000095367432,6.400000095367432,6.400000095367432,6.400000095367432,0.0
1996-09-12 00:00:00,3.8551416397094727,6.400000095367432,6.400000095367432,6.400000095367432,6.400000095367432,0.0
1996-09-13 00:00:00,3.8551416397094727,6.400000095367432,6.400000095367432,6.400000095367432,6.400000095367432,0.0
1996-09-16 00:00:00,3.8551416397094727,6.400000095367432,6.400000095367432,6.400000095367432,6.400000095367432,0.0
1996-09-17 00:00:00,3.8551416397094727,6.400000095367432,6.400000095367432,6.400000095367432,6.400000095367432,0.0
1996-09-18 00:00:00,3.8551416397094727,6.400000095367432,6.400000095367432,6.400000095367432,6.400000095367432,0.0
1996-09-19 00:00:00,3.8551416397094727,6.400000095367432,6.400000095367432,6.400000095367432,6.400000095367432,0.0
1996-09-20 00:00:00,3.8551416397094727,6.400000095367432,6.400000095367432,6.400000095367432,6.400000095367432,0.0
1996-09-23 00:00:00,3.8551416397094727,6.400000095367432,6.400000095367432,6.400000095367432,6.400000095367432,0.0
1996-09-24 00:00:00,3.8551416397094727,6.400000095367432,6.400000095367432,6.400000095367432,6.400000095367432,0.0
1996-09-25 00:00:00,3.8551416397094727,6.400000095367432,6.400000095367432,6.400000095367432,6.400000095367432,0.0
1996-09-26 00:00:00,3.8551416397094727,6.400000095367432,6.400000095367432,6.400000095367432,6.400000095367432,0.0
1996-09-27 00:00:00,3.8551416397094727,6.400000095367432,6.400000095367432,6.400000095367432,6.400000095367432,0.0
1996-09-30 00:00:00,3.8551416397094727,6.400000095367432,6.400000095367432,6.400000095367432,6.400000095367432,0.0
1996-10-01 00:00:00,3.8551416397094727,6.400000095367432,6.400000095367432,6.400000095367432,6.400000095367432,0.0
1996-10-02 00:00:00,3.8551416397094727,6.400000095367432,6.400000095367432,6.400000095367432,6.400000095367432,0.0
1996-10-03 00:00:00,3.8551416397094727,6.400000095367432,6.400000095367432,6.400000095367432,6.400000095367432,0.0
1996-10-04 00:00:00,3.8551416397094727,6.400000095367432,6.400000095367432,6.400000095367432,6.400000095367432,0.0
1996-10-07 00:00:00,3.8551416397094727,6.400000095367432,6.400000095367432,6.400000095367432,6.400000095367432,0.0
1996-10-08 00:00:00,3.8551416397094727,6.400000095367432,6.400000095367432,6.400000095367432,6.400000095367432,0.0
1996-10-09 00:00:00,3.8551416397094727,6.400000095367432,6.400000095367432,6.400000095367432,6.400000095367432,0.0
1996-10-10 00:00:00,3.8551416397094727,6.400000095367432,6.400000095367432,6.400000095367432,6.400000095367432,0.0
1996-10-11 00:00:00,3.8551416397094727,6.400000095367432,6.400000095367432,6.400000095367432,6.400000095367432,0.0
1996-10-14 00:00:00,3.8551416397094727,6.400000095367432,6.400000095367432,6.400000095367432,6.400000095367432,0.0
1996-10-15 00:00:00,3.8551416397094727,6.400000095367432,6.400000095367432,6.400000095367432,6.400000095367432,0.0
1996-10-16 00:00:00,3.8551416397094727,6.400000095367432,6.400000095367432,6.400000095367432,6.400000095367432,0.0
1996-10-17 00:00:00,3.8551416397094727,6.400000095367432,6.400000095367432,6.400000095367432,6.400000095367432,0.0
1996-10-18 00:00:00,3.8551416397094727,6.400000095367432,6.400000095367432,6.400000095367432,6.400000095367432,0.0
1996-10-21 00:00:00,3.8551416397094727,6.400000095367432,6.400000095367432,6.400000095367432,6.400000095367432,0.0
1996-10-22 00:00:00,3.8551416397094727,6.400000095367432,6.400000095367432,6.400000095367432,6.400000095367432,0.0
1996-10-23 00:00:00,3.8551416397094727,6.400000095367432,6.400000095367432,6.400000095367432,6.400000095367432,0.0
1996-10-24 00:00:00,3.8551416397094727,6.400000095367432,6.400000095367432,6.400000095367432,6.400000095367432,0.0
1996-10-25 00:00:00,3.8551416397094727,6.400000095367432,6.400000095367432,6.400000095367432,6.400000095367432,0.0
1996-10-28 00:00:00,3.8551416397094727,6.400000095367432,6.400000095367432,6.400000095367432,6.400000095367432,0.0
1996-10-29 00:00:00,3.8551416397094727,6.400000095367432,6.400000095367432,6.400000095367432,6.400000095367432,0.0
1996-10-30 00:00:00,3.8551416397094727,6.400000095367432,6.400000095367432,6.400000095367432,6.400000095367432,0.0
1996-10-31 00:00:00,3.8551416397094727,6.400000095367432,6.400000095367432,6.400000095367432,6.400000095367432,0.0
1996-11-01 00:00:00,3.8551416397094727,6.400000095367432,6.400000095367432,6.400000095367432,6.400000095367432,0.0
1996-11-04 00:00:00,3.8551416397094727,6.400000095367432,6.400000095367432,6.400000095367432,6.400000095367432,0.0
1996-11-05 00:00:00,3.8551416397094727,6.400000095367432,6.400000095367432,6.400000095367432,6.400000095367432,0.0
1996-11-06 00:00:00,3.8551416397094727,6.400000095367432,6.400000095367432,6.400000095367432,6.400000095367432,0.0
1996-11-07 00:00:00,3.8551416397094727,6.400000095367432,6.400000095367432,6.400000095367432,6.400000095367432,0.0
1996-11-08 00:00:00,3.8551416397094727,6.400000095367432,6.400000095367432,6.400000095367432,6.400000095367432,0.0
1996-11-11 00:00:00,3.8551416397094727,6.400000095367432,6.400000095367432,6.400000095367432,6.400000095367432,0.0
1996-11-12 00:00:00,3.8551416397094727,6.400000095367432,6.400000095367432,6.400000095367432,6.400000095367432,0.0
1996-11-13 00:00:00,3.8551416397094727,6.400000095367432,6.400000095367432,6.400000095367432,6.400000095367432,0.0
1996-11-14 00:00:00,3.8551416397094727,6.400000095367432,6.400000095367432,6.400000095367432,6.400000095367432,0.0
1996-11-15 00:00:00,3.8551416397094727,6.400000095367432,6.400000095367432,6.400000095367432,6.400000095367432,0.0
1996-11-18 00:00:00,3.8551416397094727,6.400000095367432,6.400000095367432,6.400000095367432,6.400000095367432,0.0
1996-11-19 00:00:00,3.8551416397094727,6.400000095367432,6.400000095367432,6.400000095367432,6.400000095367432,0.0
1996-11-20 00:00:00,3.8551416397094727,6.400000095367432,6.400000095367432,6.400000095367432,6.400000095367432,0.0
1996-11-21 00:00:00,3.8551416397094727,6.400000095367432,6.400000095367432,6.400000095367432,6.400000095367432,0.0
1996-11-22 00:00:00,3.8551416397094727,6.400000095367432,6.400000095367432,6.400000095367432,6.400000095367432,0.0
1996-11-25 00:00:00,3.8551416397094727,6.400000095367432,6.400000095367432,6.400000095367432,6.400000095367432,0.0
1996-11-26 00:00:00,3.8551416397094727,6.400000095367432,6.400000095367432,6.400000095367432,6.400000095367432,0.0
1996-11-27 00:00:00,3.8551416397094727,6.400000095367432,6.400000095367432,6.400000095367432,6.400000095367432,0.0
1996-11-28 00:00:00,,,,,,
1996-11-29 00:00:00,3.8551416397094727,6.400000095367432,6.400000095367432,6.400000095367432,6.400000095367432,0.0
1996-12-02 00:00:00,3.8551416397094727,6.400000095367432,6.400000095367432,6.400000095367432,6.400000095367432,0.0
1996-12-03 00:00:00,3.8551416397094727,6.400000095367432,6.400000095367432,6.400000095367432,6.400000095367432,0.0
1996-12-04 00:00:00,3.8551416397094727,6.400000095367432,6.400000095367432,6.400000095367432,6.400000095367432,0.0
1996-12-05 00:00:00,3.8551416397094727,6.400000095367432,6.400000095367432,6.400000095367432,6.400000095367432,0.0
1996-12-06 00:00:00,3.8551416397094727,6.400000095367432,6.400000095367432,6.400000095367432,6.400000095367432,0.0
1996-12-09 00:00:00,3.8551416397094727,6.400000095367432,6.400000095367432,6.400000095367432,6.400000095367432,0.0
1996-12-10 00:00:00,3.8551416397094727,6.400000095367432,6.400000095367432,6.400000095367432,6.400000095367432,0.0
1996-12-11 00:00:00,3.8551416397094727,6.400000095367432,6.400000095367432,6.400000095367432,6.400000095367432,0.0
1996-12-12 00:00:00,3.8940818309783936,6.400000095367432,6.400000095367432,6.400000095367432,6.400000095367432,0.0
1996-12-13 00:00:00,3.8940818309783936,6.400000095367432,6.400000095367432,6.400000095367432,6.400000095367432,0.0
1996-12-16 00:00:00,3.8940818309783936,6.400000095367432,6.400000095367432,6.400000095367432,6.400000095367432,0.0
1996-12-17 00:00:00,3.8940818309783936,6.400000095367432,6.400000095367432,6.400000095367432,6.400000095367432,0.0
1996-12-18 00:00:00,3.8940818309783936,6.400000095367432,6.400000095367432,6.400000095367432,6.400000095367432,0.0
1996-12-19 00:00:00,3.8940818309783936,6.400000095367432,6.400000095367432,6.400000095367432,6.400000095367432,0.0
1996-12-20 00:00:00,3.8940818309783936,6.400000095367432,6.400000095367432,6.400000095367432,6.400000095367432,0.0
1996-12-23 00:00:00,3.8940818309783936,6.400000095367432,6.400000095367432,6.400000095367432,6.400000095367432,0.0
1996-12-24 00:00:00,3.8940818309783936,6.400000095367432,6.400000095367432,6.400000095367432,6.400000095367432,0.0
1996-12-25 00:00:00,,,,,,
1996-12-26 00:00:00,3.8940818309783936,6.400000095367432,6.400000095367432,6.400000095367432,6.400000095367432,0.0
1996-12-27 00:00:00,3.8940818309783936,6.400000095367432,6.400000095367432,6.400000095367432,6.400000095367432,0.0
1996-12-30 00:00:00,3.8940818309783936,6.400000095367432,6.400000095367432,6.400000095367432,6.400000095367432,0.0
1996-12-31 00:00:00,3.8940818309783936,6.400000095367432,6.400000095367432,6.400000095367432,6.400000095367432,0.0
1997-01-02 00:00:00,6.619940757751465,10.880000114440918,10.880000114440918,10.880000114440918,10.880000114440918,7031.0
1997-01-03 00:00:00,6.619940757751465,10.880000114440918,10.880000114440918,10.880000114440918,10.880000114440918,0.0
1997-01-06 00:00:00,6.619940757751465,10.880000114440918,10.880000114440918,10.880000114440918,10.880000114440918,0.0
1997-01-07 00:00:00,6.619940757751465,10.880000114440918,10.880000114440918,10.880000114440918,10.880000114440918,0.0
1997-01-08 00:00:00,6.619940757751465,10.880000114440918,10.880000114440918,10.880000114440918,10.880000114440918,0.0
1997-01-09 00:00:00,5.970927715301514,9.813332557678223,9.813332557678223,9.813332557678223,9.813332557678223,4687.0
1997-01-10 00:00:00,6.619940757751465,10.880000114440918,10.880000114440918,10.880000114440918,10.880000114440918,3281.0
1997-01-13 00:00:00,6.619940757751465,10.880000114440918,10.880000114440918,10.880000114440918,10.880000114440918,0.0
1997-01-14 00:00:00,6.619940757751465,10.880000114440918,10.880000114440918,10.880000114440918,10.880000114440918,2344.0
1997-01-15 00:00:00,6.619940757751465,10.880000114440918,10.880000114440918,10.880000114440918,10.880000114440918,0.0
1997-01-16 00:00:00,6.619940757751465,10.880000114440918,10.880000114440918,10.880000114440918,10.880000114440918,0.0
1997-01-17 00:00:00,6.619940757751465,10.880000114440918,10.880000114440918,10.880000114440918,10.880000114440918,0.0
1997-01-20 00:00:00,6.619940757751465,10.880000114440918,10.880000114440918,10.880000114440918,10.880000114440918,0.0
1997-01-21 00:00:00,6.619940757751465,10.880000114440918,10.880000114440918,10.880000114440918,10.880000114440918,0.0
1997-01-22 00:00:00,6.619940757751465,10.880000114440918,10.880000114440918,10.880000114440918,10.880000114440918,0.0
1997-01-23 00:00:00,6.619940757751465,10.880000114440918,10.880000114440918,10.880000114440918,10.880000114440918,0.0
1997-01-24 00:00:00,6.619940757751465,10.880000114440918,10.880000114440918,10.880000114440918,10.880000114440918,7031.0
1997-01-27 00:00:00,6.684841632843018,10.986666679382324,10.986666679382324,10.986666679382324,10.986666679382324,937.0
1997-01-28 00:00:00,6.684841632843018,10.986666679382324,10.986666679382324,10.986666679382324,10.986666679382324,0.0
1997-01-29 00:00:00,6.684841632843018,10.986666679382324,10.986666679382324,10.986666679382324,10.986666679382324,0.0
1997-01-30 00:00:00,6.684841632843018,10.986666679382324,10.986666679382324,10.986666679382324,10.986666679382324,0.0
1997-01-31 00:00:00,6.684841632843018,10.986666679382324,10.986666679382324,10.986666679382324,10.986666679382324,0.0
1997-02-03 00:00:00,7.139152526855469,11.733332633972168,11.946666717529297,11.520000457763672,11.520000457763672,85781.0
1997-02-04 00:00:00,7.236505508422852,11.893333435058594,11.946666717529297,11.626667022705078,11.733332633972168,69375.0
1997-02-05 00:00:00,7.236505508422852,11.893333435058594,11.893333435058594,11.733332633972168,11.893333435058594,65156.0
1997-02-06 00:00:00,7.236505508422852,11.893333435058594,11.893333435058594,11.893333435058594,11.893333435058594,469.0
1997-02-07 00:00:00,7.236505508422852,11.893333435058594,11.893333435058594,11.893333435058594,11.893333435058594,5156.0
1997-02-10 00:00:00,7.398756504058838,12.15999984741211,12.15999984741211,12.15999984741211,12.15999984741211,4687.0
1997-02-11 00:00:00,7.398756504058838,12.15999984741211,12.479999542236328,12.053333282470703,12.373332977294922,42187.0
1997-02-12 00:00:00,7.593461990356445,12.479999542236328,12.479999542236328,12.479999542236328,12.479999542236328,469.0
1997-02-13 00:00:00,7.463657855987549,12.266667366027832,12.479999542236328,12.266667366027832,12.479999542236328,6562.0
1997-02-14 00:00:00,7.593461990356445,12.479999542236328,12.479999542236328,12.479999542236328,12.479999542236328,469.0
1997-02-18 00:00:00,7.528558731079102,12.373332977294922,12.479999542236328,12.373332977294922,12.479999542236328,7500.0
1997-02-19 00:00:00,7.398756504058838,12.15999984741211,12.373332977294922,12.15999984741211,12.266667366027832,12187.0
1997-02-20 00:00:00,7.593461990356445,12.479999542236328,12.479999542236328,12.426667213439941,12.426667213439941,7031.0
1997-02-21 00:00:00,7.658361434936523,12.58666706085205,12.69333267211914,12.266667366027832,12.479999542236328,19687.0
1997-02-24 00:00:00,8.242476463317871,13.546667098999023,13.546667098999023,12.800000190734863,12.800000190734863,46406.0
1997-02-25 00:00:00,8.1126708984375,13.333333015441895,13.600000381469727,13.25333309173584,13.546667098999023,45469.0
1997-02-26 00:00:00,8.015318870544434,13.173333168029785,13.653332710266113,13.173333168029785,13.600000381469727,29062.0
1997-02-27 00:00:00,8.047772407531738,13.226667404174805,13.4399995803833,12.800000190734863,13.4399995803833,38906.0
1997-02-28 00:00:00,8.047772407531738,13.226667404174805,13.226667404174805,13.226667404174805,13.226667404174805,937.0
1997-03-03 00:00:00,7.934194087982178,13.039999961853027,13.226667404174805,13.039999961853027,13.226667404174805,17344.0
1997-03-04 00:00:00,7.917969703674316,13.013333320617676,13.226667404174805,12.800000190734863,12.800000190734863,11250.0
1997-03-05 00:00:00,7.917969703674316,13.013333320617676,13.013333320617676,13.013333320617676,13.013333320617676,937.0
1997-03-06 00:00:00,7.982868671417236,13.119999885559082,13.226667404174805,13.119999885559082,13.226667404174805,2344.0
1997-03-07 00:00:00,7.95042085647583,13.066666603088379,13.226667404174805,13.013333320617676,13.013333320617676,3281.0
1997-03-10 00:00:00,7.95042085647583,13.066666603088379,13.226667404174805,12.69333267211914,13.226667404174805,14531.0
1997-03-11 00:00:00,8.047772407531738,13.226667404174805,13.226667404174805,13.013333320617676,13.226667404174805,15000.0
1997-03-12 00:00:00,8.086902618408203,13.226667404174805,13.226667404174805,12.90666675567627,12.90666675567627,6094.0
1997-03-13 00:00:00,8.086902618408203,13.226667404174805,13.226667404174805,13.226667404174805,13.226667404174805,0.0
1997-03-14 00:00:00,8.086902618408203,13.226667404174805,13.226667404174805,13.226667404174805,13.226667404174805,937.0
1997-03-17 00:00:00,8.086902618408203,13.226667404174805,13.226667404174805,13.013333320617676,13.226667404174805,19219.0
1997-03-18 00:00:00,8.021682739257812,13.119999885559082,13.226667404174805,13.013333320617676,13.226667404174805,5625.0
1997-03-19 00:00:00,8.086902618408203,13.226667404174805,13.226667404174805,12.90666675567627,12.90666675567627,1875.0
1997-03-20 00:00:00,7.9564666748046875,13.013333320617676,13.013333320617676,13.013333320617676,13.013333320617676,469.0
1997-03-21 00:00:00,7.9564666748046875,13.013333320617676,13.013333320617676,13.013333320617676,13.013333320617676,9375.0
1997-03-24 00:00:00,7.9564666748046875,13.013333320617676,13.013333320617676,13.013333320617676,13.013333320617676,0.0
1997-03-25 00:00:00,7.9564666748046875,13.013333320617676,13.013333320617676,13.013333320617676,13.013333320617676,0.0
1997-03-26 00:00:00,7.9564666748046875,13.013333320617676,13.013333320617676,13.013333320617676,13.013333320617676,0.0
1997-03-27 00:00:00,7.89124870300293,12.90666675567627,12.90666675567627,12.69333267211914,12.69333267211914,10312.0
1997-03-28 00:00:00,,,,,,
1997-03-31 00:00:00,7.89124870300293,12.90666675567627,12.90666675567627,12.90666675567627,12.90666675567627,0.0
1997-04-01 00:00:00,7.89124870300293,12.90666675567627,12.90666675567627,12.90666675567627,12.90666675567627,2344.0
1997-04-02 00:00:00,7.865030765533447,12.800000190734863,13.013333320617676,12.373332977294922,12.373332977294922,2812.0
1997-04-03 00:00:00,7.930572032928467,12.90666675567627,13.013333320617676,12.800000190734863,13.013333320617676,5625.0
1997-04-04 00:00:00,7.930572032928467,12.90666675567627,12.90666675567627,12.90666675567627,12.90666675567627,0.0
1997-04-07 00:00:00,7.996116638183594,13.013333320617676,13.013333320617676,12.90666675567627,12.90666675567627,5156.0
1997-04-08 00:00:00,7.996116638183594,13.013333320617676,13.013333320617676,12.58666706085205,13.013333320617676,4687.0
1997-04-09 00:00:00,7.996116638183594,13.013333320617676,13.013333320617676,12.69333267211914,12.69333267211914,11250.0
1997-04-10 00:00:00,7.996116638183594,13.013333320617676,13.013333320617676,13.013333320617676,13.013333320617676,3281.0
1997-04-11 00:00:00,7.996116638183594,13.013333320617676,13.013333320617676,12.58666706085205,13.013333320617676,5859.0
1997-04-14 00:00:00,7.996116638183594,13.013333320617676,13.013333320617676,13.013333320617676,13.013333320617676,0.0
1997-04-15 00:00:00,7.930572032928467,12.90666675567627,13.013333320617676,12.90666675567627,13.013333320617676,1875.0
1997-04-16 00:00:00,7.733949661254883,12.58666706085205,13.013333320617676,12.58666706085205,13.013333320617676,703.0
1997-04-17 00:00:00,7.897806644439697,12.853333473205566,13.013333320617676,12.853333473205566,12.90666675567627,5156.0
1997-04-18 00:00:00,7.996116638183594,13.013333320617676,13.013333320617676,12.90666675567627,13.013333320617676,3047.0
1997-04-21 00:00:00,7.996116638183594,13.013333320617676,13.013333320617676,13.013333320617676,13.013333320617676,1406.0
1997-04-22 00:00:00,7.799492359161377,12.69333267211914,12.69333267211914,12.69333267211914,12.69333267211914,703.0
1997-04-23 00:00:00,7.865030765533447,12.800000190734863,12.800000190734863,12.800000190734863,12.800000190734863,2344.0
1997-04-24 00:00:00,7.799492359161377,12.69333267211914,13.013333320617676,12.69333267211914,13.013333320617676,5391.0
1997-04-25 00:00:00,7.996116638183594,13.013333320617676,13.013333320617676,13.013333320617676,13.013333320617676,469.0
1997-04-28 00:00:00,7.930572032928467,12.90666675567627,12.90666675567627,12.90666675567627,12.90666675567627,469.0
1997-04-29 00:00:00,7.996116638183594,13.013333320617676,13.013333320617676,12.69333267211914,12.69333267211914,4219.0
1997-04-30 00:00:00,7.996116638183594,13.013333320617676,13.013333320617676,13.013333320617676,13.013333320617676,234.0
1997-05-01 00:00:00,7.963346481323242,12.960000038146973,13.013333320617676,12.69333267211914,12.69333267211914,14297.0
1997-05-02 00:00:00,7.963346481323242,12.960000038146973,12.960000038146973,12.960000038146973,12.960000038146973,0.0
1997-05-05 00:00:00,7.799492359161377,12.69333267211914,13.226667404174805,12.69333267211914,13.226667404174805,2109.0
1997-05-06 00:00:00,7.996116638183594,13.013333320617676,13.173333168029785,12.69333267211914,12.69333267211914,2578.0
1997-05-07 00:00:00,7.865030765533447,12.800000190734863,13.226667404174805,12.800000190734863,13.226667404174805,3047.0
1997-05-08 00:00:00,7.930572032928467,12.90666675567627,13.013333320617676,12.90666675567627,13.013333320617676,2109.0
1997-05-09 00:00:00,7.930572032928467,12.90666675567627,13.013333320617676,12.90666675567627,13.013333320617676,4453.0
1997-05-12 00:00:00,7.930572032928467,12.90666675567627,13.013333320617676,12.90666675567627,13.013333320617676,4687.0
1997-05-13 00:00:00,7.865030765533447,12.800000190734863,13.013333320617676,12.800000190734863,13.013333320617676,703.0
1997-05-14 00:00:00,7.996116638183594,13.013333320617676,13.013333320617676,12.800000190734863,12.800000190734863,1172.0
1997-05-15 00:00:00,7.996116638183594,13.013333320617676,13.013333320617676,12.800000190734863,13.013333320617676,8437.0
1997-05-16 00:00:00,7.996116638183594,13.013333320617676,13.013333320617676,13.013333320617676,13.013333320617676,0.0
1997-05-19 00:00:00,7.996116638183594,13.013333320617676,13.013333320617676,13.013333320617676,13.013333320617676,0.0
1997-05-20 00:00:00,7.996116638183594,13.013333320617676,13.013333320617676,13.013333320617676,13.013333320617676,0.0
1997-05-21 00:00:00,8.192744255065918,13.333333015441895,13.333333015441895,13.333333015441895,13.333333015441895,234.0
1997-05-22 00:00:00,8.127202987670898,13.226667404174805,13.226667404174805,12.800000190734863,12.800000190734863,9375.0
1997-05-23 00:00:00,7.996116638183594,13.013333320617676,13.226667404174805,13.013333320617676,13.013333320617676,9375.0
1997-05-27 00:00:00,7.930572032928467,12.90666675567627,12.90666675567627,12.90666675567627,12.90666675567627,2109.0
1997-05-28 00:00:00,7.930572032928467,12.90666675567627,12.90666675567627,12.90666675567627,12.90666675567627,2344.0
1997-05-29 00:00:00,7.930572032928467,12.90666675567627,12.90666675567627,12.90666675567627,12.90666675567627,0.0
1997-05-30 00:00:00,7.930572032928467,12.90666675567627,12.90666675567627,12.90666675567627,12.90666675567627,2109.0
1997-06-02 00:00:00,8.061657905578613,13.119999885559082,13.119999885559082,13.119999885559082,13.119999885559082,234.0
1997-06-03 00:00:00,7.865030765533447,12.800000190734863,13.119999885559082,12.800000190734863,12.800000190734863,1406.0
1997-06-04 00:00:00,7.865030765533447,12.800000190734863,12.800000190734863,12.800000190734863,12.800000190734863,0.0
1997-06-05 00:00:00,7.865030765533447,12.800000190734863,12.800000190734863,12.800000190734863,12.800000190734863,0.0
1997-06-06 00:00:00,7.963346481323242,12.960000038146973,13.119999885559082,12.90666675567627,13.119999885559082,9844.0
1997-06-09 00:00:00,7.865030765533447,12.800000190734863,12.853333473205566,12.800000190734863,12.853333473205566,1875.0
1997-06-10 00:00:00,8.061657905578613,13.119999885559082,13.119999885559082,12.800000190734863,12.800000190734863,7734.0
1997-06-11 00:00:00,8.127202987670898,13.226667404174805,13.226667404174805,13.119999885559082,13.119999885559082,3750.0
1997-06-12 00:00:00,8.034997940063477,13.013333320617676,13.226667404174805,13.013333320617676,13.226667404174805,4922.0
1997-06-13 00:00:00,8.034997940063477,13.013333320617676,13.226667404174805,13.013333320617676,13.226667404174805,937.0
1997-06-16 00:00:00,8.232575416564941,13.333333015441895,13.333333015441895,12.90666675567627,13.119999885559082,2812.0
1997-06-17 00:00:00,8.166719436645508,13.226667404174805,13.226667404174805,12.90666675567627,12.90666675567627,7969.0
1997-06-18 00:00:00,8.166719436645508,13.226667404174805,13.226667404174805,12.960000038146973,12.960000038146973,10312.0
1997-06-19 00:00:00,8.166719436645508,13.226667404174805,13.226667404174805,13.226667404174805,13.226667404174805,0.0
1997-06-20 00:00:00,8.100850105285645,13.119999885559082,13.119999885559082,13.119999885559082,13.119999885559082,703.0
1997-06-23 00:00:00,8.100850105285645,13.119999885559082,13.119999885559082,13.119999885559082,13.119999885559082,0.0
1997-06-24 00:00:00,8.034997940063477,13.013333320617676,13.226667404174805,13.013333320617676,13.226667404174805,1875.0
1997-06-25 00:00:00,8.232575416564941,13.333333015441895,13.4399995803833,13.333333015441895,13.333333015441895,6094.0
1997-06-26 00:00:00,8.364297866821289,13.546667098999023,13.546667098999023,13.546667098999023,13.546667098999023,9375.0
1997-06-27 00:00:00,8.364297866821289,13.546667098999023,13.546667098999023,13.546667098999023,13.546667098999023,234.0
1997-06-30 00:00:00,8.232575416564941,13.333333015441895,13.760000228881836,13.333333015441895,13.653332710266113,10078.0
1997-07-01 00:00:00,8.49602222442627,13.760000228881836,13.760000228881836,13.760000228881836,13.760000228881836,469.0
1997-07-02 00:00:00,8.232575416564941,13.333333015441895,13.760000228881836,13.333333015441895,13.760000228881836,1172.0
1997-07-03 00:00:00,8.29843807220459,13.4399995803833,13.600000381469727,13.4399995803833,13.600000381469727,7500.0
1997-07-07 00:00:00,8.39723014831543,13.600000381469727,13.653332710266113,13.4399995803833,13.653332710266113,9141.0
1997-07-08 00:00:00,8.331368446350098,13.493332862854004,13.760000228881836,13.4399995803833,13.760000228881836,3516.0
1997-07-09 00:00:00,8.49602222442627,13.760000228881836,13.760000228881836,13.760000228881836,13.760000228881836,234.0
1997-07-10 00:00:00,8.49602222442627,13.760000228881836,13.760000228881836,13.760000228881836,13.760000228881836,0.0
1997-07-11 00:00:00,8.49602222442627,13.760000228881836,13.760000228881836,13.760000228881836,13.760000228881836,0.0
1997-07-14 00:00:00,8.39723014831543,13.600000381469727,13.760000228881836,13.600000381469727,13.760000228881836,1641.0
1997-07-15 00:00:00,8.29843807220459,13.4399995803833,13.4399995803833,13.4399995803833,13.4399995803833,234.0
1997-07-16 00:00:00,8.49602222442627,13.760000228881836,13.760000228881836,13.4399995803833,13.4399995803833,1172.0
1997-07-17 00:00:00,8.49602222442627,13.760000228881836,13.760000228881836,13.4399995803833,13.760000228881836,2578.0
1997-07-18 00:00:00,8.49602222442627,13.760000228881836,13.760000228881836,13.760000228881836,13.760000228881836,3516.0
1997-07-21 00:00:00,8.49602222442627,13.760000228881836,13.760000228881836,13.760000228881836,13.760000228881836,0.0
1997-07-22 00:00:00,8.463092803955078,13.706666946411133,13.706666946411133,13.706666946411133,13.706666946411133,234.0
1997-07-23 00:00:00,8.49602222442627,13.760000228881836,13.760000228881836,13.546667098999023,13.760000228881836,12422.0
1997-07-24 00:00:00,8.49602222442627,13.760000228881836,13.760000228881836,13.760000228881836,13.760000228881836,234.0
1997-07-25 00:00:00,8.463092803955078,13.706666946411133,13.760000228881836,13.600000381469727,13.760000228881836,7266.0
1997-07-28 00:00:00,8.561883926391602,13.866666793823242,13.866666793823242,13.866666793823242,13.866666793823242,234.0
1997-07-29 00:00:00,8.561883926391602,13.866666793823242,13.866666793823242,13.866666793823242,13.866666793823242,2109.0
1997-07-30 00:00:00,9.286348342895508,15.039999961853027,15.039999961853027,13.973333358764648,13.973333358764648,18047.0
1997-07-31 00:00:00,9.286348342895508,15.039999961853027,15.146666526794434,14.613332748413086,14.613332748413086,6562.0
1997-08-01 00:00:00,9.05583667755127,14.666666984558105,15.039999961853027,14.666666984558105,15.039999961853027,1406.0
1997-08-04 00:00:00,9.220487594604492,14.933333396911621,14.933333396911621,14.720000267028809,14.933333396911621,1875.0
1997-08-05 00:00:00,9.220487594604492,14.933333396911621,14.933333396911621,14.933333396911621,14.933333396911621,0.0
1997-08-06 00:00:00,9.05583667755127,14.666666984558105,14.666666984558105,14.666666984558105,14.666666984558105,469.0
1997-08-07 00:00:00,9.220487594604492,14.933333396911621,14.933333396911621,14.666666984558105,14.933333396911621,7500.0
1997-08-08 00:00:00,9.220487594604492,14.933333396911621,14.933333396911621,14.826666831970215,14.826666831970215,3281.0
1997-08-11 00:00:00,9.220487594604492,14.933333396911621,14.933333396911621,14.826666831970215,14.826666831970215,3984.0
1997-08-12 00:00:00,9.220487594604492,14.933333396911621,14.933333396911621,14.933333396911621,14.933333396911621,0.0
1997-08-13 00:00:00,9.220487594604492,14.933333396911621,14.933333396911621,14.933333396911621,14.933333396911621,0.0
1997-08-14 00:00:00,9.286348342895508,15.039999961853027,15.039999961853027,14.826666831970215,14.826666831970215,2344.0
1997-08-15 00:00:00,9.286348342895508,15.039999961853027,15.039999961853027,15.039999961853027,15.039999961853027,0.0
1997-08-18 00:00:00,9.286348342895508,15.039999961853027,15.039999961853027,14.933333396911621,15.039999961853027,1641.0
1997-08-19 00:00:00,9.286348342895508,15.039999961853027,15.039999961853027,14.666666984558105,14.720000267028809,2812.0
1997-08-20 00:00:00,9.220487594604492,14.933333396911621,15.039999961853027,14.933333396911621,15.039999961853027,1875.0
1997-08-21 00:00:00,9.05583667755127,14.666666984558105,14.826666831970215,14.666666984558105,14.666666984558105,5625.0
1997-08-22 00:00:00,9.05583667755127,14.666666984558105,14.666666984558105,14.666666984558105,14.666666984558105,0.0
1997-08-25 00:00:00,9.286348342895508,15.039999961853027,15.039999961853027,15.039999961853027,15.039999961853027,234.0
1997-08-26 00:00:00,9.022903442382812,14.613332748413086,14.613332748413086,14.613332748413086,14.613332748413086,234.0
1997-08-27 00:00:00,9.022903442382812,14.613332748413086,14.613332748413086,14.613332748413086,14.613332748413086,0.0
1997-08-28 00:00:00,9.022903442382812,14.613332748413086,14.613332748413086,14.613332748413086,14.613332748413086,0.0
1997-08-29 00:00:00,9.286348342895508,15.039999961853027,15.039999961853027,14.826666831970215,14.826666831970215,469.0
1997-09-02 00:00:00,9.022903442382812,14.613332748413086,15.039999961853027,14.613332748413086,15.039999961853027,11250.0
1997-09-03 00:00:00,9.022903442382812,14.613332748413086,14.613332748413086,14.613332748413086,14.613332748413086,0.0
1997-09-04 00:00:00,9.286348342895508,15.039999961853027,15.039999961853027,14.613332748413086,14.613332748413086,7266.0
1997-09-05 00:00:00,9.286348342895508,15.039999961853027,15.039999961853027,15.039999961853027,15.039999961853027,234.0
1997-09-08 00:00:00,9.286348342895508,15.039999961853027,15.039999961853027,15.039999961853027,15.039999961853027,3047.0
1997-09-09 00:00:00,9.286348342895508,15.039999961853027,15.039999961853027,14.613332748413086,14.613332748413086,47109.0
1997-09-10 00:00:00,9.121696472167969,14.773332595825195,15.039999961853027,14.773332595825195,15.039999961853027,14297.0
1997-09-11 00:00:00,9.286348342895508,15.039999961853027,15.039999961853027,14.826666831970215,15.039999961853027,5625.0
1997-09-12 00:00:00,9.09453296661377,14.666666984558105,14.666666984558105,14.613332748413086,14.613332748413086,168750.0
1997-09-15 00:00:00,9.177213668823242,14.800000190734863,14.800000190734863,14.800000190734863,14.800000190734863,7266.0
1997-09-16 00:00:00,9.177213668823242,14.800000190734863,14.800000190734863,14.800000190734863,14.800000190734863,0.0
1997-09-17 00:00:00,9.326035499572754,15.039999961853027,15.039999961853027,15.039999961853027,15.039999961853027,1641.0
1997-09-18 00:00:00,9.326035499572754,15.039999961853027,15.039999961853027,15.039999961853027,15.039999961853027,0.0
1997-09-19 00:00:00,9.127605438232422,14.720000267028809,14.720000267028809,14.720000267028809,14.720000267028809,234.0
1997-09-22 00:00:00,9.127605438232422,14.720000267028809,14.720000267028809,14.720000267028809,14.720000267028809,0.0
1997-09-23 00:00:00,9.326035499572754,15.039999961853027,15.039999961853027,15.039999961853027,15.039999961853027,469.0
1997-09-24 00:00:00,9.25989055633545,14.933333396911621,14.933333396911621,14.720000267028809,14.720000267028809,3984.0
1997-09-25 00:00:00,9.25989055633545,14.933333396911621,14.933333396911621,14.933333396911621,14.933333396911621,0.0
1997-09-26 00:00:00,9.19374942779541,14.826666831970215,14.933333396911621,14.826666831970215,14.933333396911621,1875.0
1997-09-29 00:00:00,9.19374942779541,14.826666831970215,14.826666831970215,14.826666831970215,14.826666831970215,0.0
1997-09-30 00:00:00,9.19374942779541,14.826666831970215,14.826666831970215,14.826666831970215,14.826666831970215,0.0
1997-10-01 00:00:00,9.19374942779541,14.826666831970215,14.826666831970215,14.826666831970215,14.826666831970215,0.0
1997-10-02 00:00:00,9.19374942779541,14.826666831970215,14.826666831970215,14.826666831970215,14.826666831970215,0.0
1997-10-03 00:00:00,9.326035499572754,15.039999961853027,15.039999961853027,15.039999961853027,15.039999961853027,234.0
1997-10-06 00:00:00,9.326035499572754,15.039999961853027,15.039999961853027,15.039999961853027,15.039999961853027,0.0
1997-10-07 00:00:00,9.326035499572754,15.039999961853027,15.039999961853027,15.039999961853027,15.039999961853027,469.0
1997-10-08 00:00:00,9.25989055633545,14.933333396911621,14.933333396911621,14.933333396911621,14.933333396911621,469.0
1997-10-09 00:00:00,9.127605438232422,14.720000267028809,14.933333396911621,14.720000267028809,14.933333396911621,9609.0
1997-10-10 00:00:00,9.127605438232422,14.720000267028809,14.720000267028809,14.720000267028809,14.720000267028809,3047.0
1997-10-13 00:00:00,9.127605438232422,14.720000267028809,14.933333396911621,14.720000267028809,14.720000267028809,4687.0
1997-10-14 00:00:00,9.160676956176758,14.773332595825195,14.986666679382324,14.773332595825195,14.986666679382324,1406.0
1997-10-15 00:00:00,9.292963027954102,14.986666679382324,14.986666679382324,14.986666679382324,14.986666679382324,234.0
1997-10-16 00:00:00,9.342573165893555,15.066666603088379,15.066666603088379,14.986666679382324,14.986666679382324,7500.0
1997-10-17 00:00:00,9.342573165893555,15.066666603088379,15.066666603088379,15.066666603088379,15.066666603088379,0.0
1997-10-20 00:00:00,9.342573165893555,15.066666603088379,15.066666603088379,15.066666603088379,15.066666603088379,0.0
1997-10-21 00:00:00,9.458320617675781,15.25333309173584,15.25333309173584,15.146666526794434,15.146666526794434,8672.0
1997-10-22 00:00:00,9.590600967407227,15.466667175292969,15.466667175292969,15.41333293914795,15.41333293914795,1641.0
1997-10-23 00:00:00,9.590600967407227,15.466667175292969,15.466667175292969,15.466667175292969,15.466667175292969,0.0
1997-10-24 00:00:00,9.590600967407227,15.466667175292969,15.466667175292969,15.466667175292969,15.466667175292969,1406.0
1997-10-27 00:00:00,9.590600967407227,15.466667175292969,15.466667175292969,15.466667175292969,15.466667175292969,0.0
1997-10-28 00:00:00,9.127605438232422,14.720000267028809,14.933333396911621,14.720000267028809,14.933333396911621,6797.0
1997-10-29 00:00:00,9.25989055633545,14.933333396911621,14.933333396911621,14.933333396911621,14.933333396911621,3516.0
1997-10-30 00:00:00,9.25989055633545,14.933333396911621,14.933333396911621,14.933333396911621,14.933333396911621,0.0
1997-10-31 00:00:00,9.25989055633545,14.933333396911621,14.933333396911621,14.933333396911621,14.933333396911621,12187.0
1997-11-03 00:00:00,9.19374942779541,14.826666831970215,14.826666831970215,14.826666831970215,14.826666831970215,469.0
1997-11-04 00:00:00,9.19374942779541,14.826666831970215,14.826666831970215,14.826666831970215,14.826666831970215,0.0
1997-11-05 00:00:00,9.25989055633545,14.933333396911621,14.933333396911621,14.933333396911621,14.933333396911621,234.0
1997-11-06 00:00:00,9.392175674438477,15.146666526794434,15.146666526794434,14.933333396911621,14.933333396911621,34922.0
1997-11-07 00:00:00,9.524458885192871,15.359999656677246,15.359999656677246,15.359999656677246,15.359999656677246,2109.0
1997-11-10 00:00:00,9.408707618713379,15.173333168029785,15.173333168029785,15.173333168029785,15.173333168029785,703.0
1997-11-11 00:00:00,9.408707618713379,15.173333168029785,15.173333168029785,15.173333168029785,15.173333168029785,0.0
1997-11-12 00:00:00,9.524458885192871,15.359999656677246,15.359999656677246,15.359999656677246,15.359999656677246,703.0
1997-11-13 00:00:00,9.524458885192871,15.359999656677246,15.359999656677246,15.359999656677246,15.359999656677246,0.0
1997-11-14 00:00:00,9.524458885192871,15.359999656677246,15.359999656677246,15.359999656677246,15.359999656677246,234.0
1997-11-17 00:00:00,9.524458885192871,15.359999656677246,15.359999656677246,15.359999656677246,15.359999656677246,0.0
1997-11-18 00:00:00,9.524458885192871,15.359999656677246,15.359999656677246,15.359999656677246,15.359999656677246,0.0
1997-11-19 00:00:00,9.524458885192871,15.359999656677246,15.359999656677246,15.359999656677246,15.359999656677246,0.0
1997-11-20 00:00:00,9.524458885192871,15.359999656677246,15.359999656677246,15.359999656677246,15.359999656677246,0.0
1997-11-21 00:00:00,9.359106063842773,15.09333324432373,15.09333324432373,15.09333324432373,15.09333324432373,234.0
1997-11-24 00:00:00,9.524458885192871,15.359999656677246,15.359999656677246,15.359999656677246,15.359999656677246,469.0
1997-11-25 00:00:00,9.524458885192871,15.359999656677246,15.359999656677246,15.359999656677246,15.359999656677246,469.0
1997-11-26 00:00:00,9.326035499572754,15.039999961853027,15.039999961853027,15.039999961853027,15.039999961853027,2344.0
1997-11-28 00:00:00,9.524458885192871,15.359999656677246,15.359999656677246,15.359999656677246,15.359999656677246,469.0
1997-12-01 00:00:00,10.053596496582031,16.213333129882812,16.213333129882812,15.25333309173584,15.359999656677246,19453.0
1997-12-02 00:00:00,10.053596496582031,16.213333129882812,16.213333129882812,16.213333129882812,16.213333129882812,0.0
1997-12-03 00:00:00,10.31816291809082,16.639999389648438,16.799999237060547,16.426666259765625,16.799999237060547,3281.0
1997-12-04 00:00:00,10.31816291809082,16.639999389648438,16.959999084472656,16.639999389648438,16.959999084472656,2109.0
1997-12-05 00:00:00,10.781159400939941,17.386667251586914,17.386667251586914,17.386667251586914,17.386667251586914,234.0
1997-12-08 00:00:00,10.91344165802002,17.600000381469727,18.133333206176758,17.49333381652832,17.49333381652832,34687.0
1997-12-09 00:00:00,10.91344165802002,17.600000381469727,17.600000381469727,17.600000381469727,17.600000381469727,0.0
1997-12-10 00:00:00,10.880373001098633,17.546667098999023,17.600000381469727,17.546667098999023,17.600000381469727,469.0
1997-12-11 00:00:00,10.724980354309082,17.226667404174805,17.280000686645508,16.69333267211914,17.280000686645508,16172.0
1997-12-12 00:00:00,10.724980354309082,17.226667404174805,17.226667404174805,17.226667404174805,17.226667404174805,0.0
1997-12-15 00:00:00,10.625364303588867,17.066667556762695,17.066667556762695,17.066667556762695,17.066667556762695,1172.0
1997-12-16 00:00:00,10.625364303588867,17.066667556762695,17.066667556762695,16.639999389648438,17.066667556762695,9844.0
1997-12-17 00:00:00,10.625364303588867,17.066667556762695,17.066667556762695,17.066667556762695,17.066667556762695,0.0
1997-12-18 00:00:00,10.492547988891602,16.85333251953125,17.17333221435547,16.746667861938477,17.17333221435547,7969.0
1997-12-19 00:00:00,10.691770553588867,17.17333221435547,17.17333221435547,16.53333282470703,16.53333282470703,469.0
1997-12-22 00:00:00,10.426136016845703,16.746667861938477,17.066667556762695,16.746667861938477,17.066667556762695,1406.0
1997-12-23 00:00:00,10.625364303588867,17.066667556762695,17.066667556762695,17.066667556762695,17.066667556762695,1641.0
1997-12-24 00:00:00,10.625364303588867,17.066667556762695,17.066667556762695,17.066667556762695,17.066667556762695,0.0
1997-12-26 00:00:00,10.492547988891602,16.85333251953125,17.066667556762695,16.85333251953125,17.066667556762695,3047.0
1997-12-29 00:00:00,10.758180618286133,17.280000686645508,17.49333381652832,17.17333221435547,17.17333221435547,16172.0
1997-12-30 00:00:00,10.758180618286133,17.280000686645508,17.280000686645508,17.280000686645508,17.280000686645508,0.0
1997-12-31 00:00:00,10.758180618286133,17.280000686645508,17.280000686645508,17.280000686645508,17.280000686645508,0.0
1998-01-02 00:00:00,11.090222358703613,17.81333351135254,17.81333351135254,17.81333351135254,17.81333351135254,234.0
1998-01-05 00:00:00,11.090222358703613,17.81333351135254,17.920000076293945,17.81333351135254,17.920000076293945,15234.0
1998-01-06 00:00:00,11.156632423400879,17.920000076293945,17.920000076293945,17.920000076293945,17.920000076293945,4453.0
1998-01-07 00:00:00,10.890997886657715,17.49333381652832,17.920000076293945,17.17333221435547,17.17333221435547,2344.0
1998-01-08 00:00:00,10.890997886657715,17.49333381652832,17.920000076293945,17.17333221435547,17.49333381652832,9844.0
1998-01-09 00:00:00,10.890997886657715,17.49333381652832,17.706666946411133,16.85333251953125,17.706666946411133,3281.0
1998-01-12 00:00:00,11.156632423400879,17.920000076293945,17.920000076293945,16.746667861938477,16.746667861938477,3281.0
1998-01-13 00:00:00,10.542359352111816,16.933332443237305,16.933332443237305,16.933332443237305,16.933332443237305,234.0
1998-01-14 00:00:00,11.621495246887207,18.666667938232422,18.666667938232422,18.666667938232422,18.666667938232422,234.0
1998-01-15 00:00:00,10.890997886657715,17.49333381652832,17.920000076293945,16.933332443237305,16.933332443237305,11016.0
1998-01-16 00:00:00,10.890997886657715,17.49333381652832,17.49333381652832,17.49333381652832,17.49333381652832,3516.0
1998-01-20 00:00:00,11.795816421508789,18.946666717529297,18.946666717529297,18.946666717529297,18.946666717529297,234.0
1998-01-21 00:00:00,11.795816421508789,18.946666717529297,18.946666717529297,18.946666717529297,18.946666717529297,0.0
1998-01-22 00:00:00,10.890997886657715,17.49333381652832,17.49333381652832,17.49333381652832,17.49333381652832,7500.0
1998-01-23 00:00:00,11.322652816772461,18.18666648864746,19.626667022705078,18.18666648864746,19.413333892822266,1641.0
1998-01-26 00:00:00,11.65469741821289,18.719999313354492,19.200000762939453,17.81333351135254,17.81333351135254,6328.0
1998-01-27 00:00:00,11.65469741821289,18.719999313354492,18.719999313354492,18.133333206176758,18.133333206176758,937.0
1998-01-28 00:00:00,11.621495246887207,18.666667938232422,18.719999313354492,18.666667938232422,18.719999313354492,937.0
1998-01-29 00:00:00,11.621495246887207,18.666667938232422,18.666667938232422,18.666667938232422,18.666667938232422,1172.0
1998-01-30 00:00:00,11.953537940979004,19.200000762939453,19.200000762939453,19.200000762939453,19.200000762939453,234.0
1998-02-02 00:00:00,11.953537940979004,19.200000762939453,19.200000762939453,19.200000762939453,19.200000762939453,0.0
1998-02-03 00:00:00,11.687899589538574,18.773332595825195,18.773332595825195,18.773332595825195,18.773332595825195,1875.0
1998-02-04 00:00:00,11.687899589538574,18.773332595825195,19.200000762939453,18.773332595825195,18.773332595825195,4922.0
1998-02-05 00:00:00,11.289448738098145,18.133333206176758,18.773332595825195,18.133333206176758,18.773332595825195,5391.0
1998-02-06 00:00:00,12.717229843139648,20.426666259765625,20.426666259765625,18.773332595825195,20.053333282470703,2344.0
1998-02-09 00:00:00,12.219168663024902,19.626667022705078,20.266666412353516,19.626667022705078,20.266666412353516,24375.0
1998-02-10 00:00:00,11.820716857910156,18.98666763305664,19.226667404174805,18.98666763305664,19.226667404174805,469.0
1998-02-11 00:00:00,11.787514686584473,18.933332443237305,18.98666763305664,18.34666633605957,18.98666763305664,24141.0
1998-02-12 00:00:00,11.787514686584473,18.933332443237305,18.933332443237305,18.933332443237305,18.933332443237305,0.0
1998-02-13 00:00:00,11.687899589538574,18.773332595825195,18.773332595825195,18.239999771118164,18.239999771118164,1406.0
1998-02-17 00:00:00,11.687899589538574,18.773332595825195,18.773332595825195,18.239999771118164,18.239999771118164,3047.0
1998-02-18 00:00:00,11.687899589538574,18.773332595825195,18.773332595825195,18.266666412353516,18.266666412353516,703.0
1998-02-19 00:00:00,11.588284492492676,18.613332748413086,18.613332748413086,18.266666412353516,18.266666412353516,3750.0
1998-02-20 00:00:00,11.687899589538574,18.773332595825195,18.773332595825195,18.666667938232422,18.666667938232422,3750.0
1998-02-23 00:00:00,11.687899589538574,18.773332595825195,18.773332595825195,18.239999771118164,18.773332595825195,6562.0
1998-02-24 00:00:00,11.422263145446777,18.34666633605957,18.773332595825195,18.34666633605957,18.773332595825195,703.0
1998-02-25 00:00:00,11.555083274841309,18.559999465942383,18.719999313354492,18.133333206176758,18.133333206176758,47578.0
1998-02-26 00:00:00,11.65469741821289,18.719999313354492,18.719999313354492,18.69333267211914,18.719999313354492,3281.0
1998-02-27 00:00:00,11.65469741821289,18.719999313354492,18.719999313354492,18.719999313354492,18.719999313354492,469.0
1998-03-02 00:00:00,11.65469741821289,18.719999313354492,18.719999313354492,18.719999313354492,18.719999313354492,0.0
1998-03-03 00:00:00,11.372456550598145,18.266666412353516,18.719999313354492,18.266666412353516,18.719999313354492,2578.0
1998-03-04 00:00:00,11.65469741821289,18.719999313354492,18.719999313354492,18.079999923706055,18.453332901000977,3281.0
1998-03-05 00:00:00,11.289448738098145,18.133333206176758,18.613332748413086,18.133333206176758,18.559999465942383,3281.0
1998-03-06 00:00:00,11.65469741821289,18.719999313354492,18.719999313354492,18.719999313354492,18.719999313354492,3281.0
1998-03-09 00:00:00,11.555083274841309,18.559999465942383,18.559999465942383,18.34666633605957,18.34666633605957,2812.0
1998-03-10 00:00:00,11.555083274841309,18.559999465942383,18.559999465942383,18.559999465942383,18.559999465942383,2578.0
1998-03-11 00:00:00,11.820716857910156,18.98666763305664,18.98666763305664,18.133333206176758,18.719999313354492,5859.0
1998-03-12 00:00:00,12.131332397460938,19.413333892822266,19.413333892822266,18.98666763305664,18.98666763305664,3516.0
1998-03-13 00:00:00,11.998026847839355,19.200000762939453,19.200000762939453,18.559999465942383,18.559999465942383,4219.0
1998-03-16 00:00:00,12.331297874450684,19.733333587646484,19.733333587646484,19.626667022705078,19.626667022705078,1641.0
1998-03-17 00:00:00,12.431282997131348,19.893333435058594,19.893333435058594,19.893333435058594,19.893333435058594,937.0
1998-03-18 00:00:00,12.397957801818848,19.84000015258789,20.053333282470703,19.040000915527344,20.053333282470703,4922.0
1998-03-19 00:00:00,12.264644622802734,19.626667022705078,19.626667022705078,19.626667022705078,19.626667022705078,469.0
1998-03-20 00:00:00,12.531269073486328,20.053333282470703,20.053333282470703,19.040000915527344,19.040000915527344,2109.0
1998-03-23 00:00:00,12.531269073486328,20.053333282470703,20.053333282470703,20.053333282470703,20.053333282470703,0.0
1998-03-24 00:00:00,12.331297874450684,19.733333587646484,19.733333587646484,19.733333587646484,19.733333587646484,234.0
1998-03-25 00:00:00,12.531269073486328,20.053333282470703,20.053333282470703,20.053333282470703,20.053333282470703,234.0
1998-03-26 00:00:00,12.631247520446777,20.213333129882812,20.213333129882812,20.213333129882812,20.213333129882812,703.0
1998-03-27 00:00:00,11.898042678833008,19.040000915527344,20.53333282470703,19.040000915527344,20.53333282470703,1406.0
1998-03-30 00:00:00,12.098010063171387,19.360000610351562,20.906667709350586,19.30666732788086,19.30666732788086,9375.0
1998-03-31 00:00:00,12.664578437805176,20.266666412353516,20.266666412353516,19.253332138061523,20.266666412353516,2578.0
1998-04-01 00:00:00,12.797891616821289,20.479999542236328,20.479999542236328,20.053333282470703,20.266666412353516,4922.0
1998-04-02 00:00:00,12.797891616821289,20.479999542236328,20.479999542236328,20.479999542236328,20.479999542236328,0.0
1998-04-03 00:00:00,12.664578437805176,20.266666412353516,20.266666412353516,19.946666717529297,20.266666412353516,10547.0
1998-04-06 00:00:00,12.664578437805176,20.266666412353516,20.266666412353516,19.520000457763672,19.520000457763672,1641.0
1998-04-07 00:00:00,12.664578437805176,20.266666412353516,20.266666412353516,20.266666412353516,20.266666412353516,234.0
1998-04-08 00:00:00,12.664578437805176,20.266666412353516,20.266666412353516,20.266666412353516,20.266666412353516,5156.0
1998-04-09 00:00:00,12.531269073486328,20.053333282470703,20.053333282470703,20.053333282470703,20.053333282470703,3750.0
1998-04-10 00:00:00,,,,,,
1998-04-13 00:00:00,12.531269073486328,20.053333282470703,20.053333282470703,19.520000457763672,20.053333282470703,2109.0
1998-04-14 00:00:00,12.531269073486328,20.053333282470703,20.053333282470703,20.053333282470703,20.053333282470703,234.0
1998-04-15 00:00:00,12.531269073486328,20.053333282470703,20.053333282470703,20.053333282470703,20.053333282470703,3984.0
1998-04-16 00:00:00,12.664578437805176,20.266666412353516,20.266666412353516,20.266666412353516,20.266666412353516,469.0
1998-04-17 00:00:00,12.572925567626953,20.1200008392334,20.1200008392334,20.053333282470703,20.053333282470703,2109.0
1998-04-20 00:00:00,12.531269073486328,20.053333282470703,20.053333282470703,19.520000457763672,20.053333282470703,7266.0
1998-04-21 00:00:00,12.464608192443848,19.946666717529297,20.053333282470703,19.946666717529297,20.053333282470703,2812.0
1998-04-22 00:00:00,12.531269073486328,20.053333282470703,20.053333282470703,20.053333282470703,20.053333282470703,469.0
1998-04-23 00:00:00,12.264644622802734,19.626667022705078,20.50666618347168,19.520000457763672,20.266666412353516,8437.0
1998-04-24 00:00:00,12.664578437805176,20.266666412353516,20.906667709350586,19.626667022705078,19.626667022705078,3984.0
1998-04-27 00:00:00,12.531269073486328,20.053333282470703,20.479999542236328,20.053333282470703,20.053333282470703,18047.0
1998-04-28 00:00:00,12.797891616821289,20.479999542236328,20.479999542236328,19.946666717529297,20.266666412353516,3047.0
1998-04-29 00:00:00,12.664578437805176,20.266666412353516,20.906667709350586,20.053333282470703,20.906667709350586,5859.0
1998-04-30 00:00:00,12.797891616821289,20.479999542236328,20.479999542236328,20.053333282470703,20.479999542236328,6328.0
1998-05-01 00:00:00,12.797891616821289,20.479999542236328,20.479999542236328,20.479999542236328,20.479999542236328,4922.0
1998-05-04 00:00:00,12.797891616821289,20.479999542236328,20.479999542236328,20.479999542236328,20.479999542236328,1172.0
1998-05-05 00:00:00,12.664578437805176,20.266666412353516,20.266666412353516,20.266666412353516,20.266666412353516,937.0
1998-05-06 00:00:00,12.797891616821289,20.479999542236328,20.479999542236328,19.920000076293945,19.920000076293945,1172.0
1998-05-07 00:00:00,12.797891616821289,20.479999542236328,20.479999542236328,20.479999542236328,20.479999542236328,0.0
1998-05-08 00:00:00,12.797891616821289,20.479999542236328,20.479999542236328,20.479999542236328,20.479999542236328,0.0
1998-05-11 00:00:00,12.664578437805176,20.266666412353516,20.479999542236328,20.266666412353516,20.479999542236328,703.0
1998-05-12 00:00:00,12.397957801818848,19.84000015258789,20.266666412353516,19.84000015258789,20.266666412353516,7969.0
1998-05-13 00:00:00,12.531269073486328,20.053333282470703,20.479999542236328,19.84000015258789,19.84000015258789,2578.0
1998-05-14 00:00:00,12.2146577835083,19.546667098999023,20.053333282470703,19.46666717529297,20.053333282470703,4687.0
1998-05-15 00:00:00,12.531269073486328,20.053333282470703,20.053333282470703,19.49333381652832,20.053333282470703,1875.0
1998-05-18 00:00:00,12.531269073486328,20.053333282470703,20.053333282470703,19.426666259765625,19.440000534057617,2109.0
1998-05-19 00:00:00,12.531269073486328,20.053333282470703,20.053333282470703,20.053333282470703,20.053333282470703,0.0
1998-05-20 00:00:00,12.531269073486328,20.053333282470703,20.053333282470703,20.053333282470703,20.053333282470703,0.0
1998-05-21 00:00:00,12.531269073486328,20.053333282470703,20.053333282470703,20.053333282470703,20.053333282470703,0.0
1998-05-22 00:00:00,12.231319427490234,19.573333740234375,20.053333282470703,19.573333740234375,20.053333282470703,1406.0
1998-05-26 00:00:00,12.397957801818848,19.84000015258789,19.84000015258789,19.84000015258789,19.84000015258789,4219.0
1998-05-27 00:00:00,12.264644622802734,19.626667022705078,19.84000015258789,19.626667022705078,19.84000015258789,1641.0
1998-05-28 00:00:00,12.531269073486328,20.053333282470703,20.053333282470703,19.733333587646484,20.053333282470703,8906.0
1998-05-29 00:00:00,12.531269073486328,20.053333282470703,20.053333282470703,20.053333282470703,20.053333282470703,0.0
1998-06-01 00:00:00,12.48127555847168,19.97333335876465,19.97333335876465,19.733333587646484,19.81333351135254,4687.0
1998-06-02 00:00:00,12.37296199798584,19.799999237060547,20.479999542236328,19.639999389648438,20.479999542236328,6719.0
1998-06-03 00:00:00,11.998026847839355,19.200000762939453,20.31999969482422,19.200000762939453,20.31999969482422,1406.0
1998-06-04 00:00:00,12.797891616821289,20.479999542236328,20.479999542236328,20.479999542236328,20.479999542236328,2187.0
1998-06-05 00:00:00,12.697909355163574,20.31999969482422,20.31999969482422,19.84000015258789,20.040000915527344,8281.0
1998-06-08 00:00:00,12.49793815612793,20.0,20.31999969482422,19.68000030517578,19.760000228881836,4687.0
1998-06-09 00:00:00,12.172993659973145,19.479999542236328,19.959999084472656,19.479999542236328,19.959999084472656,2812.0
1998-06-10 00:00:00,11.898042678833008,19.040000915527344,19.68000030517578,19.040000915527344,19.68000030517578,3594.0
1998-06-11 00:00:00,12.117817878723145,19.31999969482422,19.760000228881836,19.31999969482422,19.760000228881836,312.0
1998-06-12 00:00:00,12.042549133300781,19.200000762939453,19.200000762939453,19.200000762939453,19.200000762939453,1562.0
1998-06-15 00:00:00,12.243257522583008,19.520000457763672,19.68000030517578,19.520000457763672,19.68000030517578,2031.0
1998-06-16 00:00:00,12.042549133300781,19.200000762939453,19.68000030517578,19.200000762939453,19.68000030517578,1406.0
1998-06-17 00:00:00,12.594498634338379,20.079999923706055,20.079999923706055,19.84000015258789,19.84000015258789,781.0
1998-06-18 00:00:00,12.64468002319336,20.15999984741211,20.719999313354492,20.079999923706055,20.079999923706055,31562.0
1998-06-19 00:00:00,12.694853782653809,20.239999771118164,20.239999771118164,19.68000030517578,19.68000030517578,5469.0
1998-06-22 00:00:00,12.544319152832031,20.0,20.31999969482422,20.0,20.239999771118164,5625.0
1998-06-23 00:00:00,13.04609489440918,20.799999237060547,20.799999237060547,20.799999237060547,20.799999237060547,156.0
1998-06-24 00:00:00,13.04609489440918,20.799999237060547,20.799999237060547,20.15999984741211,20.799999237060547,3906.0
1998-06-25 00:00:00,12.64468002319336,20.15999984741211,20.639999389648438,20.15999984741211,20.639999389648438,1094.0
1998-06-26 00:00:00,12.820301055908203,20.440000534057617,20.440000534057617,19.68000030517578,19.84000015258789,3437.0
1998-06-29 00:00:00,12.594498634338379,20.079999923706055,20.079999923706055,19.520000457763672,19.600000381469727,8437.0
1998-06-30 00:00:00,12.594498634338379,20.079999923706055,20.079999923706055,19.520000457763672,20.079999923706055,3437.0
1998-07-01 00:00:00,12.243257522583008,19.520000457763672,20.15999984741211,19.520000457763672,19.84000015258789,4844.0
1998-07-02 00:00:00,12.845391273498535,20.479999542236328,20.479999542236328,20.479999542236328,20.479999542236328,937.0
1998-07-06 00:00:00,12.820301055908203,20.440000534057617,20.440000534057617,19.600000381469727,20.399999618530273,4687.0
1998-07-07 00:00:00,12.64468002319336,20.15999984741211,20.360000610351562,19.600000381469727,19.600000381469727,3594.0
1998-07-08 00:00:00,12.745034217834473,20.31999969482422,20.31999969482422,19.760000228881836,20.31999969482422,1094.0
1998-07-09 00:00:00,12.745034217834473,20.31999969482422,20.31999969482422,20.31999969482422,20.31999969482422,0.0
1998-07-10 00:00:00,12.745034217834473,20.31999969482422,20.31999969482422,20.31999969482422,20.31999969482422,781.0
1998-07-13 00:00:00,12.393791198730469,19.760000228881836,19.760000228881836,19.760000228881836,19.760000228881836,469.0
1998-07-14 00:00:00,12.745034217834473,20.31999969482422,20.31999969482422,20.15999984741211,20.15999984741211,3125.0
1998-07-15 00:00:00,12.820301055908203,20.440000534057617,20.440000534057617,20.440000534057617,20.440000534057617,1719.0
1998-07-16 00:00:00,12.820301055908203,20.440000534057617,20.440000534057617,20.15999984741211,20.15999984741211,3906.0
1998-07-17 00:00:00,12.820301055908203,20.440000534057617,20.440000534057617,20.440000534057617,20.440000534057617,0.0
1998-07-20 00:00:00,12.544319152832031,20.0,20.440000534057617,20.0,20.440000534057617,1094.0
1998-07-21 00:00:00,12.64468002319336,20.15999984741211,20.440000534057617,20.15999984741211,20.440000534057617,469.0
1998-07-22 00:00:00,12.845391273498535,20.479999542236328,20.479999542236328,20.0,20.0,6875.0
1998-07-23 00:00:00,12.820301055908203,20.440000534057617,20.440000534057617,19.940000534057617,19.940000534057617,469.0
1998-07-24 00:00:00,12.243257522583008,19.520000457763672,20.15999984741211,19.360000610351562,19.760000228881836,10625.0
1998-07-27 00:00:00,12.845391273498535,20.479999542236328,21.200000762939453,20.15999984741211,20.15999984741211,45156.0
1998-07-28 00:00:00,12.820301055908203,20.440000534057617,20.700000762939453,20.399999618530273,20.700000762939453,7812.0
1998-07-29 00:00:00,12.820301055908203,20.440000534057617,20.440000534057617,20.440000534057617,20.440000534057617,0.0
1998-07-30 00:00:00,12.845391273498535,20.479999542236328,20.479999542236328,20.479999542236328,20.479999542236328,625.0
1998-07-31 00:00:00,12.594498634338379,20.079999923706055,20.15999984741211,20.079999923706055,20.15999984741211,5000.0
1998-08-03 00:00:00,12.067632675170898,19.239999771118164,19.920000076293945,18.959999084472656,19.920000076293945,15781.0
1998-08-04 00:00:00,11.490595817565918,18.31999969482422,19.280000686645508,18.31999969482422,19.280000686645508,3437.0
1998-08-05 00:00:00,12.09272289276123,19.280000686645508,19.280000686645508,19.280000686645508,19.280000686645508,312.0
1998-08-06 00:00:00,11.641131401062012,18.559999465942383,19.200000762939453,18.079999923706055,19.200000762939453,781.0
1998-08-07 00:00:00,11.340066909790039,18.079999923706055,18.559999465942383,18.079999923706055,18.079999923706055,1250.0
1998-08-10 00:00:00,11.641131401062012,18.559999465942383,18.559999465942383,17.920000076293945,17.920000076293945,1719.0
1998-08-11 00:00:00,11.641131401062012,18.559999465942383,18.559999465942383,18.559999465942383,18.559999465942383,6250.0
1998-08-12 00:00:00,11.641131401062012,18.559999465942383,18.559999465942383,18.559999465942383,18.559999465942383,937.0
1998-08-13 00:00:00,11.841841697692871,18.8799991607666,18.8799991607666,17.760000228881836,18.079999923706055,10937.0
1998-08-14 00:00:00,11.841841697692871,18.8799991607666,18.8799991607666,18.8799991607666,18.8799991607666,0.0
1998-08-17 00:00:00,11.239710807800293,17.920000076293945,17.920000076293945,17.600000381469727,17.920000076293945,4687.0
1998-08-18 00:00:00,11.314973831176758,18.040000915527344,18.079999923706055,17.600000381469727,17.600000381469727,2031.0
1998-08-19 00:00:00,11.239710807800293,17.920000076293945,17.920000076293945,17.920000076293945,17.920000076293945,156.0
1998-08-20 00:00:00,11.239710807800293,17.920000076293945,18.15999984741211,17.920000076293945,17.920000076293945,5156.0
1998-08-21 00:00:00,11.390246391296387,18.15999984741211,18.15999984741211,17.600000381469727,18.15999984741211,5312.0
1998-08-24 00:00:00,11.03900146484375,17.600000381469727,17.600000381469727,17.1200008392334,17.600000381469727,5000.0
1998-08-25 00:00:00,11.189537048339844,17.84000015258789,17.84000015258789,17.760000228881836,17.760000228881836,2187.0
1998-08-26 00:00:00,10.73794174194336,17.1200008392334,17.84000015258789,17.1200008392334,17.84000015258789,1562.0
1998-08-27 00:00:00,9.834752082824707,15.680000305175781,16.639999389648438,12.15999984741211,16.639999389648438,29844.0
1998-08-28 00:00:00,9.583861351013184,15.279999732971191,16.15999984741211,14.800000190734863,15.079999923706055,5000.0
1998-08-31 00:00:00,10.035456657409668,16.0,16.0,14.720000267028809,14.720000267028809,5781.0
1998-09-01 00:00:00,10.361610412597656,16.520000457763672,16.639999389648438,15.680000305175781,16.31999969482422,5156.0
1998-09-02 00:00:00,10.587406158447266,16.8799991607666,17.760000228881836,16.8799991607666,17.1200008392334,6094.0
1998-09-03 00:00:00,10.085636138916016,16.079999923706055,16.079999923706055,16.079999923706055,16.079999923706055,625.0
1998-09-04 00:00:00,10.436874389648438,16.639999389648438,16.639999389648438,16.639999389648438,16.639999389648438,625.0
1998-09-08 00:00:00,11.841841697692871,18.8799991607666,18.8799991607666,17.700000762939453,17.700000762939453,9062.0
1998-09-09 00:00:00,11.59095573425293,18.479999542236328,18.559999465942383,18.479999542236328,18.559999465942383,3437.0
1998-09-10 00:00:00,11.2575101852417,17.8799991607666,18.479999542236328,17.8799991607666,18.479999542236328,1875.0
1998-09-11 00:00:00,11.352537155151367,17.920000076293945,18.8799991607666,17.920000076293945,18.8799991607666,937.0
1998-09-14 00:00:00,12.062073707580566,19.040000915527344,19.040000915527344,18.639999389648438,18.719999313354492,3906.0
1998-09-15 00:00:00,12.062073707580566,19.040000915527344,19.040000915527344,19.040000915527344,19.040000915527344,1406.0
1998-09-16 00:00:00,11.403219223022461,18.0,18.31999969482422,18.0,18.31999969482422,4375.0
1998-09-17 00:00:00,11.352537155151367,17.920000076293945,17.920000076293945,17.920000076293945,17.920000076293945,2031.0
1998-09-18 00:00:00,11.808664321899414,18.639999389648438,19.200000762939453,18.639999389648438,19.200000762939453,14844.0
1998-09-21 00:00:00,11.96070671081543,18.8799991607666,18.8799991607666,17.440000534057617,18.520000457763672,2344.0
1998-09-22 00:00:00,11.783326148986816,18.600000381469727,18.739999771118164,18.600000381469727,18.600000381469727,4375.0
1998-09-23 00:00:00,11.453898429870605,18.079999923706055,18.479999542236328,17.760000228881836,18.479999542236328,2969.0
1998-09-24 00:00:00,11.529921531677246,18.200000762939453,18.200000762939453,18.200000762939453,18.200000762939453,469.0
1998-09-25 00:00:00,11.757987976074219,18.559999465942383,18.559999465942383,17.440000534057617,17.440000534057617,781.0
1998-09-28 00:00:00,11.757987976074219,18.559999465942383,18.559999465942383,18.239999771118164,18.239999771118164,5625.0
1998-09-29 00:00:00,11.910027503967285,18.799999237060547,20.079999923706055,18.799999237060547,19.040000915527344,13750.0
1998-09-30 00:00:00,11.808664321899414,18.639999389648438,19.200000762939453,18.639999389648438,19.200000762939453,6406.0
1998-10-01 00:00:00,11.656620979309082,18.399999618530273,18.399999618530273,18.360000610351562,18.360000610351562,2969.0
1998-10-02 00:00:00,11.656620979309082,18.399999618530273,18.559999465942383,18.399999618530273,18.399999618530273,1094.0
1998-10-05 00:00:00,11.707304000854492,18.479999542236328,18.479999542236328,18.479999542236328,18.479999542236328,625.0
1998-10-06 00:00:00,11.96070671081543,18.8799991607666,18.8799991607666,18.239999771118164,18.8799991607666,1094.0
1998-10-07 00:00:00,11.504575729370117,18.15999984741211,18.239999771118164,18.15999984741211,18.239999771118164,1875.0
1998-10-08 00:00:00,10.947083473205566,17.280000686645508,17.920000076293945,17.280000686645508,17.920000076293945,1875.0
1998-10-09 00:00:00,10.896408081054688,17.200000762939453,17.200000762939453,16.959999084472656,16.959999084472656,625.0
1998-10-12 00:00:00,10.896408081054688,17.200000762939453,17.200000762939453,17.200000762939453,17.200000762939453,0.0
1998-10-13 00:00:00,10.440278053283691,16.479999542236328,16.959999084472656,16.0,16.959999084472656,2031.0
1998-10-14 00:00:00,10.541643142700195,16.639999389648438,16.639999389648438,15.4399995803833,16.0,10625.0
1998-10-15 00:00:00,10.541643142700195,16.639999389648438,17.040000915527344,16.639999389648438,17.040000915527344,1094.0
1998-10-16 00:00:00,11.453898429870605,18.079999923706055,18.079999923706055,15.520000457763672,18.079999923706055,1562.0
1998-10-19 00:00:00,11.453898429870605,18.079999923706055,18.079999923706055,18.079999923706055,18.079999923706055,0.0
1998-10-20 00:00:00,10.997771263122559,17.360000610351562,17.360000610351562,17.360000610351562,17.360000610351562,156.0
1998-10-21 00:00:00,10.947083473205566,17.280000686645508,17.280000686645508,17.280000686645508,17.280000686645508,1250.0
1998-10-22 00:00:00,11.04844856262207,17.440000534057617,17.440000534057617,17.280000686645508,17.280000686645508,1250.0
1998-10-23 00:00:00,10.947083473205566,17.280000686645508,17.760000228881836,17.280000686645508,17.280000686645508,4219.0
1998-10-26 00:00:00,11.390546798706055,17.979999542236328,17.979999542236328,17.979999542236328,17.979999542236328,156.0
1998-10-27 00:00:00,10.541643142700195,16.639999389648438,18.079999923706055,16.639999389648438,18.079999923706055,937.0
1998-10-28 00:00:00,11.25117015838623,17.760000228881836,17.899999618530273,17.719999313354492,17.8799991607666,2500.0
1998-10-29 00:00:00,11.555259704589844,18.239999771118164,18.239999771118164,17.1200008392334,17.360000610351562,5625.0
1998-10-30 00:00:00,11.757987976074219,18.559999465942383,18.559999465942383,18.559999465942383,18.559999465942383,312.0
1998-11-02 00:00:00,11.757987976074219,18.559999465942383,18.959999084472656,18.559999465942383,18.959999084472656,937.0
1998-11-03 00:00:00,11.757987976074219,18.559999465942383,18.559999465942383,17.920000076293945,17.920000076293945,1719.0
1998-11-04 00:00:00,11.504575729370117,18.15999984741211,18.15999984741211,18.15999984741211,18.15999984741211,1562.0
1998-11-05 00:00:00,11.757987976074219,18.559999465942383,18.559999465942383,18.559999465942383,18.559999465942383,156.0
1998-11-06 00:00:00,11.149818420410156,17.600000381469727,17.600000381469727,17.600000381469727,17.600000381469727,312.0
1998-11-09 00:00:00,11.910027503967285,18.799999237060547,18.8799991607666,18.799999237060547,18.799999237060547,1094.0
1998-11-10 00:00:00,12.112751007080078,19.1200008392334,19.1200008392334,17.920000076293945,17.920000076293945,1562.0
1998-11-11 00:00:00,11.479240417480469,18.1200008392334,18.1200008392334,18.1200008392334,18.1200008392334,1094.0
1998-11-12 00:00:00,12.568878173828125,19.84000015258789,19.84000015258789,19.040000915527344,19.040000915527344,8125.0
1998-11-13 00:00:00,11.757987976074219,18.559999465942383,18.559999465942383,18.559999465942383,18.559999465942383,1250.0
1998-11-16 00:00:00,11.757987976074219,18.559999465942383,19.18000030517578,18.559999465942383,18.559999465942383,2031.0
1998-11-17 00:00:00,11.757987976074219,18.559999465942383,18.559999465942383,18.559999465942383,18.559999465942383,781.0
1998-11-18 00:00:00,11.783326148986816,18.600000381469727,18.8799991607666,18.559999465942383,18.559999465942383,2344.0
1998-11-19 00:00:00,11.555259704589844,18.239999771118164,18.239999771118164,18.239999771118164,18.239999771118164,156.0
1998-11-20 00:00:00,11.605939865112305,18.31999969482422,18.31999969482422,18.239999771118164,18.239999771118164,781.0
1998-11-23 00:00:00,11.403219223022461,18.0,19.200000762939453,18.0,19.200000762939453,5000.0
1998-11-24 00:00:00,11.352537155151367,17.920000076293945,17.920000076293945,17.920000076293945,17.920000076293945,469.0
1998-11-25 00:00:00,11.859345436096191,18.719999313354492,18.719999313354492,18.719999313354492,18.719999313354492,312.0
1998-11-27 00:00:00,11.453898429870605,18.079999923706055,18.079999923706055,18.079999923706055,18.079999923706055,781.0
1998-11-30 00:00:00,11.859345436096191,18.719999313354492,18.719999313354492,17.760000228881836,17.760000228881836,469.0
1998-12-01 00:00:00,12.112751007080078,19.1200008392334,19.1200008392334,19.1200008392334,19.1200008392334,156.0
1998-12-02 00:00:00,11.149818420410156,17.600000381469727,18.239999771118164,17.600000381469727,17.600000381469727,1406.0
1998-12-03 00:00:00,11.149818420410156,17.600000381469727,18.239999771118164,17.600000381469727,18.239999771118164,781.0
1998-12-04 00:00:00,11.149818420410156,17.600000381469727,17.600000381469727,17.600000381469727,17.600000381469727,0.0
1998-12-07 00:00:00,11.30185604095459,17.84000015258789,17.84000015258789,17.600000381469727,17.600000381469727,2969.0
1998-12-08 00:00:00,11.099132537841797,17.520000457763672,17.520000457763672,17.440000534057617,17.520000457763672,5000.0
1998-12-09 00:00:00,11.225828170776367,17.719999313354492,17.760000228881836,17.360000610351562,17.440000534057617,4687.0
1998-12-10 00:00:00,11.27060604095459,17.719999313354492,17.719999313354492,17.719999313354492,17.719999313354492,0.0
1998-12-11 00:00:00,11.29604721069336,17.760000228881836,17.760000228881836,17.360000610351562,17.360000610351562,312.0
1998-12-14 00:00:00,10.990748405456543,17.280000686645508,17.360000610351562,17.280000686645508,17.360000610351562,2812.0
1998-12-15 00:00:00,10.990748405456543,17.280000686645508,17.600000381469727,17.1200008392334,17.600000381469727,8125.0
1998-12-16 00:00:00,10.68545150756836,16.799999237060547,16.799999237060547,16.799999237060547,16.799999237060547,156.0
1998-12-17 00:00:00,11.29604721069336,17.760000228881836,17.760000228881836,17.520000457763672,17.520000457763672,1250.0
1998-12-18 00:00:00,11.194292068481445,17.600000381469727,18.239999771118164,17.600000381469727,18.079999923706055,6406.0
1998-12-21 00:00:00,10.990748405456543,17.280000686645508,17.360000610351562,17.280000686645508,17.360000610351562,2812.0
1998-12-22 00:00:00,11.29604721069336,17.760000228881836,17.760000228881836,17.280000686645508,17.280000686645508,3281.0
1998-12-23 00:00:00,10.68545150756836,16.799999237060547,17.280000686645508,16.799999237060547,17.280000686645508,3125.0
1998-12-24 00:00:00,10.888992309570312,17.1200008392334,17.1200008392334,17.1200008392334,17.1200008392334,156.0
1998-12-28 00:00:00,10.68545150756836,16.799999237060547,16.799999237060547,16.799999237060547,16.799999237060547,1562.0
1998-12-29 00:00:00,10.787221908569336,16.959999084472656,17.1200008392334,16.8799991607666,16.8799991607666,2969.0
1998-12-30 00:00:00,11.194292068481445,17.600000381469727,17.600000381469727,17.200000762939453,17.200000762939453,1250.0
1998-12-31 00:00:00,11.24516773223877,17.68000030517578,17.84000015258789,17.600000381469727,17.760000228881836,8281.0
1999-01-04 00:00:00,11.24516773223877,17.68000030517578,17.68000030517578,17.68000030517578,17.68000030517578,0.0
1999-01-05 00:00:00,10.90170669555664,17.139999389648438,17.68000030517578,17.139999389648438,17.68000030517578,4531.0
1999-01-06 00:00:00,11.194292068481445,17.600000381469727,17.600000381469727,17.600000381469727,17.600000381469727,156.0
1999-01-07 00:00:00,11.194292068481445,17.600000381469727,17.600000381469727,17.600000381469727,17.600000381469727,1250.0
1999-01-08 00:00:00,10.609126091003418,16.68000030517578,17.280000686645508,16.68000030517578,17.280000686645508,2500.0
1999-01-11 00:00:00,11.092517852783203,17.440000534057617,17.440000534057617,16.68000030517578,16.68000030517578,312.0
1999-01-12 00:00:00,11.092517852783203,17.440000534057617,17.440000534057617,17.440000534057617,17.440000534057617,0.0
1999-01-13 00:00:00,11.092517852783203,17.440000534057617,17.440000534057617,17.440000534057617,17.440000534057617,0.0
1999-01-14 00:00:00,10.990748405456543,17.280000686645508,17.280000686645508,17.280000686645508,17.280000686645508,469.0
1999-01-15 00:00:00,10.507359504699707,16.520000457763672,16.68000030517578,16.0,16.68000030517578,7500.0
1999-01-19 00:00:00,10.532804489135742,16.559999465942383,16.559999465942383,14.84000015258789,16.0,13906.0
1999-01-20 00:00:00,10.532804489135742,16.559999465942383,16.559999465942383,15.359999656677246,15.359999656677246,625.0
1999-01-21 00:00:00,10.176626205444336,16.0,16.040000915527344,16.0,16.0,1875.0
1999-01-22 00:00:00,10.532804489135742,16.559999465942383,16.559999465942383,14.84000015258789,16.559999465942383,6562.0
1999-01-25 00:00:00,10.532804489135742,16.559999465942383,16.559999465942383,16.559999465942383,16.559999465942383,469.0
1999-01-26 00:00:00,10.176626205444336,16.0,16.559999465942383,16.0,16.15999984741211,5156.0
1999-01-27 00:00:00,10.532804489135742,16.559999465942383,16.559999465942383,16.559999465942383,16.559999465942383,3437.0
1999-01-28 00:00:00,10.583690643310547,16.639999389648438,16.639999389648438,16.0,16.0,781.0
1999-01-29 00:00:00,10.583690643310547,16.639999389648438,16.639999389648438,16.639999389648438,16.639999389648438,0.0
1999-02-01 00:00:00,10.532804489135742,16.559999465942383,16.639999389648438,16.559999465942383,16.639999389648438,1250.0
1999-02-02 00:00:00,9.566020965576172,15.039999961853027,16.0,15.039999961853027,16.0,1406.0
1999-02-03 00:00:00,9.973092079162598,15.680000305175781,16.639999389648438,15.680000305175781,16.639999389648438,2969.0
1999-02-04 00:00:00,10.125739097595215,15.920000076293945,16.639999389648438,15.920000076293945,16.639999389648438,1406.0
1999-02-05 00:00:00,10.431039810180664,16.399999618530273,16.399999618530273,15.4399995803833,16.399999618530273,1250.0
1999-02-08 00:00:00,9.108077049255371,14.319999694824219,15.479999542236328,14.319999694824219,15.4399995803833,14687.0
1999-02-09 00:00:00,9.30525016784668,14.630000114440918,15.039999961853027,14.399999618530273,14.640000343322754,15937.0
1999-02-10 00:00:00,9.30525016784668,14.630000114440918,14.630000114440918,14.630000114440918,14.630000114440918,0.0
1999-02-11 00:00:00,9.71867561340332,15.279999732971191,15.279999732971191,14.079999923706055,15.239999771118164,12500.0
1999-02-12 00:00:00,9.71867561340332,15.279999732971191,15.279999732971191,14.699999809265137,15.279999732971191,12187.0
1999-02-16 00:00:00,9.15896224975586,14.399999618530273,15.600000381469727,14.079999923706055,15.279999732971191,32969.0
1999-02-17 00:00:00,9.871325492858887,15.520000457763672,15.520000457763672,14.399999618530273,14.720000267028809,27812.0
1999-02-18 00:00:00,9.566020965576172,15.039999961853027,15.680000305175781,14.720000267028809,15.680000305175781,6406.0
1999-02-19 00:00:00,9.973092079162598,15.680000305175781,15.680000305175781,15.680000305175781,15.680000305175781,312.0
1999-02-22 00:00:00,9.922209739685059,15.600000381469727,15.680000305175781,15.359999656677246,15.680000305175781,4219.0
1999-02-23 00:00:00,9.4833402633667,14.90999984741211,15.680000305175781,14.479999542236328,15.039999961853027,14219.0
1999-02-24 00:00:00,9.4833402633667,14.90999984741211,14.90999984741211,14.90999984741211,14.90999984741211,0.0
1999-02-25 00:00:00,9.566020965576172,15.039999961853027,15.199999809265137,14.479999542236328,14.479999542236328,2969.0
1999-02-26 00:00:00,9.489700317382812,14.920000076293945,15.039999961853027,14.920000076293945,15.039999961853027,469.0
1999-03-01 00:00:00,9.362492561340332,14.720000267028809,15.039999961853027,14.720000267028809,15.039999961853027,2344.0
1999-03-02 00:00:00,9.566020965576172,15.039999961853027,15.039999961853027,15.039999961853027,15.039999961853027,3125.0
1999-03-03 00:00:00,9.286168098449707,14.600000381469727,14.720000267028809,14.5600004196167,14.5600004196167,2187.0
1999-03-04 00:00:00,9.794998168945312,15.399999618530273,15.520000457763672,14.5600004196167,15.039999961853027,12969.0
1999-03-05 00:00:00,10.049416542053223,15.800000190734863,15.84000015258789,15.359999656677246,15.359999656677246,10625.0
1999-03-08 00:00:00,10.15118408203125,15.960000038146973,15.960000038146973,15.520000457763672,15.520000457763672,1719.0
1999-03-09 00:00:00,10.074857711791992,15.84000015258789,15.920000076293945,15.84000015258789,15.920000076293945,4219.0
1999-03-10 00:00:00,10.431039810180664,16.399999618530273,16.399999618530273,16.399999618530273,16.399999618530273,156.0
1999-03-11 00:00:00,9.811676025390625,15.359999656677246,15.359999656677246,15.359999656677246,15.359999656677246,1094.0
1999-03-12 00:00:00,9.811676025390625,15.359999656677246,15.359999656677246,15.359999656677246,15.359999656677246,2812.0
1999-03-15 00:00:00,9.658370971679688,15.119999885559082,15.359999656677246,15.119999885559082,15.359999656677246,1719.0
1999-03-16 00:00:00,9.9138822555542,15.520000457763672,15.520000457763672,15.039999961853027,15.119999885559082,2031.0
1999-03-17 00:00:00,9.60726261138916,15.039999961853027,15.039999961853027,15.039999961853027,15.039999961853027,1562.0
1999-03-18 00:00:00,9.811676025390625,15.359999656677246,15.359999656677246,15.199999809265137,15.199999809265137,1562.0
1999-03-19 00:00:00,9.402856826782227,14.720000267028809,15.039999961853027,14.720000267028809,15.039999961853027,5156.0
1999-03-22 00:00:00,9.249549865722656,14.479999542236328,14.640000343322754,14.479999542236328,14.640000343322754,1875.0
1999-03-23 00:00:00,9.453956604003906,14.800000190734863,14.800000190734863,14.720000267028809,14.720000267028809,781.0
1999-03-24 00:00:00,9.402856826782227,14.720000267028809,14.720000267028809,14.720000267028809,14.720000267028809,781.0
1999-03-25 00:00:00,9.198447227478027,14.399999618530273,14.720000267028809,14.399999618530273,14.720000267028809,937.0
1999-03-26 00:00:00,9.198447227478027,14.399999618530273,14.399999618530273,14.399999618530273,14.399999618530273,0.0
1999-03-29 00:00:00,9.479512214660645,14.84000015258789,15.199999809265137,14.84000015258789,15.199999809265137,3437.0
1999-03-30 00:00:00,9.55616283416748,14.960000038146973,15.199999809265137,14.479999542236328,14.84000015258789,5937.0
1999-03-31 00:00:00,9.530611991882324,14.920000076293945,15.119999885559082,14.720000267028809,15.039999961853027,5000.0
1999-04-01 00:00:00,9.658370971679688,15.119999885559082,15.119999885559082,14.720000267028809,14.720000267028809,5156.0
1999-04-05 00:00:00,9.249549865722656,14.479999542236328,14.479999542236328,14.479999542236328,14.479999542236328,2656.0
1999-04-06 00:00:00,9.60726261138916,15.039999961853027,15.359999656677246,15.039999961853027,15.039999961853027,4844.0
1999-04-07 00:00:00,9.198447227478027,14.399999618530273,15.15999984741211,14.399999618530273,15.039999961853027,2656.0
1999-04-08 00:00:00,9.198447227478027,14.399999618530273,14.960000038146973,14.399999618530273,14.640000343322754,4062.0
1999-04-09 00:00:00,9.223998069763184,14.4399995803833,14.4399995803833,14.399999618530273,14.399999618530273,1562.0
1999-04-12 00:00:00,9.198447227478027,14.399999618530273,14.399999618530273,14.399999618530273,14.399999618530273,156.0
1999-04-13 00:00:00,9.5050630569458,14.880000114440918,14.880000114440918,14.640000343322754,14.640000343322754,469.0
1999-04-14 00:00:00,9.683919906616211,15.15999984741211,15.15999984741211,15.119999885559082,15.15999984741211,4687.0
1999-04-15 00:00:00,9.5050630569458,14.880000114440918,15.119999885559082,14.880000114440918,15.119999885559082,2500.0
1999-04-16 00:00:00,9.658370971679688,15.119999885559082,15.119999885559082,14.720000267028809,15.0,3125.0
1999-04-19 00:00:00,9.658370971679688,15.119999885559082,15.199999809265137,14.720000267028809,15.119999885559082,6406.0
1999-04-20 00:00:00,9.5050630569458,14.880000114440918,15.199999809265137,14.880000114440918,15.199999809265137,2187.0
1999-04-21 00:00:00,9.60726261138916,15.039999961853027,15.039999961853027,15.039999961853027,15.039999961853027,312.0
1999-04-22 00:00:00,9.683919906616211,15.15999984741211,15.15999984741211,14.399999618530273,15.039999961853027,7969.0
1999-04-23 00:00:00,9.453956604003906,14.800000190734863,15.199999809265137,14.800000190734863,15.199999809265137,1094.0
1999-04-26 00:00:00,9.658370971679688,15.119999885559082,15.119999885559082,15.119999885559082,15.119999885559082,312.0
1999-04-27 00:00:00,9.709473609924316,15.199999809265137,15.199999809265137,14.720000267028809,15.079999923706055,2969.0
1999-04-28 00:00:00,9.811676025390625,15.359999656677246,15.359999656677246,15.359999656677246,15.359999656677246,937.0
1999-04-29 00:00:00,9.198447227478027,14.399999618530273,14.760000228881836,14.319999694824219,14.760000228881836,5000.0
1999-04-30 00:00:00,9.198447227478027,14.399999618530273,14.399999618530273,14.399999618530273,14.399999618530273,0.0
1999-05-03 00:00:00,9.60726261138916,15.039999961853027,15.039999961853027,15.039999961853027,15.039999961853027,312.0
1999-05-04 00:00:00,9.300657272338867,14.5600004196167,15.119999885559082,14.5600004196167,15.119999885559082,1562.0
1999-05-05 00:00:00,9.402856826782227,14.720000267028809,14.720000267028809,14.720000267028809,14.720000267028809,312.0
1999-05-06 00:00:00,9.453956604003906,14.800000190734863,14.800000190734863,14.800000190734863,14.800000190734863,156.0
1999-05-07 00:00:00,9.453956604003906,14.800000190734863,15.359999656677246,14.800000190734863,14.800000190734863,469.0
1999-05-10 00:00:00,9.453956604003906,14.800000190734863,14.800000190734863,14.800000190734863,14.800000190734863,0.0
1999-05-11 00:00:00,9.811676025390625,15.359999656677246,15.359999656677246,14.720000267028809,15.359999656677246,7500.0
1999-05-12 00:00:00,9.300657272338867,14.5600004196167,15.039999961853027,14.5600004196167,14.720000267028809,8125.0
1999-05-13 00:00:00,9.402856826782227,14.720000267028809,15.359999656677246,14.319999694824219,15.359999656677246,2656.0
1999-05-14 00:00:00,9.811676025390625,15.359999656677246,15.359999656677246,14.319999694824219,14.720000267028809,1719.0
1999-05-17 00:00:00,9.198447227478027,14.399999618530273,15.319999694824219,14.399999618530273,15.319999694824219,469.0
1999-05-18 00:00:00,9.811676025390625,15.359999656677246,15.359999656677246,15.359999656677246,15.359999656677246,4062.0
1999-05-19 00:00:00,9.300657272338867,14.5600004196167,14.640000343322754,13.760000228881836,14.640000343322754,20156.0
1999-05-20 00:00:00,9.300657272338867,14.5600004196167,14.5600004196167,14.5600004196167,14.5600004196167,312.0
1999-05-21 00:00:00,9.300657272338867,14.5600004196167,14.5600004196167,14.5600004196167,14.5600004196167,0.0
1999-05-24 00:00:00,9.147343635559082,14.319999694824219,14.319999694824219,14.319999694824219,14.319999694824219,937.0
1999-05-25 00:00:00,9.147343635559082,14.319999694824219,14.319999694824219,14.319999694824219,14.319999694824219,625.0
1999-05-26 00:00:00,8.840729713439941,13.84000015258789,14.15999984741211,13.760000228881836,14.15999984741211,102656.0
1999-05-27 00:00:00,9.09624195098877,14.239999771118164,14.239999771118164,14.239999771118164,14.239999771118164,1250.0
1999-05-28 00:00:00,9.5050630569458,14.880000114440918,14.880000114440918,14.479999542236328,14.479999542236328,5156.0
1999-06-01 00:00:00,8.91738224029541,13.960000038146973,14.720000267028809,13.960000038146973,14.720000267028809,4531.0
1999-06-02 00:00:00,8.994038581848145,14.079999923706055,14.65999984741211,14.0,14.65999984741211,1406.0
1999-06-03 00:00:00,8.994038581848145,14.079999923706055,14.079999923706055,13.960000038146973,14.079999923706055,2344.0
1999-06-04 00:00:00,8.91738224029541,13.960000038146973,14.079999923706055,13.960000038146973,13.960000038146973,469.0
1999-06-07 00:00:00,8.994038581848145,14.079999923706055,14.079999923706055,14.079999923706055,14.079999923706055,625.0
1999-06-08 00:00:00,8.636317253112793,13.520000457763672,13.960000038146973,13.520000457763672,13.960000038146973,2344.0
1999-06-09 00:00:00,8.329706192016602,13.039999961853027,13.760000228881836,13.0,13.520000457763672,8906.0
1999-06-10 00:00:00,8.379053115844727,13.039999961853027,13.039999961853027,12.979999542236328,13.039999961853027,2344.0
1999-06-11 00:00:00,8.379053115844727,13.039999961853027,13.119999885559082,12.960000038146973,12.960000038146973,4687.0
1999-06-14 00:00:00,8.353351593017578,13.0,13.680000305175781,13.0,13.039999961853027,4687.0
1999-06-15 00:00:00,8.995920181274414,14.0,14.0,13.680000305175781,13.680000305175781,5781.0
1999-06-16 00:00:00,8.995920181274414,14.0,14.0,13.600000381469727,14.0,1562.0
1999-06-17 00:00:00,8.995920181274414,14.0,14.0,14.0,14.0,0.0
1999-06-18 00:00:00,8.995920181274414,14.0,14.0,13.760000228881836,13.979999542236328,4531.0
1999-06-21 00:00:00,8.995920181274414,14.0,14.0,14.0,14.0,0.0
1999-06-22 00:00:00,9.15013313293457,14.239999771118164,14.239999771118164,13.920000076293945,14.0,6094.0
1999-06-23 00:00:00,8.841702461242676,13.760000228881836,13.760000228881836,13.760000228881836,13.760000228881836,7344.0
1999-06-24 00:00:00,9.25294303894043,14.399999618530273,14.5600004196167,13.760000228881836,13.760000228881836,10937.0
1999-06-25 00:00:00,9.869806289672852,15.359999656677246,15.359999656677246,14.5600004196167,14.5600004196167,9687.0
1999-06-28 00:00:00,9.741291999816895,15.15999984741211,15.15999984741211,15.15999984741211,15.15999984741211,5937.0
1999-06-29 00:00:00,9.869806289672852,15.359999656677246,15.359999656677246,14.399999618530273,14.399999618530273,625.0
1999-06-30 00:00:00,10.281051635742188,16.0,16.0,14.880000114440918,15.359999656677246,14219.0
1999-07-01 00:00:00,11.077831268310547,17.239999771118164,17.239999771118164,15.960000038146973,15.960000038146973,28125.0
1999-07-02 00:00:00,11.05212688446045,17.200000762939453,17.600000381469727,16.200000762939453,16.200000762939453,10469.0
1999-07-06 00:00:00,10.94931697845459,17.040000915527344,17.520000457763672,16.959999084472656,17.520000457763672,9687.0
1999-07-07 00:00:00,10.94931697845459,17.040000915527344,19.200000762939453,16.959999084472656,17.31999969482422,31719.0
1999-07-08 00:00:00,10.94931697845459,17.040000915527344,17.040000915527344,16.799999237060547,16.799999237060547,1719.0
1999-07-09 00:00:00,10.538077354431152,16.399999618530273,16.68000030517578,16.360000610351562,16.68000030517578,6875.0
1999-07-12 00:00:00,10.281051635742188,16.0,16.8799991607666,15.880000114440918,15.920000076293945,16406.0
1999-07-13 00:00:00,10.178239822387695,15.84000015258789,16.0,15.84000015258789,16.0,781.0
1999-07-14 00:00:00,10.281051635742188,16.0,16.0,15.84000015258789,15.84000015258789,1875.0
1999-07-15 00:00:00,10.281051635742188,16.0,16.0,15.84000015258789,15.84000015258789,1875.0
1999-07-16 00:00:00,10.178239822387695,15.84000015258789,15.84000015258789,15.84000015258789,15.84000015258789,312.0
1999-07-19 00:00:00,10.178239822387695,15.84000015258789,16.079999923706055,15.84000015258789,16.079999923706055,781.0
1999-07-20 00:00:00,9.998321533203125,15.5600004196167,16.0,15.199999809265137,15.84000015258789,11719.0
1999-07-21 00:00:00,9.79269790649414,15.239999771118164,15.760000228881836,15.239999771118164,15.760000228881836,3594.0
1999-07-22 00:00:00,9.844106674194336,15.319999694824219,15.640000343322754,15.319999694824219,15.319999694824219,4531.0
1999-07-23 00:00:00,9.972616195678711,15.520000457763672,15.520000457763672,15.039999961853027,15.279999732971191,2344.0
1999-07-26 00:00:00,9.407160758972168,14.640000343322754,15.039999961853027,14.640000343322754,15.039999961853027,5625.0
1999-07-27 00:00:00,9.25294303894043,14.399999618530273,15.039999961853027,14.399999618530273,15.039999961853027,781.0
1999-07-28 00:00:00,9.869806289672852,15.359999656677246,15.359999656677246,15.359999656677246,15.359999656677246,312.0
1999-07-29 00:00:00,10.25534725189209,15.960000038146973,15.979999542236328,14.079999923706055,14.079999923706055,3281.0
1999-07-30 00:00:00,9.073022842407227,14.119999885559082,14.119999885559082,14.119999885559082,14.119999885559082,781.0
1999-08-02 00:00:00,10.07542610168457,15.680000305175781,15.680000305175781,14.399999618530273,14.399999618530273,6719.0
1999-08-03 00:00:00,10.07542610168457,15.680000305175781,15.680000305175781,15.680000305175781,15.680000305175781,0.0
1999-08-04 00:00:00,9.407160758972168,14.640000343322754,14.640000343322754,14.399999618530273,14.399999618530273,1719.0
1999-08-05 00:00:00,9.664178848266602,15.039999961853027,15.039999961853027,15.039999961853027,15.039999961853027,156.0
1999-08-06 00:00:00,9.073022842407227,14.119999885559082,14.119999885559082,14.119999885559082,14.119999885559082,2344.0
1999-08-09 00:00:00,10.07542610168457,15.680000305175781,16.0,15.520000457763672,15.680000305175781,10000.0
1999-08-10 00:00:00,9.664178848266602,15.039999961853027,15.680000305175781,14.720000267028809,14.720000267028809,1250.0
1999-08-11 00:00:00,10.07542610168457,15.680000305175781,15.680000305175781,15.039999961853027,15.039999961853027,1094.0
1999-08-12 00:00:00,10.07542610168457,15.680000305175781,15.680000305175781,15.680000305175781,15.680000305175781,0.0
1999-08-13 00:00:00,10.07542610168457,15.680000305175781,16.0,15.680000305175781,15.680000305175781,1719.0
1999-08-16 00:00:00,10.07542610168457,15.680000305175781,15.680000305175781,15.680000305175781,15.680000305175781,0.0
1999-08-17 00:00:00,9.664178848266602,15.039999961853027,15.359999656677246,15.039999961853027,15.359999656677246,1719.0
1999-08-18 00:00:00,9.664178848266602,15.039999961853027,15.039999961853027,15.039999961853027,15.039999961853027,0.0
1999-08-19 00:00:00,10.178239822387695,15.84000015258789,15.84000015258789,15.84000015258789,15.84000015258789,312.0
1999-08-20 00:00:00,9.458562850952148,14.720000267028809,14.720000267028809,14.720000267028809,14.720000267028809,312.0
1999-08-23 00:00:00,9.458562850952148,14.720000267028809,14.720000267028809,14.720000267028809,14.720000267028809,0.0
1999-08-24 00:00:00,9.458562850952148,14.720000267028809,14.720000267028809,14.720000267028809,14.720000267028809,0.0
1999-08-25 00:00:00,9.458562850952148,14.720000267028809,15.720000267028809,14.720000267028809,15.680000305175781,4531.0
1999-08-26 00:00:00,9.458562850952148,14.720000267028809,14.720000267028809,14.720000267028809,14.720000267028809,0.0
1999-08-27 00:00:00,9.869806289672852,15.359999656677246,15.680000305175781,14.640000343322754,15.15999984741211,1406.0
1999-08-30 00:00:00,9.869806289672852,15.359999656677246,15.359999656677246,14.399999618530273,14.399999618530273,937.0
1999-08-31 00:00:00,9.25294303894043,14.399999618530273,15.039999961853027,14.399999618530273,15.0,3281.0
1999-09-01 00:00:00,9.458562850952148,14.720000267028809,14.720000267028809,14.720000267028809,14.720000267028809,469.0
1999-09-02 00:00:00,9.458562850952148,14.720000267028809,14.720000267028809,14.720000267028809,14.720000267028809,0.0
1999-09-03 00:00:00,9.869806289672852,15.359999656677246,15.359999656677246,15.359999656677246,15.359999656677246,156.0
1999-09-07 00:00:00,9.25294303894043,14.399999618530273,14.399999618530273,14.399999618530273,14.399999618530273,625.0
1999-09-08 00:00:00,9.25294303894043,14.399999618530273,14.399999618530273,14.399999618530273,14.399999618530273,1094.0
1999-09-09 00:00:00,9.121671676635742,14.119999885559082,14.5600004196167,14.079999923706055,14.5600004196167,4062.0
1999-09-10 00:00:00,9.121671676635742,14.119999885559082,14.119999885559082,14.119999885559082,14.119999885559082,0.0
1999-09-13 00:00:00,9.069993019104004,14.039999961853027,14.039999961853027,14.0,14.039999961853027,3125.0
1999-09-14 00:00:00,8.940790176391602,13.84000015258789,13.880000114440918,13.84000015258789,13.880000114440918,4687.0
1999-09-15 00:00:00,8.940790176391602,13.84000015258789,14.239999771118164,13.84000015258789,14.239999771118164,1875.0
1999-09-16 00:00:00,8.785747528076172,13.600000381469727,13.84000015258789,13.600000381469727,13.800000190734863,3906.0
1999-09-17 00:00:00,8.992469787597656,13.920000076293945,14.079999923706055,13.920000076293945,13.920000076293945,1719.0
1999-09-20 00:00:00,9.302556037902832,14.399999618530273,14.399999618530273,13.4399995803833,13.4399995803833,781.0
1999-09-21 00:00:00,9.302556037902832,14.399999618530273,14.399999618530273,14.399999618530273,14.399999618530273,0.0
1999-09-22 00:00:00,9.302556037902832,14.399999618530273,14.399999618530273,14.399999618530273,14.399999618530273,0.0
1999-09-23 00:00:00,9.302556037902832,14.399999618530273,14.399999618530273,13.920000076293945,13.920000076293945,1250.0
1999-09-24 00:00:00,9.302556037902832,14.399999618530273,15.199999809265137,14.399999618530273,14.399999618530273,6875.0
1999-09-27 00:00:00,9.922724723815918,15.359999656677246,15.359999656677246,14.720000267028809,14.880000114440918,2187.0
1999-09-28 00:00:00,9.896890640258789,15.319999694824219,15.319999694824219,14.720000267028809,15.039999961853027,7344.0
1999-09-29 00:00:00,10.129448890686035,15.680000305175781,15.680000305175781,14.880000114440918,14.880000114440918,16719.0
1999-09-30 00:00:00,9.405921936035156,14.5600004196167,15.520000457763672,14.399999618530273,15.359999656677246,59062.0
1999-10-01 00:00:00,10.026087760925293,15.520000457763672,15.520000457763672,14.5600004196167,14.5600004196167,10156.0
1999-10-04 00:00:00,10.026087760925293,15.520000457763672,15.520000457763672,15.520000457763672,15.520000457763672,5937.0
1999-10-05 00:00:00,10.026087760925293,15.520000457763672,15.520000457763672,14.5600004196167,14.5600004196167,7031.0
1999-10-06 00:00:00,10.026087760925293,15.520000457763672,15.520000457763672,15.520000457763672,15.520000457763672,3906.0
1999-10-07 00:00:00,10.232813835144043,15.84000015258789,15.84000015258789,15.520000457763672,15.520000457763672,20937.0
1999-10-08 00:00:00,9.767682075500488,15.119999885559082,15.119999885559082,15.039999961853027,15.039999961853027,1719.0
1999-10-11 00:00:00,9.535122871398926,14.760000228881836,14.960000038146973,14.720000267028809,14.960000038146973,5156.0
1999-10-12 00:00:00,9.457597732543945,14.640000343322754,14.640000343322754,14.399999618530273,14.640000343322754,312.0
1999-10-13 00:00:00,9.715996742248535,15.039999961853027,15.039999961853027,14.640000343322754,14.880000114440918,5781.0
1999-10-14 00:00:00,9.59972095489502,14.859999656677246,14.859999656677246,14.399999618530273,14.680000305175781,4687.0
1999-10-15 00:00:00,9.690160751342773,15.0,15.039999961853027,14.5600004196167,14.5600004196167,35000.0
1999-10-18 00:00:00,9.50928020477295,14.720000267028809,14.720000267028809,14.399999618530273,14.399999618530273,1094.0
1999-10-19 00:00:00,9.250874519348145,14.319999694824219,14.720000267028809,14.319999694824219,14.720000267028809,2969.0
1999-10-20 00:00:00,9.19919490814209,14.239999771118164,14.319999694824219,14.239999771118164,14.319999694824219,2969.0
1999-10-21 00:00:00,9.50928020477295,14.720000267028809,15.039999961853027,14.720000267028809,14.720000267028809,2656.0
1999-10-22 00:00:00,9.50928020477295,14.720000267028809,14.720000267028809,14.720000267028809,14.720000267028809,2344.0
1999-10-25 00:00:00,9.50928020477295,14.720000267028809,15.0600004196167,14.720000267028809,14.720000267028809,1250.0
1999-10-26 00:00:00,9.250874519348145,14.319999694824219,14.319999694824219,14.319999694824219,14.319999694824219,469.0
1999-10-27 00:00:00,9.664322853088379,14.960000038146973,15.600000381469727,14.960000038146973,15.600000381469727,2187.0
1999-10-28 00:00:00,9.664322853088379,14.960000038146973,14.960000038146973,14.960000038146973,14.960000038146973,156.0
1999-10-29 00:00:00,9.664322853088379,14.960000038146973,16.0,14.4399995803833,14.4399995803833,22031.0
1999-11-01 00:00:00,9.560959815979004,14.800000190734863,15.039999961853027,14.800000190734863,15.039999961853027,6562.0
1999-11-02 00:00:00,9.715996742248535,15.039999961853027,15.199999809265137,15.039999961853027,15.199999809265137,4375.0
1999-11-03 00:00:00,9.974407196044922,15.4399995803833,15.520000457763672,14.399999618530273,14.960000038146973,24062.0
1999-11-04 00:00:00,10.026087760925293,15.520000457763672,15.520000457763672,15.520000457763672,15.520000457763672,781.0
1999-11-05 00:00:00,9.922724723815918,15.359999656677246,15.359999656677246,14.720000267028809,14.880000114440918,6094.0
1999-11-08 00:00:00,9.922724723815918,15.359999656677246,15.359999656677246,15.279999732971191,15.279999732971191,2031.0
1999-11-09 00:00:00,9.819364547729492,15.199999809265137,15.199999809265137,15.039999961853027,15.039999961853027,8125.0
1999-11-10 00:00:00,9.50928020477295,14.720000267028809,15.520000457763672,14.4399995803833,15.520000457763672,22500.0
1999-11-11 00:00:00,9.819364547729492,15.199999809265137,15.199999809265137,14.4399995803833,14.720000267028809,3125.0
1999-11-12 00:00:00,9.74184799194336,15.079999923706055,15.079999923706055,14.479999542236328,15.039999961853027,4062.0
1999-11-15 00:00:00,9.715996742248535,15.039999961853027,15.119999885559082,15.039999961853027,15.119999885559082,2812.0
1999-11-16 00:00:00,9.715996742248535,15.039999961853027,15.039999961853027,14.399999618530273,15.0,2031.0
1999-11-17 00:00:00,9.405921936035156,14.5600004196167,14.720000267028809,14.479999542236328,14.720000267028809,937.0
1999-11-18 00:00:00,9.715996742248535,15.039999961853027,15.039999961853027,14.720000267028809,15.039999961853027,937.0
1999-11-19 00:00:00,9.715996742248535,15.039999961853027,15.039999961853027,15.039999961853027,15.039999961853027,2500.0
1999-11-22 00:00:00,9.715996742248535,15.039999961853027,15.039999961853027,15.039999961853027,15.039999961853027,0.0
1999-11-23 00:00:00,9.328394889831543,14.4399995803833,15.34000015258789,14.399999618530273,15.319999694824219,5312.0
1999-11-24 00:00:00,9.328394889831543,14.4399995803833,14.4399995803833,14.4399995803833,14.4399995803833,0.0
1999-11-26 00:00:00,9.50928020477295,14.720000267028809,14.720000267028809,14.720000267028809,14.720000267028809,1094.0
1999-11-29 00:00:00,9.50928020477295,14.720000267028809,14.720000267028809,14.720000267028809,14.720000267028809,2344.0
1999-11-30 00:00:00,9.715996742248535,15.039999961853027,15.039999961853027,14.239999771118164,14.239999771118164,2969.0
1999-12-01 00:00:00,9.819364547729492,15.199999809265137,15.279999732971191,14.550000190734863,14.550000190734863,8594.0
1999-12-02 00:00:00,9.796708106994629,15.079999923706055,15.079999923706055,15.079999923706055,15.079999923706055,0.0
1999-12-03 00:00:00,9.796708106994629,15.079999923706055,15.079999923706055,15.079999923706055,15.079999923706055,0.0
1999-12-06 00:00:00,9.510856628417969,14.640000343322754,14.640000343322754,14.5600004196167,14.640000343322754,2031.0
1999-12-07 00:00:00,9.56283187866211,14.720000267028809,14.720000267028809,14.239999771118164,14.239999771118164,781.0
1999-12-08 00:00:00,9.199026107788086,14.15999984741211,14.399999618530273,14.15999984741211,14.399999618530273,9219.0
1999-12-09 00:00:00,9.458892822265625,14.5600004196167,14.5600004196167,14.079999923706055,14.079999923706055,2969.0
1999-12-10 00:00:00,9.458892822265625,14.5600004196167,14.5600004196167,14.479999542236328,14.5600004196167,1562.0
1999-12-13 00:00:00,9.458892822265625,14.5600004196167,14.5600004196167,14.079999923706055,14.5600004196167,2500.0
1999-12-14 00:00:00,9.302971839904785,14.319999694824219,14.5600004196167,14.039999961853027,14.5600004196167,8281.0
1999-12-15 00:00:00,9.432900428771973,14.520000457763672,14.5600004196167,14.399999618530273,14.399999618530273,1719.0
1999-12-16 00:00:00,9.56283187866211,14.720000267028809,14.720000267028809,14.079999923706055,14.5600004196167,5781.0
1999-12-17 00:00:00,9.354944229125977,14.399999618530273,14.720000267028809,14.399999618530273,14.680000305175781,8281.0
1999-12-20 00:00:00,9.56283187866211,14.720000267028809,14.720000267028809,14.239999771118164,14.239999771118164,29531.0
1999-12-21 00:00:00,9.380929946899414,14.4399995803833,14.4399995803833,14.239999771118164,14.399999618530273,781.0
1999-12-22 00:00:00,9.276987075805664,14.279999732971191,14.460000038146973,14.279999732971191,14.460000038146973,781.0
1999-12-23 00:00:00,8.679308891296387,13.359999656677246,14.479999542236328,13.319999694824219,14.479999542236328,19531.0
1999-12-27 00:00:00,9.147058486938477,14.079999923706055,14.15999984741211,13.279999732971191,13.319999694824219,7656.0
1999-12-28 00:00:00,8.393462181091309,12.920000076293945,14.079999923706055,12.920000076293945,14.079999923706055,8125.0
1999-12-29 00:00:00,9.770711898803711,15.039999961853027,15.039999961853027,13.4399995803833,13.4399995803833,80937.0
1999-12-30 00:00:00,9.043111801147461,13.920000076293945,15.199999809265137,13.920000076293945,15.199999809265137,4062.0
1999-12-31 00:00:00,8.939170837402344,13.760000228881836,13.760000228881836,13.760000228881836,13.760000228881836,625.0
2000-01-03 00:00:00,8.783251762390137,13.520000457763672,14.720000267028809,13.359999656677246,14.720000267028809,16562.0
2000-01-04 00:00:00,8.80923843383789,13.5600004196167,13.720000267028809,13.5600004196167,13.600000381469727,14375.0
2000-01-05 00:00:00,9.017129898071289,13.880000114440918,14.079999923706055,13.880000114440918,13.920000076293945,3750.0
2000-01-06 00:00:00,9.017129898071289,13.880000114440918,13.880000114440918,13.279999732971191,13.640000343322754,3437.0
2000-01-07 00:00:00,9.354944229125977,14.399999618530273,14.399999618530273,13.880000114440918,13.880000114440918,5937.0
2000-01-10 00:00:00,8.393462181091309,12.920000076293945,14.399999618530273,12.880000114440918,14.399999618530273,7031.0
2000-01-11 00:00:00,8.731279373168945,13.4399995803833,14.079999923706055,13.119999885559082,14.079999923706055,3906.0
2000-01-12 00:00:00,8.731279373168945,13.4399995803833,13.920000076293945,13.4399995803833,13.520000457763672,7812.0
2000-01-13 00:00:00,8.419449806213379,12.960000038146973,13.920000076293945,12.960000038146973,13.920000076293945,6094.0
2000-01-14 00:00:00,8.835221290588379,13.600000381469727,13.600000381469727,13.279999732971191,13.279999732971191,3125.0
2000-01-18 00:00:00,8.88719654083252,13.680000305175781,13.680000305175781,13.119999885559082,13.279999732971191,5469.0
2000-01-19 00:00:00,8.52338981628418,13.119999885559082,13.680000305175781,13.119999885559082,13.279999732971191,5937.0
2000-01-20 00:00:00,8.52338981628418,13.119999885559082,13.600000381469727,13.119999885559082,13.119999885559082,7344.0
2000-01-21 00:00:00,8.575366020202637,13.199999809265137,13.199999809265137,12.800000190734863,13.15999984741211,6875.0
2000-01-24 00:00:00,8.575366020202637,13.199999809265137,13.199999809265137,12.880000114440918,13.199999809265137,1719.0
2000-01-25 00:00:00,8.3414945602417,12.84000015258789,13.119999885559082,12.800000190734863,12.880000114440918,5156.0
2000-01-26 00:00:00,8.263533592224121,12.720000267028809,12.800000190734863,12.680000305175781,12.800000190734863,2344.0
2000-01-27 00:00:00,8.211559295654297,12.640000343322754,13.4399995803833,12.640000343322754,12.800000190734863,4844.0
2000-01-28 00:00:00,8.471421241760254,13.039999961853027,13.039999961853027,12.800000190734863,12.800000190734863,15469.0
2000-01-31 00:00:00,8.939170837402344,13.760000228881836,13.760000228881836,13.119999885559082,13.119999885559082,7656.0
2000-02-01 00:00:00,8.575366020202637,13.199999809265137,13.199999809265137,12.800000190734863,12.960000038146973,12187.0
2000-02-02 00:00:00,8.835221290588379,13.600000381469727,13.600000381469727,12.960000038146973,12.960000038146973,3281.0
2000-02-03 00:00:00,8.315508842468262,12.800000190734863,13.600000381469727,12.800000190734863,12.960000038146973,3750.0
2000-02-04 00:00:00,8.52338981628418,13.119999885559082,13.4399995803833,12.800000190734863,13.4399995803833,5469.0
2000-02-07 00:00:00,8.52338981628418,13.119999885559082,13.4399995803833,13.119999885559082,13.4399995803833,3594.0
2000-02-08 00:00:00,8.315508842468262,12.800000190734863,12.920000076293945,12.5600004196167,12.920000076293945,1562.0
2000-02-09 00:00:00,8.211559295654297,12.640000343322754,13.4399995803833,12.5600004196167,13.4399995803833,2187.0
2000-02-10 00:00:00,8.185576438903809,12.600000381469727,12.800000190734863,12.5600004196167,12.800000190734863,1406.0
2000-02-11 00:00:00,8.471421241760254,13.039999961853027,13.039999961853027,12.600000381469727,12.720000267028809,2656.0
2000-02-14 00:00:00,8.263533592224121,12.720000267028809,12.720000267028809,12.5600004196167,12.5600004196167,1094.0
2000-02-15 00:00:00,8.315508842468262,12.800000190734863,12.880000114440918,12.5600004196167,12.880000114440918,11719.0
2000-02-16 00:00:00,8.289519309997559,12.760000228881836,13.039999961853027,12.479999542236328,13.039999961853027,1875.0
2000-02-17 00:00:00,7.977687358856201,12.279999732971191,12.760000228881836,12.279999732971191,12.399999618530273,1250.0
2000-02-18 00:00:00,8.315508842468262,12.800000190734863,12.800000190734863,12.479999542236328,12.800000190734863,7656.0
2000-02-22 00:00:00,8.185576438903809,12.600000381469727,12.800000190734863,12.520000457763672,12.520000457763672,1406.0
2000-02-23 00:00:00,8.055644989013672,12.399999618530273,12.760000228881836,12.399999618530273,12.520000457763672,4531.0
2000-02-24 00:00:00,7.899733066558838,12.15999984741211,12.319999694824219,11.84000015258789,12.15999984741211,10469.0
2000-02-25 00:00:00,7.899733066558838,12.15999984741211,12.319999694824219,12.079999923706055,12.319999694824219,7187.0
2000-02-28 00:00:00,7.951699733734131,12.239999771118164,12.239999771118164,11.84000015258789,11.84000015258789,11094.0
2000-02-29 00:00:00,7.691842079162598,11.84000015258789,12.0,11.84000015258789,12.0,1094.0
2000-03-01 00:00:00,7.8867387771606445,12.140000343322754,12.239999771118164,11.84000015258789,11.84000015258789,1562.0
2000-03-02 00:00:00,7.6676459312438965,11.720000267028809,12.0,11.720000267028809,12.0,3125.0
2000-03-03 00:00:00,7.903172492980957,12.079999923706055,12.079999923706055,12.079999923706055,12.079999923706055,2656.0
2000-03-06 00:00:00,7.955513954162598,12.15999984741211,12.15999984741211,11.84000015258789,11.920000076293945,5000.0
2000-03-07 00:00:00,7.746154308319092,11.84000015258789,12.15999984741211,11.720000267028809,11.84000015258789,5000.0
2000-03-08 00:00:00,7.746154308319092,11.84000015258789,12.0,11.84000015258789,11.84000015258789,2031.0
2000-03-09 00:00:00,7.955513954162598,12.15999984741211,12.15999984741211,11.84000015258789,11.84000015258789,1562.0
2000-03-10 00:00:00,7.6676459312438965,11.720000267028809,11.84000015258789,11.720000267028809,11.84000015258789,2969.0
2000-03-13 00:00:00,7.484459400177002,11.4399995803833,11.720000267028809,11.399999618530273,11.720000267028809,1562.0
2000-03-14 00:00:00,7.2751054763793945,11.119999885559082,11.4399995803833,9.600000381469727,11.4399995803833,21406.0
2000-03-15 00:00:00,7.641478061676025,11.680000305175781,11.680000305175781,11.039999961853027,11.0600004196167,15781.0
2000-03-16 00:00:00,7.432124614715576,11.359999656677246,11.600000381469727,11.359999656677246,11.600000381469727,1094.0
2000-03-17 00:00:00,7.432124614715576,11.359999656677246,11.600000381469727,11.359999656677246,11.359999656677246,19375.0
2000-03-20 00:00:00,7.536802768707275,11.520000457763672,11.84000015258789,11.520000457763672,11.84000015258789,1562.0
2000-03-21 00:00:00,7.746154308319092,11.84000015258789,11.84000015258789,11.84000015258789,11.84000015258789,1406.0
2000-03-22 00:00:00,7.746154308319092,11.84000015258789,11.84000015258789,11.680000305175781,11.680000305175781,25312.0
2000-03-23 00:00:00,7.746154308319092,11.84000015258789,11.84000015258789,11.680000305175781,11.680000305175781,10781.0
2000-03-24 00:00:00,7.536802768707275,11.520000457763672,11.84000015258789,11.520000457763672,11.84000015258789,1562.0
2000-03-27 00:00:00,7.222766876220703,11.039999961853027,11.039999961853027,11.020000457763672,11.039999961853027,3594.0
2000-03-28 00:00:00,7.432124614715576,11.359999656677246,11.520000457763672,10.930000305175781,10.930000305175781,10469.0
2000-03-29 00:00:00,7.432124614715576,11.359999656677246,11.359999656677246,11.039999961853027,11.039999961853027,1875.0
2000-03-30 00:00:00,7.903172492980957,12.079999923706055,12.15999984741211,11.199999809265137,11.359999656677246,22969.0
2000-03-31 00:00:00,8.217206954956055,12.5600004196167,12.5600004196167,12.15999984741211,12.15999984741211,12656.0
2000-04-03 00:00:00,8.17795181274414,12.5,12.640000343322754,11.920000076293945,11.920000076293945,2344.0
2000-04-04 00:00:00,8.00784683227539,12.239999771118164,12.640000343322754,12.239999771118164,12.640000343322754,1406.0
2000-04-05 00:00:00,8.26954174041748,12.640000343322754,12.640000343322754,12.239999771118164,12.239999771118164,1719.0
2000-04-06 00:00:00,8.321882247924805,12.720000267028809,12.720000267028809,12.720000267028809,12.720000267028809,2656.0
2000-04-07 00:00:00,8.374224662780762,12.800000190734863,12.800000190734863,12.319999694824219,12.479999542236328,14844.0
2000-04-10 00:00:00,7.903172492980957,12.079999923706055,12.800000190734863,12.079999923706055,12.15999984741211,4375.0
2000-04-11 00:00:00,7.955513954162598,12.15999984741211,12.15999984741211,12.079999923706055,12.079999923706055,2500.0
2000-04-12 00:00:00,7.903172492980957,12.079999923706055,12.279999732971191,12.079999923706055,12.15999984741211,14219.0
2000-04-13 00:00:00,8.26954174041748,12.640000343322754,12.640000343322754,12.079999923706055,12.079999923706055,5469.0
2000-04-14 00:00:00,8.230283737182617,12.579999923706055,12.579999923706055,12.579999923706055,12.579999923706055,312.0
2000-04-17 00:00:00,8.164865493774414,12.479999542236328,12.479999542236328,11.520000457763672,12.0,3594.0
2000-04-18 00:00:00,8.217206954956055,12.5600004196167,12.5600004196167,12.119999885559082,12.119999885559082,2031.0
2000-04-19 00:00:00,8.164865493774414,12.479999542236328,12.479999542236328,12.479999542236328,12.479999542236328,937.0
2000-04-20 00:00:00,8.060189247131348,12.319999694824219,12.319999694824219,12.319999694824219,12.319999694824219,1719.0
2000-04-24 00:00:00,8.060189247131348,12.319999694824219,12.319999694824219,12.319999694824219,12.319999694824219,0.0
2000-04-25 00:00:00,7.746154308319092,11.84000015258789,11.850000381469727,11.84000015258789,11.850000381469727,781.0
2000-04-26 00:00:00,8.00784683227539,12.239999771118164,12.319999694824219,12.239999771118164,12.319999694824219,781.0
2000-04-27 00:00:00,7.955513954162598,12.15999984741211,12.15999984741211,12.15999984741211,12.15999984741211,781.0
2000-04-28 00:00:00,8.060189247131348,12.319999694824219,12.319999694824219,12.239999771118164,12.239999771118164,937.0
2000-05-01 00:00:00,8.11252498626709,12.399999618530273,12.399999618530273,12.319999694824219,12.319999694824219,625.0
2000-05-02 00:00:00,8.034018516540527,12.279999732971191,12.479999542236328,12.0,12.399999618530273,5937.0
2000-05-03 00:00:00,8.086357116699219,12.359999656677246,12.4399995803833,12.279999732971191,12.279999732971191,6094.0
2000-05-04 00:00:00,8.086357116699219,12.359999656677246,12.359999656677246,12.359999656677246,12.359999656677246,781.0
2000-05-05 00:00:00,8.138699531555176,12.4399995803833,12.4399995803833,12.359999656677246,12.359999656677246,1719.0
2000-05-08 00:00:00,8.11252498626709,12.399999618530273,12.399999618530273,12.399999618530273,12.399999618530273,625.0
2000-05-09 00:00:00,8.11252498626709,12.399999618530273,12.4399995803833,12.399999618530273,12.399999618530273,4687.0
2000-05-10 00:00:00,8.060189247131348,12.319999694824219,12.359999656677246,12.319999694824219,12.359999656677246,6562.0
2000-05-11 00:00:00,8.060189247131348,12.319999694824219,12.319999694824219,12.319999694824219,12.319999694824219,1250.0
2000-05-12 00:00:00,8.060189247131348,12.319999694824219,12.319999694824219,12.319999694824219,12.319999694824219,0.0
2000-05-15 00:00:00,8.099443435668945,12.380000114440918,12.399999618530273,12.380000114440918,12.399999618530273,312.0
2000-05-16 00:00:00,8.374224662780762,12.800000190734863,12.800000190734863,12.420000076293945,12.4399995803833,4219.0
2000-05-17 00:00:00,8.11252498626709,12.399999618530273,13.119999885559082,12.399999618530273,13.0,625.0
2000-05-18 00:00:00,8.11252498626709,12.399999618530273,12.399999618530273,12.399999618530273,12.399999618530273,0.0
2000-05-19 00:00:00,7.903172492980957,12.079999923706055,12.359999656677246,12.079999923706055,12.359999656677246,4219.0
2000-05-22 00:00:00,7.955513954162598,12.15999984741211,12.15999984741211,12.15999984741211,12.15999984741211,469.0
2000-05-23 00:00:00,8.060189247131348,12.319999694824219,12.479999542236328,12.0,12.0,4062.0
2000-05-24 00:00:00,7.850834369659424,12.0,12.399999618530273,12.0,12.0,4687.0
2000-05-25 00:00:00,8.217206954956055,12.5600004196167,12.640000343322754,12.4399995803833,12.479999542236328,9219.0
2000-05-26 00:00:00,7.955513954162598,12.15999984741211,12.15999984741211,12.15999984741211,12.15999984741211,469.0
2000-05-30 00:00:00,8.060189247131348,12.319999694824219,12.319999694824219,12.0,12.0,6250.0
2000-05-31 00:00:00,7.850834369659424,12.0,12.319999694824219,12.0,12.319999694824219,2812.0
2000-06-01 00:00:00,8.065054893493652,12.239999771118164,12.399999618530273,12.15999984741211,12.399999618530273,2969.0
2000-06-02 00:00:00,8.012346267700195,12.15999984741211,12.479999542236328,12.15999984741211,12.479999542236328,4531.0
2000-06-05 00:00:00,8.381333351135254,12.720000267028809,12.720000267028809,12.15999984741211,12.15999984741211,2812.0
2000-06-06 00:00:00,8.249550819396973,12.520000457763672,12.520000457763672,12.520000457763672,12.520000457763672,1719.0
2000-06-07 00:00:00,7.906919479370117,12.0,12.640000343322754,12.0,12.239999771118164,1094.0
2000-06-08 00:00:00,8.025519371032715,12.180000305175781,12.319999694824219,11.600000381469727,11.84000015258789,2656.0
2000-06-09 00:00:00,8.038700103759766,12.199999809265137,12.199999809265137,12.199999809265137,12.199999809265137,937.0
2000-06-12 00:00:00,8.328619956970215,12.640000343322754,12.640000343322754,11.84000015258789,11.84000015258789,1250.0
2000-06-13 00:00:00,8.315443992614746,12.619999885559082,12.640000343322754,12.239999771118164,12.239999771118164,6094.0
2000-06-14 00:00:00,8.223194122314453,12.479999542236328,12.479999542236328,12.479999542236328,12.479999542236328,1094.0
2000-06-15 00:00:00,8.012346267700195,12.15999984741211,12.479999542236328,12.15999984741211,12.479999542236328,7187.0
2000-06-16 00:00:00,8.130949974060059,12.34000015258789,12.600000381469727,12.119999885559082,12.600000381469727,17187.0
2000-06-19 00:00:00,8.1968412399292,12.4399995803833,12.4399995803833,12.119999885559082,12.119999885559082,31719.0
2000-06-20 00:00:00,8.012346267700195,12.15999984741211,12.800000190734863,12.079999923706055,12.800000190734863,30625.0
2000-06-21 00:00:00,8.328619956970215,12.640000343322754,12.760000228881836,12.15999984741211,12.640000343322754,13750.0
2000-06-22 00:00:00,8.065054893493652,12.239999771118164,12.239999771118164,12.079999923706055,12.100000381469727,10000.0
2000-06-23 00:00:00,8.434049606323242,12.800000190734863,12.800000190734863,12.079999923706055,12.239999771118164,31562.0
2000-06-26 00:00:00,7.972810745239258,12.100000381469727,12.680000305175781,12.079999923706055,12.680000305175781,3437.0
2000-06-27 00:00:00,7.985987186431885,12.119999885559082,12.720000267028809,12.119999885559082,12.720000267028809,5469.0
2000-06-28 00:00:00,8.012346267700195,12.15999984741211,12.319999694824219,12.119999885559082,12.119999885559082,3281.0
2000-06-29 00:00:00,8.223194122314453,12.479999542236328,12.479999542236328,12.079999923706055,12.079999923706055,4531.0
2000-06-30 00:00:00,8.223194122314453,12.479999542236328,12.720000267028809,12.079999923706055,12.079999923706055,28906.0
2000-07-03 00:00:00,8.381333351135254,12.720000267028809,12.720000267028809,12.15999984741211,12.15999984741211,12031.0
2000-07-05 00:00:00,8.434049606323242,12.800000190734863,12.800000190734863,12.479999542236328,12.760000228881836,23750.0
2000-07-06 00:00:00,8.275911331176758,12.5600004196167,12.640000343322754,12.479999542236328,12.479999542236328,5156.0
2000-07-07 00:00:00,8.11777114868164,12.319999694824219,12.800000190734863,12.319999694824219,12.720000267028809,4062.0
2000-07-10 00:00:00,8.328619956970215,12.640000343322754,12.640000343322754,12.279999732971191,12.319999694824219,5000.0
2000-07-11 00:00:00,8.328619956970215,12.640000343322754,12.640000343322754,12.279999732971191,12.279999732971191,1094.0
2000-07-12 00:00:00,8.065054893493652,12.239999771118164,12.5600004196167,12.239999771118164,12.5600004196167,5937.0
2000-07-13 00:00:00,8.223194122314453,12.479999542236328,12.600000381469727,12.239999771118164,12.239999771118164,6562.0
2000-07-14 00:00:00,8.434049606323242,12.800000190734863,12.800000190734863,12.399999618530273,12.399999618530273,5000.0
2000-07-17 00:00:00,8.40769100189209,12.760000228881836,12.760000228881836,12.279999732971191,12.279999732971191,1719.0
2000-07-18 00:00:00,8.1968412399292,12.4399995803833,12.4399995803833,12.4399995803833,12.4399995803833,469.0
2000-07-19 00:00:00,8.328619956970215,12.640000343322754,12.640000343322754,12.420000076293945,12.420000076293945,1719.0
2000-07-20 00:00:00,8.354981422424316,12.680000305175781,13.039999961853027,12.680000305175781,12.800000190734863,16250.0
2000-07-21 00:00:00,8.381333351135254,12.720000267028809,12.920000076293945,12.720000267028809,12.760000228881836,1250.0
2000-07-24 00:00:00,8.434049606323242,12.800000190734863,12.800000190734863,12.760000228881836,12.760000228881836,2344.0
2000-07-25 00:00:00,8.11777114868164,12.319999694824219,12.520000457763672,12.319999694824219,12.479999542236328,2187.0
2000-07-26 00:00:00,8.11777114868164,12.319999694824219,12.319999694824219,12.319999694824219,12.319999694824219,312.0
2000-07-27 00:00:00,8.223194122314453,12.479999542236328,12.479999542236328,12.479999542236328,12.479999542236328,781.0
2000-07-28 00:00:00,8.012346267700195,12.15999984741211,12.479999542236328,12.15999984741211,12.15999984741211,1094.0
2000-07-31 00:00:00,8.012346267700195,12.15999984741211,12.15999984741211,12.15999984741211,12.15999984741211,0.0
2000-08-01 00:00:00,8.038700103759766,12.199999809265137,12.199999809265137,12.119999885559082,12.119999885559082,469.0
2000-08-02 00:00:00,8.11777114868164,12.319999694824219,12.319999694824219,12.319999694824219,12.319999694824219,156.0
2000-08-03 00:00:00,8.11777114868164,12.319999694824219,12.319999694824219,12.319999694824219,12.319999694824219,937.0
2000-08-04 00:00:00,8.11777114868164,12.319999694824219,12.319999694824219,12.319999694824219,12.319999694824219,0.0
2000-08-07 00:00:00,7.933276653289795,12.039999961853027,12.4399995803833,12.0,12.079999923706055,2656.0
2000-08-08 00:00:00,7.933276653289795,12.039999961853027,12.039999961853027,12.039999961853027,12.039999961853027,0.0
2000-08-09 00:00:00,7.933276653289795,12.039999961853027,12.039999961853027,12.039999961853027,12.039999961853027,0.0
2000-08-10 00:00:00,8.038700103759766,12.199999809265137,12.239999771118164,12.199999809265137,12.199999809265137,1875.0
2000-08-11 00:00:00,8.038700103759766,12.199999809265137,12.199999809265137,12.199999809265137,12.199999809265137,0.0
2000-08-14 00:00:00,8.11777114868164,12.319999694824219,12.319999694824219,12.319999694824219,12.319999694824219,937.0
2000-08-15 00:00:00,8.223194122314453,12.479999542236328,12.479999542236328,12.479999542236328,12.479999542236328,1250.0
2000-08-16 00:00:00,8.434049606323242,12.800000190734863,12.800000190734863,12.479999542236328,12.699999809265137,2500.0
2000-08-17 00:00:00,8.434049606323242,12.800000190734863,12.800000190734863,12.800000190734863,12.800000190734863,4844.0
2000-08-18 00:00:00,8.302267074584961,12.600000381469727,12.800000190734863,12.600000381469727,12.640000343322754,4531.0
2000-08-21 00:00:00,8.223194122314453,12.479999542236328,12.479999542236328,12.479999542236328,12.479999542236328,1094.0
2000-08-22 00:00:00,8.275911331176758,12.5600004196167,12.5600004196167,12.239999771118164,12.239999771118164,2344.0
2000-08-23 00:00:00,8.64489459991455,13.119999885559082,13.119999885559082,12.5600004196167,12.720000267028809,17031.0
2000-08-24 00:00:00,8.11777114868164,12.319999694824219,12.819999694824219,12.319999694824219,12.819999694824219,8125.0
2000-08-25 00:00:00,8.64489459991455,13.119999885559082,13.119999885559082,12.800000190734863,12.800000190734863,7656.0
2000-08-28 00:00:00,8.328619956970215,12.640000343322754,12.640000343322754,12.640000343322754,12.640000343322754,312.0
2000-08-29 00:00:00,8.434049606323242,12.800000190734863,13.119999885559082,12.319999694824219,12.640000343322754,5312.0
2000-08-30 00:00:00,8.434049606323242,12.800000190734863,12.800000190734863,12.800000190734863,12.800000190734863,3750.0
2000-08-31 00:00:00,8.490509986877441,12.800000190734863,12.800000190734863,12.800000190734863,12.800000190734863,21250.0
2000-09-01 00:00:00,8.490509986877441,12.800000190734863,12.800000190734863,12.800000190734863,12.800000190734863,0.0
2000-09-05 00:00:00,8.384374618530273,12.640000343322754,12.800000190734863,12.640000343322754,12.800000190734863,5312.0
2000-09-06 00:00:00,8.4374418258667,12.720000267028809,12.720000267028809,12.640000343322754,12.720000267028809,3594.0
2000-09-07 00:00:00,8.4374418258667,12.720000267028809,12.720000267028809,12.720000267028809,12.720000267028809,0.0
2000-09-08 00:00:00,8.4374418258667,12.720000267028809,12.960000038146973,12.720000267028809,12.960000038146973,6250.0
2000-09-11 00:00:00,8.4374418258667,12.720000267028809,12.720000267028809,12.720000267028809,12.720000267028809,0.0
2000-09-12 00:00:00,8.4374418258667,12.720000267028809,12.720000267028809,12.720000267028809,12.720000267028809,469.0
2000-09-13 00:00:00,8.331313133239746,12.5600004196167,12.680000305175781,12.5600004196167,12.680000305175781,2031.0
2000-09-14 00:00:00,8.463976860046387,12.760000228881836,12.760000228881836,12.760000228881836,12.760000228881836,1406.0
2000-09-15 00:00:00,8.331313133239746,12.5600004196167,12.5600004196167,12.5600004196167,12.5600004196167,2812.0
2000-09-18 00:00:00,8.3578462600708,12.600000381469727,12.800000190734863,12.600000381469727,12.800000190734863,312.0
2000-09-19 00:00:00,8.4374418258667,12.720000267028809,12.720000267028809,12.5600004196167,12.5600004196167,1406.0
2000-09-20 00:00:00,8.304777145385742,12.520000457763672,12.960000038146973,12.520000457763672,12.960000038146973,26094.0
2000-09-21 00:00:00,8.278244018554688,12.479999542236328,12.720000267028809,12.479999542236328,12.720000267028809,1719.0
2000-09-22 00:00:00,8.278244018554688,12.479999542236328,12.479999542236328,12.479999542236328,12.479999542236328,2187.0
2000-09-25 00:00:00,8.172115325927734,12.319999694824219,12.5600004196167,12.319999694824219,12.5,2344.0
2000-09-26 00:00:00,8.198649406433105,12.359999656677246,12.359999656677246,12.359999656677246,12.359999656677246,469.0
2000-09-27 00:00:00,8.198649406433105,12.359999656677246,12.359999656677246,12.359999656677246,12.359999656677246,0.0
2000-09-28 00:00:00,8.012918472290039,12.079999923706055,12.199999809265137,12.079999923706055,12.119999885559082,6719.0
2000-09-29 00:00:00,8.304777145385742,12.520000457763672,12.800000190734863,12.359999656677246,12.399999618530273,7969.0
2000-10-02 00:00:00,8.278244018554688,12.479999542236328,12.479999542236328,12.199999809265137,12.199999809265137,625.0
2000-10-03 00:00:00,8.278244018554688,12.479999542236328,12.479999542236328,12.180000305175781,12.180000305175781,3906.0
2000-10-04 00:00:00,8.065986633300781,12.15999984741211,12.319999694824219,12.15999984741211,12.199999809265137,3750.0
2000-10-05 00:00:00,8.278244018554688,12.479999542236328,12.479999542236328,12.119999885559082,12.239999771118164,5156.0
2000-10-06 00:00:00,8.384374618530273,12.640000343322754,12.640000343322754,12.479999542236328,12.479999542236328,1562.0
2000-10-09 00:00:00,8.198649406433105,12.359999656677246,12.640000343322754,12.359999656677246,12.640000343322754,1094.0
2000-10-10 00:00:00,8.4374418258667,12.720000267028809,12.720000267028809,12.119999885559082,12.119999885559082,24844.0
2000-10-11 00:00:00,8.4374418258667,12.720000267028809,12.720000267028809,12.720000267028809,12.720000267028809,625.0
2000-10-12 00:00:00,8.4374418258667,12.720000267028809,12.760000228881836,12.479999542236328,12.760000228881836,625.0
2000-10-13 00:00:00,8.278244018554688,12.479999542236328,12.789999961853027,12.479999542236328,12.789999961853027,3125.0
2000-10-16 00:00:00,8.490509986877441,12.800000190734863,12.800000190734863,12.800000190734863,12.800000190734863,469.0
2000-10-17 00:00:00,8.304777145385742,12.520000457763672,12.6899995803833,12.520000457763672,12.6899995803833,469.0
2000-10-18 00:00:00,8.331313133239746,12.5600004196167,12.5600004196167,12.479999542236328,12.479999542236328,10156.0
2000-10-19 00:00:00,8.251714706420898,12.4399995803833,12.520000457763672,12.15999984741211,12.319999694824219,6719.0
2000-10-20 00:00:00,8.331313133239746,12.5600004196167,12.720000267028809,12.079999923706055,12.720000267028809,5000.0
2000-10-23 00:00:00,8.15884780883789,12.300000190734863,12.680000305175781,12.300000190734863,12.5600004196167,4375.0
2000-10-24 00:00:00,8.092514991760254,12.199999809265137,12.199999809265137,12.15999984741211,12.199999809265137,11562.0
2000-10-25 00:00:00,8.172115325927734,12.319999694824219,12.319999694824219,12.319999694824219,12.319999694824219,6250.0
2000-10-26 00:00:00,8.172115325927734,12.319999694824219,12.319999694824219,12.319999694824219,12.319999694824219,1094.0
2000-10-27 00:00:00,8.172115325927734,12.319999694824219,12.319999694824219,12.319999694824219,12.319999694824219,0.0
2000-10-30 00:00:00,8.278244018554688,12.479999542236328,12.640000343322754,12.399999618530273,12.640000343322754,29062.0
2000-10-31 00:00:00,8.331313133239746,12.5600004196167,12.720000267028809,12.479999542236328,12.479999542236328,13594.0
2000-11-01 00:00:00,8.543575286865234,12.880000114440918,13.039999961853027,12.720000267028809,12.720000267028809,40469.0
2000-11-02 00:00:00,8.543575286865234,12.880000114440918,12.960000038146973,12.760000228881836,12.880000114440918,19219.0
2000-11-03 00:00:00,8.490509986877441,12.800000190734863,12.800000190734863,12.800000190734863,12.800000190734863,3125.0
2000-11-06 00:00:00,8.596641540527344,12.960000038146973,12.960000038146973,12.960000038146973,12.960000038146973,312.0
2000-11-07 00:00:00,8.490509986877441,12.800000190734863,12.960000038146973,12.800000190734863,12.960000038146973,2344.0
2000-11-08 00:00:00,8.649704933166504,13.039999961853027,13.039999961853027,12.960000038146973,12.960000038146973,4375.0
2000-11-09 00:00:00,8.99463176727295,13.5600004196167,13.5600004196167,13.279999732971191,13.279999732971191,3125.0
2000-11-10 00:00:00,8.755837440490723,13.199999809265137,13.399999618530273,13.199999809265137,13.399999618530273,12344.0
2000-11-13 00:00:00,8.755837440490723,13.199999809265137,13.819999694824219,13.039999961853027,13.760000228881836,42656.0
2000-11-14 00:00:00,9.127298355102539,13.760000228881836,13.760000228881836,13.4399995803833,13.4399995803833,6875.0
2000-11-15 00:00:00,9.259958267211914,13.960000038146973,14.039999961853027,13.649999618530273,13.680000305175781,62969.0
2000-11-16 00:00:00,9.07423210144043,13.680000305175781,13.720000267028809,13.680000305175781,13.720000267028809,54844.0
2000-11-17 00:00:00,9.286494255065918,14.0,14.039999961853027,14.0,14.039999961853027,3594.0
2000-11-20 00:00:00,9.206896781921387,13.880000114440918,14.359999656677246,13.880000114440918,14.039999961853027,20625.0
2000-11-21 00:00:00,9.33956241607666,14.079999923706055,14.079999923706055,13.680000305175781,14.0,14062.0
2000-11-22 00:00:00,9.33956241607666,14.079999923706055,14.239999771118164,13.84000015258789,13.920000076293945,37656.0
2000-11-24 00:00:00,10.2947416305542,15.520000457763672,15.520000457763672,14.399999618530273,14.399999618530273,29844.0
2000-11-27 00:00:00,10.361077308654785,15.619999885559082,16.31999969482422,14.239999771118164,15.829999923706055,28594.0
2000-11-28 00:00:00,9.578356742858887,14.4399995803833,15.039999961853027,14.4399995803833,15.039999961853027,3750.0
2000-11-29 00:00:00,9.870217323303223,14.880000114440918,15.039999961853027,14.680000305175781,14.699999809265137,5156.0
2000-11-30 00:00:00,10.440802574157715,15.640000343322754,15.640000343322754,14.920000076293945,15.640000343322754,4375.0
2000-12-01 00:00:00,10.67444896697998,15.989999771118164,16.0,15.680000305175781,16.0,16406.0
2000-12-04 00:00:00,10.414100646972656,15.600000381469727,15.890000343322754,15.520000457763672,15.520000457763672,13594.0
2000-12-05 00:00:00,10.520915985107422,15.760000228881836,16.0,15.680000305175781,16.0,10312.0
2000-12-06 00:00:00,10.627723693847656,15.920000076293945,16.0,15.600000381469727,16.0,21719.0
2000-12-07 00:00:00,10.414100646972656,15.600000381469727,15.920000076293945,15.600000381469727,15.920000076293945,7812.0
2000-12-08 00:00:00,10.627723693847656,15.920000076293945,16.0,15.4399995803833,15.680000305175781,17031.0
2000-12-11 00:00:00,10.627723693847656,15.920000076293945,15.920000076293945,15.920000076293945,15.920000076293945,781.0
2000-12-12 00:00:00,10.627723693847656,15.920000076293945,15.920000076293945,15.630000114440918,15.640000343322754,1719.0
2000-12-13 00:00:00,10.627723693847656,15.920000076293945,15.920000076293945,15.920000076293945,15.920000076293945,0.0
2000-12-14 00:00:00,10.414100646972656,15.600000381469727,15.600000381469727,15.359999656677246,15.359999656677246,1250.0
2000-12-15 00:00:00,10.627723693847656,15.920000076293945,15.960000038146973,15.359999656677246,15.520000457763672,9687.0
2000-12-18 00:00:00,10.627723693847656,15.920000076293945,16.0,15.920000076293945,15.920000076293945,165625.0
2000-12-19 00:00:00,10.868053436279297,16.280000686645508,17.1200008392334,15.960000038146973,16.31999969482422,57187.0
2000-12-20 00:00:00,10.040258407592773,15.039999961853027,16.280000686645508,15.039999961853027,16.280000686645508,15312.0
2000-12-21 00:00:00,10.013556480407715,15.0,15.359999656677246,15.0,15.319999694824219,937.0
2000-12-22 00:00:00,10.120370864868164,15.15999984741211,15.279999732971191,15.15999984741211,15.270000457763672,3750.0
2000-12-26 00:00:00,10.040258407592773,15.039999961853027,15.239999771118164,15.039999961853027,15.239999771118164,2656.0
2000-12-27 00:00:00,10.25388240814209,15.359999656677246,15.359999656677246,15.180000305175781,15.180000305175781,2812.0
2000-12-28 00:00:00,10.654424667358398,15.960000038146973,16.079999923706055,15.960000038146973,16.0,21562.0
2000-12-29 00:00:00,10.601022720336914,15.880000114440918,16.0,15.680000305175781,15.710000038146973,6094.0
2001-01-02 00:00:00,10.57431697845459,15.84000015258789,16.0,15.680000305175781,16.0,9844.0
2001-01-03 00:00:00,10.681127548217773,16.0,16.079999923706055,15.84000015258789,15.920000076293945,18281.0
2001-01-04 00:00:00,10.734533309936523,16.079999923706055,16.079999923706055,16.079999923706055,16.079999923706055,4375.0
2001-01-05 00:00:00,10.734533309936523,16.079999923706055,16.079999923706055,16.040000915527344,16.040000915527344,9531.0
2001-01-08 00:00:00,10.427448272705078,15.619999885559082,16.0,15.359999656677246,15.84000015258789,9375.0
2001-01-09 00:00:00,10.868053436279297,16.280000686645508,16.280000686645508,15.210000038146973,15.210000038146973,6719.0
2001-01-10 00:00:00,11.101698875427246,16.6299991607666,16.639999389648438,16.31999969482422,16.31999969482422,4531.0
2001-01-11 00:00:00,11.10837173461914,16.639999389648438,16.719999313354492,15.890000343322754,16.600000381469727,17187.0
2001-01-12 00:00:00,10.333989143371582,15.479999542236328,16.719999313354492,15.479999542236328,16.719999313354492,13281.0
2001-01-16 00:00:00,10.494206428527832,15.720000267028809,15.720000267028809,15.720000267028809,15.720000267028809,1250.0
2001-01-17 00:00:00,10.894753456115723,16.31999969482422,16.479999542236328,16.31999969482422,16.399999618530273,2344.0
2001-01-18 00:00:00,10.67444896697998,15.989999771118164,16.280000686645508,15.680000305175781,16.280000686645508,3750.0
2001-01-19 00:00:00,10.46750545501709,15.680000305175781,15.720000267028809,15.279999732971191,15.279999732971191,12656.0
2001-01-22 00:00:00,10.627723693847656,15.920000076293945,15.920000076293945,15.369999885559082,15.369999885559082,2187.0
2001-01-23 00:00:00,10.520915985107422,15.760000228881836,15.800000190734863,15.279999732971191,15.800000190734863,6094.0
2001-01-24 00:00:00,10.547616958618164,15.800000190734863,16.31999969482422,15.680000305175781,16.31999969482422,3906.0
2001-01-25 00:00:00,10.387399673461914,15.5600004196167,15.5600004196167,15.520000457763672,15.520000457763672,625.0
2001-01-26 00:00:00,10.647748947143555,15.949999809265137,15.949999809265137,15.949999809265137,15.949999809265137,156.0
2001-01-29 00:00:00,10.57431697845459,15.84000015258789,15.84000015258789,15.479999542236328,15.670000076293945,1562.0
2001-01-30 00:00:00,10.494206428527832,15.720000267028809,15.960000038146973,15.720000267028809,15.960000038146973,1562.0
2001-01-31 00:00:00,10.307284355163574,15.4399995803833,15.960000038146973,15.4399995803833,15.960000038146973,1406.0
2001-02-01 00:00:00,10.307284355163574,15.4399995803833,15.609999656677246,15.4399995803833,15.4399995803833,85000.0
2001-02-02 00:00:00,10.25388240814209,15.359999656677246,15.4399995803833,15.359999656677246,15.4399995803833,29687.0
2001-02-05 00:00:00,10.25388240814209,15.359999656677246,15.359999656677246,15.359999656677246,15.359999656677246,0.0
2001-02-06 00:00:00,10.407423973083496,15.59000015258789,15.59000015258789,15.359999656677246,15.359999656677246,2500.0
2001-02-07 00:00:00,10.280584335327148,15.399999618530273,15.520000457763672,15.359999656677246,15.359999656677246,1875.0
2001-02-08 00:00:00,10.280584335327148,15.399999618530273,15.399999618530273,15.399999618530273,15.399999618530273,781.0
2001-02-09 00:00:00,10.25388240814209,15.359999656677246,15.399999618530273,15.359999656677246,15.359999656677246,28437.0
2001-02-12 00:00:00,10.25388240814209,15.359999656677246,15.380000114440918,15.199999809265137,15.380000114440918,32812.0
2001-02-13 00:00:00,10.147067070007324,15.199999809265137,15.390000343322754,15.199999809265137,15.359999656677246,2812.0
2001-02-14 00:00:00,10.15374755859375,15.210000038146973,15.210000038146973,15.210000038146973,15.210000038146973,1094.0
2001-02-15 00:00:00,10.15374755859375,15.210000038146973,15.210000038146973,15.210000038146973,15.210000038146973,0.0
2001-02-16 00:00:00,9.880044937133789,14.800000190734863,15.039999961853027,14.800000190734863,14.880000114440918,12344.0
2001-02-20 00:00:00,10.066963195800781,15.079999923706055,15.079999923706055,14.84000015258789,14.880000114440918,3750.0
2001-02-21 00:00:00,9.986855506896973,14.960000038146973,15.0,14.930000305175781,14.930000305175781,3906.0
2001-02-22 00:00:00,10.013556480407715,15.0,15.039999961853027,14.960000038146973,14.960000038146973,4844.0
2001-02-23 00:00:00,10.120370864868164,15.15999984741211,15.15999984741211,15.039999961853027,15.039999961853027,20312.0
2001-02-26 00:00:00,10.147067070007324,15.199999809265137,15.199999809265137,15.039999961853027,15.199999809265137,1250.0
2001-02-27 00:00:00,10.09366512298584,15.119999885559082,15.130000114440918,15.119999885559082,15.130000114440918,1250.0
2001-02-28 00:00:00,10.09366512298584,15.119999885559082,15.199999809265137,15.119999885559082,15.15999984741211,2187.0
2001-03-01 00:00:00,10.200474739074707,15.279999732971191,15.279999732971191,15.119999885559082,15.119999885559082,6406.0
2001-03-02 00:00:00,10.09366512298584,15.119999885559082,15.119999885559082,15.119999885559082,15.119999885559082,3906.0
2001-03-05 00:00:00,9.986855506896973,14.960000038146973,14.960000038146973,14.960000038146973,14.960000038146973,312.0
2001-03-06 00:00:00,9.986855506896973,14.960000038146973,14.960000038146973,14.960000038146973,14.960000038146973,1250.0
2001-03-07 00:00:00,10.19379997253418,15.270000457763672,15.359999656677246,15.239999771118164,15.359999656677246,1875.0
2001-03-08 00:00:00,10.040258407592773,15.039999961853027,15.279999732971191,15.039999961853027,15.279999732971191,937.0
2001-03-09 00:00:00,10.130764961242676,15.079999923706055,15.079999923706055,15.039999961853027,15.079999923706055,1250.0
2001-03-12 00:00:00,10.103893280029297,15.039999961853027,15.079999923706055,15.039999961853027,15.039999961853027,7969.0
2001-03-13 00:00:00,10.238252639770508,15.239999771118164,15.239999771118164,15.039999961853027,15.0600004196167,11406.0
2001-03-14 00:00:00,10.130764961242676,15.079999923706055,15.239999771118164,15.039999961853027,15.229999542236328,3906.0
2001-03-15 00:00:00,10.130764961242676,15.079999923706055,15.239999771118164,15.079999923706055,15.239999771118164,3281.0
2001-03-16 00:00:00,10.144201278686523,15.100000381469727,15.199999809265137,15.079999923706055,15.15999984741211,9219.0
2001-03-19 00:00:00,10.291996955871582,15.319999694824219,15.520000457763672,15.079999923706055,15.079999923706055,11719.0
2001-03-20 00:00:00,10.31887149810791,15.359999656677246,15.359999656677246,15.279999732971191,15.359999656677246,4375.0
2001-03-21 00:00:00,10.31887149810791,15.359999656677246,15.359999656677246,15.359999656677246,15.359999656677246,0.0
2001-03-22 00:00:00,10.265122413635254,15.279999732971191,15.359999656677246,15.279999732971191,15.359999656677246,2656.0
2001-03-23 00:00:00,9.996407508850098,14.880000114440918,15.199999809265137,14.880000114440918,15.039999961853027,5469.0
2001-03-26 00:00:00,10.265122413635254,15.279999732971191,15.279999732971191,15.279999732971191,15.279999732971191,1094.0
2001-03-27 00:00:00,10.31887149810791,15.359999656677246,15.359999656677246,15.039999961853027,15.359999656677246,9062.0
2001-03-28 00:00:00,10.291996955871582,15.319999694824219,15.359999656677246,14.960000038146973,15.359999656677246,11250.0
2001-03-29 00:00:00,10.372614860534668,15.4399995803833,15.520000457763672,15.239999771118164,15.319999694824219,3437.0
2001-03-30 00:00:00,10.829439163208008,16.1200008392334,16.15999984741211,15.359999656677246,15.520000457763672,44219.0
2001-04-02 00:00:00,10.641339302062988,15.84000015258789,15.920000076293945,15.800000190734863,15.800000190734863,9375.0
2001-04-03 00:00:00,9.700809478759766,14.4399995803833,15.319999694824219,14.4399995803833,15.260000228881836,15156.0
2001-04-04 00:00:00,9.458966255187988,14.079999923706055,14.4399995803833,14.079999923706055,14.4399995803833,1406.0
2001-04-05 00:00:00,9.458966255187988,14.079999923706055,14.079999923706055,14.079999923706055,14.079999923706055,1250.0
2001-04-06 00:00:00,9.458966255187988,14.079999923706055,14.520000457763672,14.079999923706055,14.520000457763672,2031.0
2001-04-09 00:00:00,9.673941612243652,14.399999618530273,14.399999618530273,14.239999771118164,14.239999771118164,2344.0
2001-04-10 00:00:00,9.639542579650879,14.348799705505371,14.720000267028809,14.079999923706055,14.5600004196167,11875.0
2001-04-11 00:00:00,9.78143310546875,14.5600004196167,14.5600004196167,14.5600004196167,14.5600004196167,312.0
2001-04-12 00:00:00,9.532055854797363,14.188799858093262,14.720000267028809,14.188799858093262,14.348799705505371,3281.0
2001-04-16 00:00:00,9.351475715637207,13.920000076293945,14.316800117492676,13.920000076293945,14.316800117492676,781.0
2001-04-17 00:00:00,9.510558128356934,14.156800270080566,14.156800270080566,14.156800270080566,14.156800270080566,469.0
2001-04-18 00:00:00,9.351475715637207,13.920000076293945,13.920000076293945,13.920000076293945,13.920000076293945,2031.0
2001-04-19 00:00:00,9.441767692565918,14.054400444030762,14.220800399780273,13.920000076293945,14.220800399780273,5781.0
2001-04-20 00:00:00,9.218188285827637,13.721599578857422,14.259200096130371,13.503999710083008,13.791999816894531,8906.0
2001-04-23 00:00:00,9.218188285827637,13.721599578857422,13.721599578857422,13.721599578857422,13.721599578857422,0.0
2001-04-24 00:00:00,9.200989723205566,13.696000099182129,13.696000099182129,13.4399995803833,13.4399995803833,2656.0
2001-04-25 00:00:00,9.072006225585938,13.503999710083008,13.503999710083008,12.71679973602295,13.503999710083008,71250.0
2001-04-26 00:00:00,9.072006225585938,13.503999710083008,13.503999710083008,13.503999710083008,13.503999710083008,0.0
2001-04-27 00:00:00,9.329974174499512,13.887999534606934,13.887999534606934,13.753600120544434,13.753600120544434,6719.0
2001-04-30 00:00:00,8.568961143493652,12.755200386047363,14.316800117492676,12.71679973602295,13.920000076293945,73281.0
2001-05-01 00:00:00,9.458966255187988,14.079999923706055,14.297599792480469,14.079999923706055,14.079999923706055,1562.0
2001-05-02 00:00:00,9.56645679473877,14.239999771118164,14.239999771118164,14.079999923706055,14.079999923706055,2812.0
2001-05-03 00:00:00,9.463265419006348,14.086400032043457,14.239999771118164,14.079999923706055,14.239999771118164,2812.0
2001-05-04 00:00:00,9.463265419006348,14.086400032043457,14.086400032043457,14.086400032043457,14.086400032043457,0.0
2001-05-07 00:00:00,9.458966255187988,14.079999923706055,14.239999771118164,14.079999923706055,14.239999771118164,22969.0
2001-05-08 00:00:00,9.458966255187988,14.079999923706055,14.239999771118164,14.079999923706055,14.239999771118164,2969.0
2001-05-09 00:00:00,9.458966255187988,14.079999923706055,14.079999923706055,14.079999923706055,14.079999923706055,2500.0
2001-05-10 00:00:00,9.458966255187988,14.079999923706055,14.079999923706055,14.079999923706055,14.079999923706055,35781.0
2001-05-11 00:00:00,9.501961708068848,14.144000053405762,14.144000053405762,14.079999923706055,14.079999923706055,10937.0
2001-05-14 00:00:00,9.54495620727539,14.208000183105469,14.208000183105469,14.208000183105469,14.208000183105469,1250.0
2001-05-15 00:00:00,9.56645679473877,14.239999771118164,14.239999771118164,14.208000183105469,14.208000183105469,2344.0
2001-05-16 00:00:00,9.575053215026855,14.252799987792969,14.432000160217285,14.118399620056152,14.259200096130371,7500.0
2001-05-17 00:00:00,9.583650588989258,14.265600204467773,14.272000312805176,14.214400291442871,14.272000312805176,2344.0
2001-05-18 00:00:00,9.549253463745117,14.214400291442871,14.239999771118164,14.214400291442871,14.239999771118164,937.0
2001-05-21 00:00:00,9.587946891784668,14.272000312805176,14.272000312805176,14.156800270080566,14.156800270080566,1406.0
2001-05-22 00:00:00,9.51915454864502,14.169599533081055,14.272000312805176,14.169599533081055,14.169599533081055,3750.0
2001-05-23 00:00:00,9.523452758789062,14.175999641418457,14.175999641418457,14.169599533081055,14.169599533081055,1406.0
2001-05-24 00:00:00,9.501961708068848,14.144000053405762,14.169599533081055,14.144000053405762,14.169599533081055,17812.0
2001-05-25 00:00:00,9.329974174499512,13.887999534606934,14.105600357055664,13.887999534606934,14.105600357055664,5625.0
2001-05-29 00:00:00,9.458966255187988,14.079999923706055,14.297599792480469,13.785599708557129,13.824000358581543,3906.0
2001-05-30 00:00:00,9.54495620727539,14.208000183105469,14.208000183105469,14.079999923706055,14.079999923706055,12344.0
2001-05-31 00:00:00,9.557853698730469,14.22719955444336,14.291199684143066,14.144000053405762,14.144000053405762,2656.0
2001-06-01 00:00:00,9.78143310546875,14.5600004196167,14.566399574279785,14.496000289916992,14.496000289916992,3906.0
2001-06-04 00:00:00,9.56645679473877,14.239999771118164,14.553600311279297,14.208000183105469,14.208000183105469,4375.0
2001-06-05 00:00:00,9.56645679473877,14.239999771118164,14.272000312805176,14.04800033569336,14.239999771118164,14062.0
2001-06-06 00:00:00,9.56645679473877,14.239999771118164,14.239999771118164,13.95199966430664,13.95199966430664,1562.0
2001-06-07 00:00:00,9.522306442260742,14.079999923706055,14.079999923706055,14.079999923706055,14.079999923706055,1094.0
2001-06-08 00:00:00,9.522306442260742,14.079999923706055,14.079999923706055,14.079999923706055,14.079999923706055,469.0
2001-06-11 00:00:00,9.630514144897461,14.239999771118164,14.239999771118164,14.18239974975586,14.18239974975586,5937.0
2001-06-12 00:00:00,9.807971000671387,14.502400398254395,14.502400398254395,14.233599662780762,14.233599662780762,3750.0
2001-06-13 00:00:00,9.630514144897461,14.239999771118164,14.239999771118164,14.233599662780762,14.239999771118164,3437.0
2001-06-14 00:00:00,9.794983863830566,14.483200073242188,14.483200073242188,14.239999771118164,14.239999771118164,1875.0
2001-06-15 00:00:00,9.73871898651123,14.399999618530273,14.502400398254395,14.079999923706055,14.175999641418457,12187.0
2001-06-18 00:00:00,9.539618492126465,14.105600357055664,14.105600357055664,14.105600357055664,14.105600357055664,5000.0
2001-06-19 00:00:00,9.591551780700684,14.18239974975586,14.336000442504883,14.079999923706055,14.079999923706055,5000.0
2001-06-20 00:00:00,9.769015312194824,14.44480037689209,14.521599769592285,14.118399620056152,14.368000030517578,4219.0
2001-06-21 00:00:00,9.907524108886719,14.6496000289917,14.656000137329102,14.521599769592285,14.521599769592285,5000.0
2001-06-22 00:00:00,9.833944320678711,14.540800094604492,14.84160041809082,14.540800094604492,14.681599617004395,1250.0
2001-06-25 00:00:00,9.976773262023926,14.751999855041504,14.751999855041504,14.259200096130371,14.259200096130371,5781.0
2001-06-26 00:00:00,9.955134391784668,14.720000267028809,14.751999855041504,14.713600158691406,14.720000267028809,41094.0
2001-06-27 00:00:00,9.955134391784668,14.720000267028809,14.751999855041504,14.720000267028809,14.751999855041504,4062.0
2001-06-28 00:00:00,9.998419761657715,14.784000396728516,14.835200309753418,14.720000267028809,14.7391996383667,8281.0
2001-06-29 00:00:00,10.764525413513184,15.916799545288086,16.0,14.93120002746582,15.00160026550293,75000.0
2001-07-02 00:00:00,10.803484916687012,15.97439956665039,16.121599197387695,15.359999656677246,15.641599655151367,44062.0
2001-07-03 00:00:00,10.82079792022705,16.0,16.0,15.711999893188477,15.711999893188477,2969.0
2001-07-05 00:00:00,10.621696472167969,15.705599784851074,16.0,15.705599784851074,16.0,469.0
2001-07-06 00:00:00,10.630355834960938,15.718400001525879,15.904000282287598,15.718400001525879,15.744000434875488,625.0
2001-07-09 00:00:00,10.82079792022705,16.0,16.0,15.705599784851074,15.705599784851074,5469.0
2001-07-10 00:00:00,10.82079792022705,16.0,16.0,15.776000022888184,15.993599891662598,16875.0
2001-07-11 00:00:00,10.799158096313477,15.968000411987305,15.968000411987305,15.423999786376953,15.776000022888184,30469.0
2001-07-12 00:00:00,10.75587272644043,15.904000282287598,16.0,15.871999740600586,15.980799674987793,5781.0
2001-07-13 00:00:00,10.816471099853516,15.993599891662598,15.993599891662598,15.583999633789062,15.904000282287598,7344.0
2001-07-16 00:00:00,10.288419723510742,15.212800025939941,16.0,15.212800025939941,15.993599891662598,26406.0
2001-07-17 00:00:00,10.431249618530273,15.423999786376953,15.680000305175781,15.263999938964844,15.366399765014648,7656.0
2001-07-18 00:00:00,10.12826919555664,14.97599983215332,15.449600219726562,14.97599983215332,15.41759967803955,3906.0
2001-07-19 00:00:00,10.171552658081055,15.039999961853027,15.359999656677246,14.995200157165527,15.359999656677246,1094.0
2001-07-20 00:00:00,10.171552658081055,15.039999961853027,15.423999786376953,15.00160026550293,15.00160026550293,5781.0
2001-07-23 00:00:00,10.171552658081055,15.039999961853027,15.13599967956543,15.039999961853027,15.039999961853027,2969.0
2001-07-24 00:00:00,10.12826919555664,14.97599983215332,15.039999961853027,14.97599983215332,15.039999961853027,7500.0
2001-07-25 00:00:00,10.145580291748047,15.00160026550293,15.039999961853027,14.777600288391113,14.911999702453613,1406.0
2001-07-26 00:00:00,9.994087219238281,14.777600288391113,15.071999549865723,14.777600288391113,15.008000373840332,4219.0
2001-07-27 00:00:00,10.171552658081055,15.039999961853027,15.123200416564941,15.039999961853027,15.059200286865234,1094.0
2001-07-30 00:00:00,10.171552658081055,15.039999961853027,15.039999961853027,14.777600288391113,14.777600288391113,7187.0
2001-07-31 00:00:00,9.747377395629883,14.412799835205078,15.193599700927734,14.412799835205078,15.039999961853027,8906.0
2001-08-01 00:00:00,9.760359764099121,14.432000160217285,15.180800437927246,14.432000160217285,14.720000267028809,5469.0
2001-08-02 00:00:00,9.794983863830566,14.483200073242188,15.180800437927246,14.412799835205078,14.412799835205078,3437.0
2001-08-03 00:00:00,10.478863716125488,15.494400024414062,15.494400024414062,14.46399974822998,14.46399974822998,2344.0
2001-08-06 00:00:00,10.193192481994629,15.071999549865723,15.456000328063965,14.41919994354248,14.41919994354248,9531.0
2001-08-07 00:00:00,9.846931457519531,14.5600004196167,14.5600004196167,14.432000160217285,14.432000160217285,1250.0
2001-08-08 00:00:00,9.747377395629883,14.412799835205078,15.212800025939941,14.412799835205078,14.46399974822998,3281.0
2001-08-09 00:00:00,10.171552658081055,15.039999961853027,15.039999961853027,14.988800048828125,15.02079963684082,3750.0
2001-08-10 00:00:00,10.314386367797852,15.251199722290039,15.251199722290039,14.720000267028809,14.720000267028809,4687.0
2001-08-13 00:00:00,10.82079792022705,16.0,16.15999984741211,15.28320026397705,15.359999656677246,17812.0
2001-08-14 00:00:00,10.617365837097168,15.699199676513672,16.0,15.379199981689453,15.379199981689453,14062.0
2001-08-15 00:00:00,10.669306755065918,15.776000022888184,16.0,15.680000305175781,15.680000305175781,3437.0
2001-08-16 00:00:00,10.82079792022705,16.0,16.0,15.756799697875977,15.756799697875977,7031.0
2001-08-17 00:00:00,10.82079792022705,16.0,16.0,15.993599891662598,15.993599891662598,3281.0
2001-08-20 00:00:00,10.82079792022705,16.0,16.0,15.776000022888184,16.0,4375.0
2001-08-21 00:00:00,10.712594985961914,15.84000015258789,16.0,15.756799697875977,15.756799697875977,17969.0
2001-08-22 00:00:00,10.82079792022705,16.0,16.0,15.84000015258789,16.0,6719.0
2001-08-23 00:00:00,10.712594985961914,15.84000015258789,16.0,15.84000015258789,16.0,11406.0
2001-08-24 00:00:00,10.82079792022705,16.0,16.0,15.84000015258789,15.980799674987793,4062.0
2001-08-27 00:00:00,10.690951347351074,15.807999610900879,16.0,15.807999610900879,16.0,7500.0
2001-08-28 00:00:00,10.669306755065918,15.776000022888184,15.97439956665039,15.744000434875488,15.814399719238281,31875.0
2001-08-29 00:00:00,10.587067604064941,15.654399871826172,15.961600303649902,15.64799976348877,15.776000022888184,7500.0
2001-08-30 00:00:00,10.812141418457031,15.987199783325195,15.987199783325195,15.987199783325195,15.987199783325195,625.0
2001-08-31 00:00:00,10.60438060760498,15.680000305175781,15.987199783325195,15.64799976348877,15.980799674987793,6094.0
2001-09-04 00:00:00,10.812141418457031,15.987199783325195,15.993599891662598,15.680000305175781,15.680000305175781,6406.0
2001-09-05 00:00:00,10.630355834960938,15.718400001525879,15.987199783325195,15.711999893188477,15.878399848937988,6875.0
2001-09-06 00:00:00,10.668671607971191,15.680000305175781,15.935999870300293,15.673600196838379,15.673600196838379,21562.0
2001-09-07 00:00:00,10.668671607971191,15.680000305175781,15.724800109863281,15.680000305175781,15.686400413513184,14375.0
2001-09-10 00:00:00,10.71221923828125,15.744000434875488,15.84000015258789,15.680000305175781,15.84000015258789,19062.0
2001-09-11 00:00:00,,,,,,
2001-09-12 00:00:00,,,,,,
2001-09-13 00:00:00,,,,,,
2001-09-17 00:00:00,10.233217239379883,15.039999961853027,15.84000015258789,15.039999961853027,15.686400413513184,17812.0
2001-09-18 00:00:00,10.146127700805664,14.911999702453613,15.359999656677246,14.911999702453613,15.359999656677246,4531.0
2001-09-19 00:00:00,10.198378562927246,14.988800048828125,15.039999961853027,14.592000007629395,14.97599983215332,9844.0
2001-09-20 00:00:00,10.015488624572754,14.720000267028809,15.02079963684082,14.5600004196167,14.5600004196167,2500.0
2001-09-21 00:00:00,9.127157211303711,13.414400100708008,15.02079963684082,13.356800079345703,14.57919979095459,27812.0
2001-09-24 00:00:00,9.623579978942871,14.144000053405762,14.720000267028809,13.503999710083008,14.496000289916992,14844.0
2001-09-25 00:00:00,9.536487579345703,14.015999794006348,14.214400291442871,14.015999794006348,14.208000183105469,8594.0
2001-09-26 00:00:00,9.623579978942871,14.144000053405762,14.175999641418457,14.015999794006348,14.02239990234375,12500.0
2001-09-27 00:00:00,9.893562316894531,14.540800094604492,14.540800094604492,14.079999923706055,14.144000053405762,5000.0
2001-09-28 00:00:00,10.220154762268066,15.02079963684082,15.027199745178223,14.336000442504883,14.399999618530273,18906.0
2001-10-01 00:00:00,10.233217239379883,15.039999961853027,15.199999809265137,15.033599853515625,15.033599853515625,17656.0
2001-10-02 00:00:00,10.651252746582031,15.654399871826172,15.788800239562988,14.188799858093262,14.188799858093262,9531.0
2001-10-03 00:00:00,10.381270408630371,15.257599830627441,15.616000175476074,15.257599830627441,15.411199569702148,11719.0
2001-10-04 00:00:00,9.745508193969727,14.323200225830078,15.456000328063965,14.015999794006348,15.456000328063965,30156.0
2001-10-05 00:00:00,9.69325065612793,14.246399879455566,14.751999855041504,14.246399879455566,14.297599792480469,3437.0
2001-10-08 00:00:00,9.649702072143555,14.18239974975586,14.18239974975586,14.02239990234375,14.175999641418457,3437.0
2001-10-09 00:00:00,9.536487579345703,14.015999794006348,14.015999794006348,14.015999794006348,14.015999794006348,469.0
2001-10-10 00:00:00,10.394333839416504,15.276800155639648,15.276800155639648,14.323200225830078,14.323200225830078,625.0
2001-10-11 00:00:00,10.2070894241333,15.00160026550293,15.276800155639648,14.278400421142578,15.276800155639648,5000.0
2001-10-12 00:00:00,10.385626792907715,15.263999938964844,15.263999938964844,15.263999938964844,15.263999938964844,312.0
2001-10-15 00:00:00,9.741151809692383,14.316800117492676,14.6496000289917,14.297599792480469,14.6496000289917,1250.0
2001-10-16 00:00:00,10.015488624572754,14.720000267028809,14.905599594116211,14.259200096130371,14.905599594116211,3750.0
2001-10-17 00:00:00,10.072097778320312,14.803199768066406,14.815999984741211,14.432000160217285,14.432000160217285,5469.0
2001-10-18 00:00:00,9.906628608703613,14.5600004196167,14.758399963378906,14.5600004196167,14.758399963378906,1406.0
2001-10-19 00:00:00,10.011137008666992,14.713600158691406,14.713600158691406,14.303999900817871,14.303999900817871,1250.0
2001-10-22 00:00:00,10.011137008666992,14.713600158691406,14.720000267028809,14.342399597167969,14.342399597167969,1875.0
2001-10-23 00:00:00,9.841303825378418,14.46399974822998,14.5600004196167,14.44480037689209,14.5600004196167,13281.0
2001-10-24 00:00:00,9.841303825378418,14.46399974822998,14.46399974822998,14.46399974822998,14.46399974822998,0.0
2001-10-25 00:00:00,9.797761917114258,14.399999618530273,14.572799682617188,14.239999771118164,14.46399974822998,2344.0
2001-10-26 00:00:00,9.710667610168457,14.272000312805176,14.6048002243042,14.272000312805176,14.399999618530273,4531.0
2001-10-29 00:00:00,9.688899993896484,14.239999771118164,14.239999771118164,14.233599662780762,14.233599662780762,1094.0
2001-10-30 00:00:00,9.662769317626953,14.201600074768066,14.527999877929688,14.201600074768066,14.246399879455566,3125.0
2001-10-31 00:00:00,9.688899993896484,14.239999771118164,14.611200332641602,14.220800399780273,14.611200332641602,17969.0
2001-11-01 00:00:00,9.640992164611816,14.169599533081055,14.611200332641602,14.163200378417969,14.611200332641602,2812.0
2001-11-02 00:00:00,9.9806489944458,14.668800354003906,14.668800354003906,14.208000183105469,14.208000183105469,5937.0
2001-11-05 00:00:00,9.985007286071777,14.675200462341309,14.675200462341309,14.636799812316895,14.6496000289917,3125.0
2001-11-06 00:00:00,10.080804824829102,14.815999984741211,14.815999984741211,14.272000312805176,14.272000312805176,5312.0
2001-11-07 00:00:00,9.845661163330078,14.470399856567383,14.656000137329102,14.470399856567383,14.656000137329102,1562.0
2001-11-08 00:00:00,9.989361763000488,14.681599617004395,14.681599617004395,14.681599617004395,14.681599617004395,469.0
2001-11-09 00:00:00,10.015488624572754,14.720000267028809,14.880000114440918,14.668800354003906,14.668800354003906,5156.0
2001-11-12 00:00:00,10.059033393859863,14.784000396728516,15.161600112915039,14.784000396728516,14.867199897766113,4687.0
2001-11-13 00:00:00,10.433526992797852,15.334400177001953,15.347200393676758,15.13599967956543,15.13599967956543,3437.0
2001-11-14 00:00:00,10.098226547241211,14.84160041809082,14.969599723815918,14.784000396728516,14.969599723815918,7031.0
2001-11-15 00:00:00,9.906628608703613,14.5600004196167,14.720000267028809,14.393600463867188,14.656000137329102,2656.0
2001-11-16 00:00:00,9.871789932250977,14.50879955291748,14.53439998626709,14.399999618530273,14.53439998626709,11094.0
2001-11-19 00:00:00,9.797761917114258,14.399999618530273,14.399999618530273,14.399999618530273,14.399999618530273,312.0
2001-11-20 00:00:00,9.876138687133789,14.515199661254883,14.515199661254883,14.515199661254883,14.515199661254883,156.0
2001-11-21 00:00:00,9.754212379455566,14.336000442504883,14.380800247192383,14.336000442504883,14.368000030517578,17187.0
2001-11-23 00:00:00,9.797761917114258,14.399999618530273,14.48960018157959,14.303999900817871,14.303999900817871,16094.0
2001-11-26 00:00:00,10.211447715759277,15.008000373840332,15.008000373840332,14.239999771118164,14.553600311279297,5312.0
2001-11-27 00:00:00,9.688899993896484,14.239999771118164,14.496000289916992,14.073599815368652,14.496000289916992,42656.0
2001-11-28 00:00:00,9.710667610168457,14.272000312805176,14.425600051879883,14.18239974975586,14.18239974975586,10469.0
2001-11-29 00:00:00,9.909295082092285,14.46399974822998,14.46399974822998,14.208000183105469,14.272000312805176,6250.0
2001-11-30 00:00:00,10.045220375061035,14.662400245666504,14.6943998336792,14.265600204467773,14.368000030517578,24375.0
2001-12-03 00:00:00,10.018909454345703,14.62399959564209,14.687999725341797,14.476799964904785,14.687999725341797,781.0
2001-12-04 00:00:00,10.018909454345703,14.62399959564209,14.62399959564209,14.470399856567383,14.62399959564209,2500.0
2001-12-05 00:00:00,9.91806411743164,14.476799964904785,14.687999725341797,14.476799964904785,14.476799964904785,1875.0
2001-12-06 00:00:00,10.053990364074707,14.675200462341309,14.675200462341309,14.348799705505371,14.470399856567383,937.0
2001-12-07 00:00:00,10.04959774017334,14.668800354003906,14.687999725341797,14.399999618530273,14.496000289916992,25156.0
2001-12-10 00:00:00,9.869834899902344,14.406399726867676,14.687999725341797,14.406399726867676,14.687999725341797,2500.0
2001-12-11 00:00:00,9.882984161376953,14.425600051879883,14.687999725341797,14.412799835205078,14.412799835205078,9844.0
2001-12-12 00:00:00,10.106600761413574,14.751999855041504,14.751999855041504,14.527999877929688,14.687999725341797,169219.0
2001-12-13 00:00:00,10.15483570098877,14.822400093078613,14.835200309753418,14.745599746704102,14.745599746704102,3906.0
2001-12-14 00:00:00,10.281988143920898,15.008000373840332,15.039999961853027,14.796799659729004,14.847999572753906,3906.0
2001-12-17 00:00:00,10.509991645812988,15.340800285339355,15.347200393676758,14.950400352478027,15.039999961853027,19687.0
2001-12-18 00:00:00,10.47929859161377,15.295999526977539,15.44320011138916,15.084799766540527,15.263999938964844,8125.0
2001-12-19 00:00:00,10.575757026672363,15.436800003051758,15.456000328063965,15.199999809265137,15.199999809265137,11875.0
2001-12-20 00:00:00,10.52314281463623,15.359999656677246,15.456000328063965,15.359999656677246,15.449600219726562,10000.0
2001-12-21 00:00:00,10.628371238708496,15.51360034942627,15.51360034942627,15.039999961853027,15.449600219726562,49531.0
2001-12-24 00:00:00,10.623991012573242,15.507200241088867,15.520000457763672,15.507200241088867,15.520000457763672,625.0
2001-12-26 00:00:00,10.698532104492188,15.616000175476074,15.616000175476074,15.51360034942627,15.520000457763672,2656.0
2001-12-27 00:00:00,10.584528923034668,15.449600219726562,15.64799976348877,15.32800006866455,15.32800006866455,3125.0
2001-12-28 00:00:00,10.584528923034668,15.449600219726562,15.520000457763672,15.449600219726562,15.456000328063965,5312.0
2001-12-31 00:00:00,10.623991012573242,15.507200241088867,15.507200241088867,15.232000350952148,15.32800006866455,2812.0
2002-01-02 00:00:00,10.382832527160645,15.155200004577637,15.232000350952148,14.880000114440918,15.232000350952148,7344.0
2002-01-03 00:00:00,10.413528442382812,15.199999809265137,15.199999809265137,14.97599983215332,15.199999809265137,2656.0
2002-01-04 00:00:00,10.146060943603516,14.809599876403809,15.359999656677246,14.726400375366211,15.199999809265137,26719.0
2002-01-07 00:00:00,10.08467960357666,14.720000267028809,14.720000267028809,14.53439998626709,14.720000267028809,9062.0
2002-01-08 00:00:00,10.08467960357666,14.720000267028809,14.720000267028809,14.496000289916992,14.496000289916992,3125.0
2002-01-09 00:00:00,10.216217994689941,14.911999702453613,15.039999961853027,14.720000267028809,14.720000267028809,6562.0
2002-01-10 00:00:00,10.128527641296387,14.784000396728516,14.911999702453613,14.784000396728516,14.911999702453613,2031.0
2002-01-11 00:00:00,10.303913116455078,15.039999961853027,15.199999809265137,14.944000244140625,15.039999961853027,38594.0
2002-01-14 00:00:00,10.185526847839355,14.867199897766113,15.039999961853027,14.867199897766113,15.039999961853027,2187.0
2002-01-15 00:00:00,10.172369956970215,14.847999572753906,14.847999572753906,14.720000267028809,14.784000396728516,2969.0
2002-01-16 00:00:00,10.295145034790039,15.027199745178223,15.039999961853027,14.847999572753906,14.847999572753906,3750.0
2002-01-17 00:00:00,10.13729476928711,14.796799659729004,15.052800178527832,14.796799659729004,14.97599983215332,18750.0
2002-01-18 00:00:00,10.260065078735352,14.97599983215332,15.148799896240234,14.847999572753906,14.847999572753906,69219.0
2002-01-22 00:00:00,10.089067459106445,14.726400375366211,15.168000221252441,14.713600158691406,14.97599983215332,14375.0
2002-01-23 00:00:00,10.588915824890137,15.456000328063965,15.456000328063965,15.039999961853027,15.039999961853027,16719.0
2002-01-24 00:00:00,10.536294937133789,15.379199981689453,15.379199981689453,15.174400329589844,15.193599700927734,27656.0
2002-01-25 00:00:00,10.32583236694336,15.071999549865723,15.071999549865723,15.071999549865723,15.071999549865723,312.0
2002-01-28 00:00:00,10.356526374816895,15.116800308227539,15.199999809265137,15.014399528503418,15.199999809265137,24375.0
2002-01-29 00:00:00,10.303913116455078,15.039999961853027,15.168000221252441,14.950400352478027,15.116800308227539,47656.0
2002-01-30 00:00:00,10.457376480102539,15.263999938964844,15.295999526977539,14.944000244140625,15.097599983215332,48125.0
2002-01-31 00:00:00,10.843221664428711,15.827199935913086,15.827199935913086,15.295999526977539,15.32800006866455,18437.0
2002-02-01 00:00:00,10.39160442352295,15.168000221252441,15.84000015258789,15.168000221252441,15.84000015258789,17031.0
2002-02-04 00:00:00,10.308298110961914,15.04640007019043,15.142399787902832,15.039999961853027,15.116800308227539,18750.0
2002-02-05 00:00:00,10.312681198120117,15.052800178527832,15.353599548339844,15.04640007019043,15.04640007019043,7031.0
2002-02-06 00:00:00,10.317062377929688,15.059200286865234,15.359999656677246,15.04640007019043,15.052800178527832,15000.0
2002-02-07 00:00:00,10.509991645812988,15.340800285339355,15.51360034942627,15.32800006866455,15.32800006866455,4062.0
2002-02-08 00:00:00,10.88267993927002,15.88479995727539,15.88479995727539,15.48799991607666,15.57759952545166,8594.0
2002-02-11 00:00:00,10.904607772827148,15.916799545288086,15.923199653625488,15.756799697875977,15.756799697875977,1094.0
2002-02-12 00:00:00,10.908992767333984,15.923199653625488,15.923199653625488,15.923199653625488,15.923199653625488,156.0
2002-02-13 00:00:00,10.887067794799805,15.891200065612793,15.904000282287598,15.750399589538574,15.750399589538574,1719.0
2002-02-14 00:00:00,10.94845962524414,15.980799674987793,16.0,15.923199653625488,15.923199653625488,23437.0
2002-02-15 00:00:00,10.786223411560059,15.744000434875488,15.987199783325195,15.731200218200684,15.987199783325195,10469.0
2002-02-19 00:00:00,10.505606651306152,15.334400177001953,15.711999893188477,15.295999526977539,15.711999893188477,4219.0
2002-02-20 00:00:00,10.742376327514648,15.680000305175781,15.737600326538086,15.359999656677246,15.680000305175781,23594.0
2002-02-21 00:00:00,10.54506778717041,15.392000198364258,15.680000305175781,15.392000198364258,15.680000305175781,8594.0
2002-02-22 00:00:00,10.742376327514648,15.680000305175781,15.680000305175781,15.392000198364258,15.392000198364258,8125.0
2002-02-25 00:00:00,10.632761001586914,15.520000457763672,15.680000305175781,15.520000457763672,15.616000175476074,1094.0
2002-02-26 00:00:00,10.645914077758789,15.539199829101562,15.539199829101562,15.520000457763672,15.520000457763672,6562.0
2002-02-27 00:00:00,10.720454216003418,15.64799976348877,15.64799976348877,15.084799766540527,15.526399612426758,32031.0
2002-02-28 00:00:00,10.724837303161621,15.654399871826172,16.05120086669922,15.520000457763672,15.64799976348877,40469.0
2002-03-01 00:00:00,10.851991653442383,15.84000015258789,16.128000259399414,15.64799976348877,15.680000305175781,28594.0
2002-03-04 00:00:00,10.917760848999023,15.935999870300293,16.15999984741211,15.552000045776367,15.552000045776367,26875.0
2002-03-05 00:00:00,10.873916625976562,15.871999740600586,16.0,15.859199523925781,16.0,5312.0
2002-03-06 00:00:00,10.847606658935547,15.833600044250488,15.871999740600586,15.814399719238281,15.871999740600586,3750.0
2002-03-07 00:00:00,11.029820442199707,16.0,16.0,15.807999610900879,16.0,8906.0
2002-03-08 00:00:00,10.932760238647461,15.859199523925781,16.0,15.69279956817627,15.993599891662598,32031.0
2002-03-11 00:00:00,10.853343963623047,15.744000434875488,15.980799674987793,15.64799976348877,15.64799976348877,15937.0
2002-03-12 00:00:00,10.712162017822266,15.539199829101562,15.680000305175781,15.539199829101562,15.680000305175781,4687.0
2002-03-13 00:00:00,10.994524955749512,15.948800086975098,15.948800086975098,15.539199829101562,15.539199829101562,2031.0
2002-03-14 00:00:00,10.809224128723145,15.680000305175781,15.680000305175781,15.596799850463867,15.596799850463867,937.0
2002-03-15 00:00:00,10.994524955749512,15.948800086975098,15.968000411987305,15.680000305175781,15.961600303649902,21562.0
2002-03-18 00:00:00,10.75186824798584,15.596799850463867,15.987199783325195,15.539199829101562,15.948800086975098,21719.0
2002-03-19 00:00:00,10.840104103088379,15.724800109863281,15.807999610900879,15.359999656677246,15.423999786376953,26875.0
2002-03-20 00:00:00,11.148941993713379,16.172800064086914,16.224000930786133,15.776000022888184,15.871999740600586,44687.0
2002-03-21 00:00:00,11.691608428955078,16.959999084472656,16.959999084472656,16.191999435424805,16.191999435424805,10000.0
2002-03-22 00:00:00,11.493073463439941,16.672000885009766,16.787200927734375,16.447999954223633,16.70400047302246,37812.0
2002-03-25 00:00:00,11.67837142944336,16.940799713134766,16.940799713134766,16.684799194335938,16.92799949645996,3281.0
2002-03-26 00:00:00,11.912201881408691,17.280000686645508,17.472000122070312,16.639999389648438,16.940799713134766,14062.0
2002-03-27 00:00:00,11.89014720916748,17.24799919128418,17.600000381469727,17.13279914855957,17.280000686645508,23906.0
2002-03-28 00:00:00,11.912201881408691,17.280000686645508,17.56800079345703,16.959999084472656,17.1200008392334,27344.0
2002-04-01 00:00:00,11.912201881408691,17.280000686645508,17.542400360107422,16.799999237060547,17.280000686645508,43906.0
2002-04-02 00:00:00,11.868086814880371,17.215999603271484,17.580799102783203,16.92799949645996,17.24799919128418,32187.0
2002-04-03 00:00:00,11.912201881408691,17.280000686645508,17.548799514770508,17.18400001525879,17.3439998626709,24375.0
2002-04-04 00:00:00,11.996031761169434,17.401599884033203,17.401599884033203,16.97920036315918,17.1200008392334,10469.0
2002-04-05 00:00:00,11.934266090393066,17.312000274658203,17.56800079345703,17.18400001525879,17.561599731445312,13281.0
2002-04-08 00:00:00,11.912201881408691,17.280000686645508,17.721599578857422,17.190399169921875,17.663999557495117,3906.0
2002-04-09 00:00:00,11.846026420593262,17.18400001525879,17.535999298095703,17.18400001525879,17.280000686645508,5000.0
2002-04-10 00:00:00,12.198983192443848,17.695999145507812,17.695999145507812,17.196800231933594,17.280000686645508,12031.0
2002-04-11 00:00:00,12.331342697143555,17.88800048828125,17.983999252319336,17.241600036621094,17.4783992767334,49219.0
2002-04-12 00:00:00,11.921029090881348,17.292800903320312,18.04800033569336,17.292800903320312,17.920000076293945,60781.0
2002-04-15 00:00:00,11.978386878967285,17.375999450683594,17.4783992767334,17.280000686645508,17.312000274658203,31719.0
2002-04-16 00:00:00,12.569584846496582,18.233600616455078,18.239999771118164,17.408000946044922,17.4783992767334,12187.0
2002-04-17 00:00:00,12.326926231384277,17.88159942626953,18.143999099731445,17.715200424194336,18.143999099731445,4375.0
2002-04-18 00:00:00,12.176922798156738,17.663999557495117,18.176000595092773,17.663999557495117,17.823999404907227,7969.0
2002-04-19 00:00:00,12.066628456115723,17.503999710083008,17.695999145507812,17.503999710083008,17.695999145507812,7812.0
2002-04-22 00:00:00,12.11956787109375,17.580799102783203,17.638399124145508,17.3439998626709,17.638399124145508,2344.0
2002-04-23 00:00:00,12.132802963256836,17.600000381469727,17.823999404907227,17.535999298095703,17.600000381469727,7656.0
2002-04-24 00:00:00,12.066628456115723,17.503999710083008,17.600000381469727,17.503999710083008,17.600000381469727,4375.0
2002-04-25 00:00:00,11.978386878967285,17.375999450683594,17.535999298095703,17.280000686645508,17.3439998626709,7344.0
2002-04-26 00:00:00,12.706357955932617,18.43199920654297,18.496000289916992,17.280000686645508,17.593599319458008,47031.0
2002-04-29 00:00:00,12.662235260009766,18.368000030517578,18.5216007232666,18.11199951171875,18.508800506591797,4687.0
2002-04-30 00:00:00,12.247511863708496,17.766399383544922,18.559999465942383,17.766399383544922,18.559999465942383,103125.0
2002-05-01 00:00:00,12.437223434448242,18.04159927368164,18.105600357055664,17.894399642944336,17.894399642944336,5469.0
2002-05-02 00:00:00,13.010777473449707,18.873600006103516,18.873600006103516,17.88800048828125,17.88800048828125,27812.0
2002-05-03 00:00:00,13.24020004272461,19.20639991760254,19.212799072265625,18.68160057067871,18.687999725341797,31562.0
2002-05-06 00:00:00,12.662235260009766,18.368000030517578,19.11680030822754,18.368000030517578,19.09760093688965,22812.0
2002-05-07 00:00:00,12.441634178161621,18.04800033569336,18.515199661254883,18.04800033569336,18.399999618530273,12031.0
2002-05-08 00:00:00,12.529878616333008,18.176000595092773,18.534400939941406,18.09280014038086,18.368000030517578,5312.0
2002-05-09 00:00:00,12.600465774536133,18.278400421142578,18.675199508666992,18.054399490356445,18.20159912109375,12656.0
2002-05-10 00:00:00,12.172508239746094,17.65760040283203,18.214399337768555,17.600000381469727,18.09280014038086,15312.0
2002-05-13 00:00:00,12.154858589172363,17.631999969482422,17.97760009765625,17.600000381469727,17.920000076293945,8906.0
2002-05-14 00:00:00,12.044567108154297,17.472000122070312,17.97760009765625,17.472000122070312,17.97760009765625,29687.0
2002-05-15 00:00:00,11.806318283081055,17.126399993896484,17.555200576782227,17.126399993896484,17.440000534057617,24844.0
2002-05-16 00:00:00,11.67396354675293,16.93440055847168,17.695999145507812,16.93440055847168,17.56800079345703,20312.0
2002-05-17 00:00:00,11.837203025817871,17.171199798583984,17.215999603271484,16.799999237060547,17.030399322509766,13594.0
2002-05-20 00:00:00,11.634255409240723,16.876800537109375,17.24799919128418,16.84480094909668,17.24799919128418,17344.0
2002-05-21 00:00:00,11.581310272216797,16.799999237060547,17.11359977722168,16.799999237060547,16.806400299072266,14062.0
2002-05-22 00:00:00,11.943092346191406,17.324800491333008,17.510400772094727,17.145599365234375,17.177600860595703,58281.0
2002-05-23 00:00:00,11.912201881408691,17.280000686645508,17.484800338745117,17.215999603271484,17.260799407958984,75937.0
2002-05-24 00:00:00,11.757790565490723,17.055999755859375,17.529600143432617,17.055999755859375,17.529600143432617,34844.0
2002-05-28 00:00:00,11.550431251525879,16.755199432373047,17.055999755859375,16.63360023498535,17.055999755859375,7656.0
2002-05-29 00:00:00,11.907797813415527,17.27359962463379,17.3439998626709,16.479999542236328,16.639999389648438,40625.0
2002-05-30 00:00:00,11.912201881408691,17.280000686645508,17.503999710083008,17.18400001525879,17.280000686645508,24687.0
2002-05-31 00:00:00,11.965149879455566,17.356800079345703,17.5231990814209,17.126399993896484,17.126399993896484,20781.0
2002-06-03 00:00:00,12.009268760681152,17.420799255371094,17.593599319458008,17.20319938659668,17.2096004486084,21250.0
2002-06-04 00:00:00,11.912201881408691,17.280000686645508,17.56800079345703,17.1200008392334,17.280000686645508,12656.0
2002-06-05 00:00:00,11.713672637939453,16.992000579833984,17.1200008392334,16.799999237060547,17.1200008392334,6562.0
2002-06-06 00:00:00,12.314064025878906,17.760000228881836,17.830400466918945,16.97279930114746,16.992000579833984,25781.0
2002-06-07 00:00:00,12.469376564025879,17.983999252319336,18.124799728393555,17.753599166870117,17.753599166870117,7969.0
2002-06-10 00:00:00,12.97968864440918,18.719999313354492,18.8799991607666,18.060800552368164,18.060800552368164,14375.0
2002-06-11 00:00:00,13.632000923156738,19.66080093383789,19.68000030517578,18.8351993560791,18.91200065612793,21719.0
2002-06-12 00:00:00,13.321370124816895,19.212799072265625,19.673599243164062,19.18720054626465,19.673599243164062,25156.0
2002-06-13 00:00:00,13.22818660736084,19.078399658203125,19.398399353027344,19.040000915527344,19.200000762939453,5625.0
2002-06-14 00:00:00,13.188252449035645,19.02079963684082,19.07200050354004,18.624000549316406,18.91200065612793,7500.0
2002-06-17 00:00:00,13.201566696166992,19.040000915527344,19.040000915527344,18.278400421142578,18.291200637817383,9687.0
2002-06-18 00:00:00,13.281440734863281,19.15519905090332,19.193599700927734,18.6112003326416,19.07200050354004,10312.0
2002-06-19 00:00:00,13.303627014160156,19.18720054626465,19.200000762939453,18.758399963378906,18.758399963378906,8281.0
2002-06-20 00:00:00,13.294758796691895,19.174400329589844,19.302400588989258,18.75200080871582,18.758399963378906,5937.0
2002-06-21 00:00:00,13.494436264038086,19.462400436401367,19.468799591064453,19.06559944152832,19.38559913635254,45000.0
2002-06-24 00:00:00,13.796189308166504,19.897600173950195,19.90399932861328,19.200000762939453,19.481599807739258,22344.0
2002-06-25 00:00:00,13.698559761047363,19.756799697875977,20.02560043334961,19.360000610351562,19.711999893188477,25000.0
2002-06-26 00:00:00,14.27099895477295,20.582399368286133,20.582399368286133,19.622400283813477,19.743999481201172,12187.0
2002-06-27 00:00:00,14.484003067016602,20.88960075378418,21.280000686645508,20.54400062561035,20.601600646972656,24375.0
2002-06-28 00:00:00,15.32267951965332,22.099199295043945,22.27199935913086,20.563199996948242,20.563199996948242,81406.0
2002-07-01 00:00:00,15.087504386901855,21.760000228881836,21.95199966430664,21.02400016784668,21.95199966430664,47500.0
2002-07-02 00:00:00,14.865626335144043,21.440000534057617,21.593599319458008,21.2096004486084,21.3439998626709,10312.0
2002-07-03 00:00:00,14.741378784179688,21.260799407958984,21.440000534057617,21.171199798583984,21.286399841308594,12969.0
2002-07-05 00:00:00,14.577190399169922,21.02400016784668,21.24799919128418,20.959999084472656,21.152000427246094,10937.0
2002-07-08 00:00:00,14.901122093200684,21.491199493408203,21.600000381469727,20.90880012512207,20.90880012512207,11562.0
2002-07-09 00:00:00,14.692570686340332,21.190399169921875,21.600000381469727,21.190399169921875,21.260799407958984,4687.0
2002-07-10 00:00:00,14.44405746459961,20.832000732421875,21.369600296020508,20.832000732421875,21.08799934387207,9062.0
2002-07-11 00:00:00,14.186685562133789,20.460800170898438,20.95359992980957,20.31999969482422,20.825599670410156,14844.0
2002-07-12 00:00:00,13.884939193725586,20.02560043334961,20.569599151611328,20.02560043334961,20.326400756835938,23594.0
2002-07-15 00:00:00,13.529935836791992,19.513599395751953,20.288000106811523,19.513599395751953,20.288000106811523,12969.0
2002-07-16 00:00:00,13.734063148498535,19.808000564575195,20.121599197387695,19.488000869750977,19.583999633789062,4687.0
2002-07-17 00:00:00,13.844999313354492,19.968000411987305,19.968000411987305,19.494400024414062,19.494400024414062,12187.0
2002-07-18 00:00:00,13.552124977111816,19.54560089111328,19.942399978637695,19.398399353027344,19.648000717163086,6875.0
2002-07-19 00:00:00,13.294758796691895,19.174400329589844,19.54560089111328,19.167999267578125,19.334400177001953,8125.0
2002-07-22 00:00:00,13.312501907348633,19.200000762939453,19.238399505615234,18.399999618530273,19.174400329589844,30000.0
2002-07-23 00:00:00,12.926440238952637,18.643199920654297,19.200000762939453,18.464000701904297,18.854400634765625,31719.0
2002-07-24 00:00:00,13.534377098083496,19.520000457763672,19.520000457763672,18.368000030517578,18.399999618530273,14687.0
2002-07-25 00:00:00,14.594937324523926,21.04960060119629,21.1200008392334,19.520000457763672,19.520000457763672,19062.0
2002-07-26 00:00:00,15.220623016357422,21.95199966430664,21.95199966430664,20.67840003967285,20.67840003967285,12344.0
2002-07-29 00:00:00,14.865626335144043,21.440000534057617,22.035200119018555,21.440000534057617,21.760000228881836,34375.0
2002-07-30 00:00:00,14.639313697814941,21.11359977722168,21.312000274658203,20.607999801635742,21.312000274658203,12031.0
2002-07-31 00:00:00,14.452939987182617,20.84480094909668,21.280000686645508,20.84480094909668,21.04319953918457,4844.0
2002-08-01 00:00:00,13.858318328857422,19.987199783325195,21.280000686645508,19.392000198364258,21.215999603271484,32187.0
2002-08-02 00:00:00,13.334691047668457,19.23200035095215,19.84000015258789,18.246400833129883,19.84000015258789,17969.0
2002-08-05 00:00:00,13.423439979553223,19.360000610351562,19.45599937438965,17.856000900268555,18.75200080871582,31094.0
2002-08-06 00:00:00,13.600935935974121,19.615999221801758,19.615999221801758,19.212799072265625,19.360000610351562,10312.0
2002-08-07 00:00:00,13.667502403259277,19.711999893188477,20.031999588012695,19.50079917907715,19.711999893188477,3750.0
2002-08-08 00:00:00,14.395247459411621,20.761600494384766,20.799999237060547,19.718399047851562,20.031999588012695,6250.0
2002-08-09 00:00:00,14.217752456665039,20.505599975585938,20.76799964904785,20.505599975585938,20.755199432373047,6094.0
2002-08-12 00:00:00,13.756251335144043,19.84000015258789,20.736000061035156,19.84000015258789,20.473600387573242,8594.0
2002-08-13 00:00:00,13.716310501098633,19.782400131225586,20.089599609375,19.763200759887695,20.089599609375,22031.0
2002-08-14 00:00:00,14.346441268920898,20.691200256347656,20.691200256347656,19.84000015258789,19.846399307250977,9531.0
2002-08-15 00:00:00,14.64374828338623,21.1200008392334,21.2544002532959,20.672000885009766,20.799999237060547,12500.0
2002-08-16 00:00:00,14.732501029968262,21.24799919128418,21.260799407958984,20.90239906311035,21.11359977722168,21562.0
2002-08-19 00:00:00,14.754693031311035,21.280000686645508,21.280000686645508,20.83839988708496,21.280000686645508,4844.0
2002-08-20 00:00:00,14.555002212524414,20.992000579833984,21.280000686645508,20.992000579833984,21.280000686645508,3594.0
2002-08-21 00:00:00,14.754693031311035,21.280000686645508,21.280000686645508,21.055999755859375,21.280000686645508,5156.0
2002-08-22 00:00:00,14.696999549865723,21.196800231933594,21.196800231933594,21.055999755859375,21.055999755859375,3906.0
2002-08-23 00:00:00,14.68812084197998,21.18400001525879,21.440000534057617,21.06879997253418,21.1200008392334,14687.0
2002-08-26 00:00:00,14.759119033813477,21.286399841308594,21.408000946044922,21.152000427246094,21.18400001525879,8906.0
2002-08-27 00:00:00,14.64374828338623,21.1200008392334,21.280000686645508,21.081600189208984,21.280000686645508,14062.0
2002-08-28 00:00:00,14.64374828338623,21.1200008392334,21.472000122070312,21.055999755859375,21.055999755859375,19531.0
2002-08-29 00:00:00,14.994314193725586,21.625600814819336,21.631999969482422,21.13920021057129,21.292800903320312,5625.0
2002-08-30 00:00:00,14.954373359680176,21.56800079345703,21.638399124145508,21.3887996673584,21.625600814819336,13281.0
2002-09-03 00:00:00,14.812372207641602,21.36319923400879,21.760000228881836,21.13920021057129,21.3887996673584,46094.0
2002-09-04 00:00:00,15.398131370544434,22.20800018310547,22.22719955444336,21.427200317382812,21.427200317382812,40937.0
2002-09-05 00:00:00,15.207803726196289,21.83679962158203,22.11199951171875,21.830400466918945,21.990400314331055,11562.0
2002-09-06 00:00:00,15.528719902038574,22.29759979248047,22.29759979248047,21.868799209594727,21.95199966430664,28281.0
2002-09-09 00:00:00,15.466325759887695,22.20800018310547,22.304000854492188,21.663999557495117,22.304000854492188,7344.0
2002-09-10 00:00:00,15.488604545593262,22.239999771118164,22.239999771118164,21.88800048828125,22.20159912109375,18281.0
2002-09-11 00:00:00,15.448481559753418,22.18239974975586,22.304000854492188,22.035200119018555,22.233600616455078,10469.0
2002-09-12 00:00:00,15.488604545593262,22.239999771118164,22.31679916381836,22.06719970703125,22.169599533081055,4219.0
2002-09-13 00:00:00,15.889744758605957,22.81599998474121,22.81599998474121,22.214399337768555,22.239999771118164,10312.0
2002-09-16 00:00:00,15.87637710571289,22.79680061340332,23.040000915527344,22.336000442504883,22.8799991607666,6094.0
2002-09-17 00:00:00,15.67135238647461,22.502399444580078,23.641599655151367,22.406400680541992,23.033599853515625,12656.0
2002-09-18 00:00:00,14.757640838623047,21.190399169921875,22.399999618530273,21.190399169921875,22.399999618530273,47969.0
2002-09-19 00:00:00,14.77546215057373,21.215999603271484,21.56800079345703,20.90239906311035,21.20319938659668,20000.0
2002-09-20 00:00:00,14.78437614440918,21.22879981994629,21.638399124145508,21.20319938659668,21.2544002532959,43906.0
2002-09-23 00:00:00,14.766547203063965,21.20319938659668,21.222400665283203,20.684799194335938,21.222400665283203,35781.0
2002-09-24 00:00:00,15.056259155273438,21.619199752807617,21.625600814819336,20.959999084472656,21.196800231933594,6719.0
2002-09-25 00:00:00,15.265746116638184,21.920000076293945,22.016000747680664,21.56800079345703,21.56800079345703,30000.0
2002-09-26 00:00:00,15.15432357788086,21.760000228881836,22.079999923706055,21.760000228881836,22.079999923706055,9687.0
2002-09-27 00:00:00,14.891349792480469,21.382400512695312,21.760000228881836,21.382400512695312,21.760000228881836,3594.0
2002-09-30 00:00:00,14.735346794128418,21.15839958190918,21.375999450683594,21.055999755859375,21.375999450683594,8750.0
2002-10-01 00:00:00,14.704148292541504,21.11359977722168,21.152000427246094,21.02400016784668,21.055999755859375,27969.0
2002-10-02 00:00:00,14.659573554992676,21.04960060119629,21.1200008392334,21.030399322509766,21.11359977722168,8906.0
2002-10-03 00:00:00,14.494659423828125,20.81279945373535,21.02400016784668,20.755199432373047,21.02400016784668,6875.0
2002-10-04 00:00:00,14.298544883728027,20.531200408935547,20.95359992980957,20.531200408935547,20.95359992980957,5469.0
2002-10-07 00:00:00,13.411574363708496,19.257600784301758,20.531200408935547,19.13599967956543,20.531200408935547,40937.0
2002-10-08 00:00:00,13.371458053588867,19.200000762939453,19.615999221801758,19.014400482177734,19.520000457763672,8906.0
2002-10-09 00:00:00,12.591460227966309,18.079999923706055,19.200000762939453,18.079999923706055,19.033599853515625,16719.0
2002-10-10 00:00:00,12.631571769714355,18.13759994506836,18.348800659179688,17.811199188232422,18.06719970703125,13906.0
2002-10-11 00:00:00,13.148599624633789,18.8799991607666,18.8799991607666,17.88800048828125,17.88800048828125,42812.0
2002-10-14 00:00:00,13.420485496520996,19.27039909362793,19.27039909362793,18.662399291992188,18.662399291992188,28125.0
2002-10-15 00:00:00,13.777056694030762,19.782400131225586,19.782400131225586,19.27680015563965,19.27680015563965,11250.0
2002-10-16 00:00:00,13.732486724853516,19.718399047851562,20.224000930786133,19.462400436401367,19.737600326538086,10937.0
2002-10-17 00:00:00,14.080141067504883,20.217599868774414,20.224000930786133,19.711999893188477,20.224000930786133,5937.0
2002-10-18 00:00:00,13.594316482543945,19.520000457763672,20.224000930786133,19.520000457763672,19.775999069213867,10156.0
2002-10-21 00:00:00,13.647793769836426,19.596799850463867,19.808000564575195,19.45599937438965,19.520000457763672,5781.0
2002-10-22 00:00:00,13.594316482543945,19.520000457763672,19.731199264526367,19.423999786376953,19.577600479125977,4687.0
2002-10-23 00:00:00,13.473976135253906,19.347200393676758,19.782400131225586,18.8799991607666,19.392000198364258,10156.0
2002-10-24 00:00:00,13.625515937805176,19.564800262451172,19.603200912475586,19.36639976501465,19.513599395751953,2656.0
2002-10-25 00:00:00,13.857287406921387,19.897600173950195,19.90399932861328,19.603200912475586,19.603200912475586,4219.0
2002-10-28 00:00:00,13.955349922180176,20.038400650024414,20.198400497436523,19.84000015258789,20.057600021362305,7812.0
2002-10-29 00:00:00,14.240601539611816,20.447999954223633,20.447999954223633,20.031999588012695,20.191999435424805,7500.0
2002-10-30 00:00:00,14.530315399169922,20.86400032043457,20.86400032043457,20.377599716186523,20.473600387573242,6719.0
2002-10-31 00:00:00,14.77546215057373,21.215999603271484,21.24799919128418,20.85759925842285,20.85759925842285,10781.0
2002-11-01 00:00:00,15.332608222961426,22.016000747680664,22.016000747680664,21.267200469970703,21.267200469970703,17031.0
2002-11-04 00:00:00,15.582200050354004,22.374399185180664,22.374399185180664,22.035200119018555,22.035200119018555,14844.0
2002-11-05 00:00:00,14.855688095092773,21.331199645996094,22.464000701904297,21.312000274658203,22.214399337768555,91719.0
2002-11-06 00:00:00,14.80220890045166,21.2544002532959,21.561599731445312,21.1648006439209,21.280000686645508,9687.0
2002-11-07 00:00:00,14.548148155212402,20.88960075378418,21.401599884033203,20.832000732421875,21.15839958190918,9375.0
2002-11-08 00:00:00,14.3966064453125,20.672000885009766,20.915199279785156,20.672000885009766,20.832000732421875,5000.0
2002-11-11 00:00:00,14.240601539611816,20.447999954223633,20.83839988708496,20.435199737548828,20.65920066833496,6875.0
2002-11-12 00:00:00,14.490208625793457,20.806400299072266,20.84480094909668,20.447999954223633,20.447999954223633,4844.0
2002-11-13 00:00:00,14.52585506439209,20.85759925842285,20.947200775146484,20.511999130249023,20.511999130249023,2656.0
2002-11-14 00:00:00,14.766547203063965,21.20319938659668,21.420799255371094,20.832000732421875,20.95359992980957,12031.0
2002-11-15 00:00:00,14.539230346679688,20.876800537109375,21.190399169921875,20.85759925842285,21.190399169921875,5469.0
2002-11-18 00:00:00,14.459000587463379,20.761600494384766,21.401599884033203,20.755199432373047,20.88319969177246,15937.0
2002-11-19 00:00:00,14.664033889770508,21.055999755859375,21.1200008392334,20.33919906616211,20.761600494384766,23750.0
2002-11-20 00:00:00,15.047348022460938,21.606399536132812,21.619199752807617,21.01759910583496,21.01759910583496,10312.0
2002-11-21 00:00:00,15.707009315490723,22.553600311279297,22.624000549316406,21.395200729370117,21.395200729370117,50156.0
2002-11-22 00:00:00,15.724836349487305,22.579200744628906,22.585599899291992,22.374399185180664,22.374399185180664,4219.0
2002-11-25 00:00:00,16.04574966430664,23.040000915527344,23.040000915527344,22.649599075317383,22.649599075317383,15156.0
2002-11-26 00:00:00,16.366662979125977,23.50079917907715,23.50079917907715,22.963199615478516,23.059200286865234,71094.0
2002-11-27 00:00:00,17.00403594970703,24.416000366210938,24.441600799560547,23.507200241088867,23.507200241088867,30156.0
2002-11-29 00:00:00,17.192079544067383,24.576000213623047,24.63360023498535,23.833599090576172,23.833599090576172,9687.0
2002-12-02 00:00:00,17.54576873779297,25.081600189208984,25.1200008392334,24.435199737548828,24.54400062561035,26406.0
2002-12-03 00:00:00,16.88315200805664,24.1343994140625,25.1200008392334,24.128000259399414,24.652799606323242,16875.0
2002-12-04 00:00:00,16.430967330932617,23.488000869750977,23.93600082397461,23.430400848388672,23.878400802612305,7187.0
2002-12-05 00:00:00,16.5205135345459,23.615999221801758,23.788799285888672,23.430400848388672,23.430400848388672,4219.0
2002-12-06 00:00:00,16.46678352355957,23.539199829101562,23.711999893188477,23.436800003051758,23.711999893188477,4062.0
2002-12-09 00:00:00,16.560802459716797,23.673599243164062,23.961599349975586,23.379199981689453,23.609600067138672,5937.0
2002-12-10 00:00:00,16.31904411315918,23.327999114990234,23.63520050048828,23.25119972229004,23.379199981689453,7031.0
2002-12-11 00:00:00,16.336946487426758,23.353599548339844,23.68000030517578,23.283199310302734,23.615999221801758,10937.0
2002-12-12 00:00:00,16.560802459716797,23.673599243164062,23.68000030517578,23.34079933166504,23.34079933166504,6719.0
2002-12-13 00:00:00,16.341428756713867,23.360000610351562,23.68000030517578,23.27039909362793,23.41119956970215,6875.0
2002-12-16 00:00:00,16.56528091430664,23.68000030517578,23.968000411987305,23.360000610351562,23.654399871826172,23437.0
2002-12-17 00:00:00,16.766748428344727,23.968000411987305,23.97439956665039,23.45599937438965,23.615999221801758,11562.0
2002-12-18 00:00:00,16.762277603149414,23.961599349975586,23.987199783325195,23.85919952392578,23.987199783325195,1250.0
2002-12-19 00:00:00,16.762277603149414,23.961599349975586,23.993600845336914,23.430400848388672,23.430400848388672,17656.0
2002-12-20 00:00:00,17.07119369506836,24.403200149536133,24.447999954223633,23.648000717163086,23.968000411987305,35000.0
2002-12-23 00:00:00,17.680078506469727,25.27359962463379,25.280000686645508,24.416000366210938,24.479999542236328,49687.0
2002-12-24 00:00:00,17.61739730834961,25.18400001525879,25.631999969482422,24.832000732421875,25.27359962463379,7344.0
2002-12-26 00:00:00,17.514427185058594,25.036800384521484,25.56800079345703,24.86400032043457,25.56800079345703,2031.0
2002-12-27 00:00:00,17.31743621826172,24.755199432373047,25.04319953918457,24.736000061035156,25.02400016784668,4687.0
2002-12-30 00:00:00,17.46965980529785,24.97279930114746,25.427200317382812,24.607999801635742,25.427200317382812,20312.0
2002-12-31 00:00:00,17.54576873779297,25.081600189208984,25.382400512695312,24.915199279785156,24.97279930114746,14062.0
2003-01-02 00:00:00,17.48309326171875,24.992000579833984,25.1200008392334,24.72960090637207,24.79360008239746,5781.0
2003-01-03 00:00:00,17.17416763305664,24.550399780273438,24.959999084472656,24.473600387573242,24.736000061035156,9375.0
2003-01-06 00:00:00,17.34429359436035,24.79360008239746,24.79360008239746,24.49920082092285,24.550399780273438,14062.0
2003-01-07 00:00:00,17.02642059326172,24.33919906616211,24.832000732421875,24.31999969482422,24.79360008239746,12812.0
2003-01-08 00:00:00,16.677209854125977,23.84000015258789,24.473600387573242,23.75040054321289,24.31999969482422,12969.0
2003-01-09 00:00:00,16.793609619140625,24.006399154663086,24.217599868774414,23.808000564575195,24.217599868774414,8594.0
2003-01-10 00:00:00,16.574230194091797,23.692800521850586,23.93600082397461,23.583999633789062,23.871999740600586,10312.0
2003-01-13 00:00:00,16.238449096679688,23.212799072265625,23.63520050048828,23.20639991760254,23.622400283813477,20000.0
2003-01-14 00:00:00,16.117572784423828,23.040000915527344,23.20639991760254,22.924800872802734,23.20639991760254,32500.0
2003-01-15 00:00:00,16.095186233520508,23.007999420166016,23.033599853515625,22.534400939941406,23.033599853515625,61875.0
2003-01-16 00:00:00,16.650344848632812,23.801599502563477,23.871999740600586,23.104000091552734,23.104000091552734,9375.0
2003-01-17 00:00:00,17.048805236816406,24.371200561523438,24.479999542236328,23.808000564575195,23.808000564575195,10625.0
2003-01-21 00:00:00,16.55632781982422,23.667200088500977,24.012800216674805,23.520000457763672,23.93600082397461,12656.0
2003-01-22 00:00:00,16.583189010620117,23.70560073852539,24.20479965209961,23.36639976501465,24.20479965209961,10000.0
2003-01-23 00:00:00,16.511550903320312,23.603200912475586,23.808000564575195,23.353599548339844,23.532800674438477,4062.0
2003-01-24 00:00:00,16.341428756713867,23.360000610351562,23.76959991455078,23.360000610351562,23.45599937438965,7344.0
2003-01-27 00:00:00,16.35933494567871,23.38559913635254,23.628799438476562,23.167999267578125,23.167999267578125,9219.0
2003-01-28 00:00:00,16.430967330932617,23.488000869750977,23.615999221801758,23.104000091552734,23.36639976501465,6406.0
2003-01-29 00:00:00,16.20710563659668,23.167999267578125,23.436800003051758,23.059200286865234,23.059200286865234,2656.0
2003-01-30 00:00:00,16.310081481933594,23.315200805664062,23.526399612426758,23.11039924621582,23.11039924621582,10937.0
2003-01-31 00:00:00,16.896583557128906,24.153600692749023,24.31999969482422,23.040000915527344,23.315200805664062,19219.0
2003-02-03 00:00:00,16.69511604309082,23.8656005859375,24.128000259399414,23.686399459838867,24.031999588012695,9375.0
2003-02-04 00:00:00,16.489173889160156,23.571199417114258,23.923200607299805,23.488000869750977,23.81439971923828,12656.0
2003-02-05 00:00:00,15.651944160461426,22.374399185180664,23.04640007019043,22.239999771118164,22.963199615478516,24219.0
2003-02-06 00:00:00,15.490775108337402,22.143999099731445,22.438400268554688,22.143999099731445,22.438400268554688,10625.0
2003-02-07 00:00:00,15.490775108337402,22.143999099731445,22.214399337768555,22.09280014038086,22.124799728393555,6719.0
2003-02-10 00:00:00,15.414670944213867,22.035200119018555,22.399999618530273,21.894399642944336,22.399999618530273,12344.0
2003-02-11 00:00:00,15.566887855529785,22.25279998779297,22.77120018005371,21.95840072631836,22.04800033569336,10156.0
2003-02-12 00:00:00,15.24901008605957,21.79840087890625,22.11840057373047,21.785600662231445,21.894399642944336,8125.0
2003-02-13 00:00:00,15.66986083984375,22.399999618530273,22.43199920654297,21.446399688720703,21.740800857543945,8594.0
2003-02-14 00:00:00,15.575847625732422,22.265600204467773,22.598400115966797,22.188800811767578,22.4768009185791,2969.0
2003-02-18 00:00:00,15.893714904785156,22.719999313354492,22.8799991607666,22.5216007232666,22.649599075317383,7187.0
2003-02-19 00:00:00,15.844468116760254,22.649599075317383,22.8351993560791,22.643199920654297,22.8351993560791,2187.0
2003-02-20 00:00:00,15.907150268554688,22.739200592041016,22.739200592041016,22.713600158691406,22.719999313354492,625.0
2003-02-21 00:00:00,15.996691703796387,22.86720085144043,22.86720085144043,22.630399703979492,22.630399703979492,48281.0
2003-02-24 00:00:00,16.010122299194336,22.88640022277832,22.924800872802734,22.643199920654297,22.643199920654297,4219.0
2003-02-25 00:00:00,15.844468116760254,22.649599075317383,22.854400634765625,22.361600875854492,22.707199096679688,5469.0
2003-02-26 00:00:00,15.517626762390137,22.18239974975586,22.591999053955078,22.18239974975586,22.38719940185547,1719.0
2003-02-27 00:00:00,15.848943710327148,22.6560001373291,22.6560001373291,22.18239974975586,22.18239974975586,2656.0
2003-02-28 00:00:00,15.839985847473145,22.643199920654297,23.25119972229004,22.643199920654297,22.687999725341797,13437.0
2003-03-03 00:00:00,16.036985397338867,22.924800872802734,23.34079933166504,22.63680076599121,22.63680076599121,9375.0
2003-03-04 00:00:00,16.14891242980957,23.084800720214844,23.347200393676758,22.95039939880371,22.95039939880371,2656.0
2003-03-05 00:00:00,16.408586502075195,23.45599937438965,23.488000869750977,23.238399505615234,23.244800567626953,4062.0
2003-03-06 00:00:00,16.417579650878906,23.360000610351562,23.603200912475586,23.308799743652344,23.308799743652344,5156.0
2003-03-07 00:00:00,16.10271644592285,22.91200065612793,23.014400482177734,22.719999313354492,22.847999572753906,10625.0
2003-03-10 00:00:00,16.07123565673828,22.86720085144043,22.937599182128906,22.585599899291992,22.585599899291992,5625.0
2003-03-11 00:00:00,16.417579650878906,23.360000610351562,23.392000198364258,22.847999572753906,22.847999572753906,14375.0
2003-03-12 00:00:00,16.498546600341797,23.475200653076172,23.481599807739258,23.09119987487793,23.09119987487793,5312.0
2003-03-13 00:00:00,16.970829010009766,24.147199630737305,24.153600692749023,23.167999267578125,23.167999267578125,12187.0
2003-03-14 00:00:00,17.447607040405273,24.825599670410156,24.95359992980957,24.15999984741211,24.15999984741211,23906.0
2003-03-17 00:00:00,17.933395385742188,25.516799926757812,25.5231990814209,24.79360008239746,24.799999237060547,45312.0
2003-03-18 00:00:00,17.865922927856445,25.420799255371094,25.555200576782227,25.280000686645508,25.280000686645508,20156.0
2003-03-19 00:00:00,17.8569278717041,25.408000946044922,25.452800750732422,25.177600860595703,25.382400512695312,32969.0
2003-03-20 00:00:00,17.91090202331543,25.484800338745117,25.484800338745117,25.107200622558594,25.177600860595703,13281.0
2003-03-21 00:00:00,17.90191078186035,25.472000122070312,25.65760040283203,25.241600036621094,25.535999298095703,27344.0
2003-03-24 00:00:00,17.452112197875977,24.832000732421875,25.4335994720459,24.563199996948242,25.4335994720459,6562.0
2003-03-25 00:00:00,17.91539764404297,25.491199493408203,25.529600143432617,24.90880012512207,24.947200775146484,11719.0
2003-03-26 00:00:00,17.67700958251953,25.152000427246094,25.305599212646484,25.145599365234375,25.190399169921875,11250.0
2003-03-27 00:00:00,17.991872787475586,25.600000381469727,25.61280059814453,25.107200622558594,25.15839958190918,7187.0
2003-03-28 00:00:00,17.686010360717773,25.1648006439209,25.856000900268555,25.152000427246094,25.459199905395508,25000.0
2003-03-31 00:00:00,17.591552734375,25.030399322509766,25.535999298095703,24.84480094909668,25.215999603271484,9687.0
2003-04-01 00:00:00,17.57355499267578,25.00480079650879,25.00480079650879,24.569599151611328,24.90239906311035,6875.0
2003-04-02 00:00:00,17.497098922729492,24.895999908447266,25.2096004486084,24.79360008239746,25.145599365234375,14687.0
2003-04-03 00:00:00,17.4431209564209,24.81920051574707,24.895999908447266,24.70400047302246,24.895999908447266,3594.0
2003-04-04 00:00:00,17.4431209564209,24.81920051574707,24.876800537109375,24.736000061035156,24.81920051574707,6719.0
2003-04-07 00:00:00,17.47459602355957,24.86400032043457,24.88960075378418,24.736000061035156,24.736000061035156,6406.0
2003-04-08 00:00:00,17.438613891601562,24.81279945373535,24.876800537109375,24.806400299072266,24.851200103759766,5781.0
2003-04-09 00:00:00,17.407136917114258,24.76799964904785,24.81279945373535,24.736000061035156,24.81279945373535,21406.0
2003-04-10 00:00:00,17.407136917114258,24.76799964904785,24.780799865722656,24.639999389648438,24.736000061035156,2344.0
2003-04-11 00:00:00,17.425119400024414,24.79360008239746,24.799999237060547,24.67840003967285,24.67840003967285,1719.0
2003-04-14 00:00:00,17.429615020751953,24.799999237060547,24.799999237060547,24.67840003967285,24.799999237060547,5156.0
2003-04-15 00:00:00,17.429615020751953,24.799999237060547,24.799999237060547,24.646400451660156,24.67840003967285,3125.0
2003-04-16 00:00:00,17.272193908691406,24.576000213623047,24.691200256347656,24.576000213623047,24.646400451660156,20625.0
2003-04-17 00:00:00,17.25870132446289,24.556800842285156,24.86400032043457,24.31999969482422,24.72319984436035,13281.0
2003-04-21 00:00:00,17.402633666992188,24.761600494384766,24.77440071105957,24.61440086364746,24.61440086364746,11875.0
2003-04-22 00:00:00,17.5330753326416,24.947200775146484,24.985599517822266,24.761600494384766,24.77440071105957,18437.0
2003-04-23 00:00:00,17.506084442138672,24.90880012512207,25.11359977722168,24.755199432373047,24.992000579833984,7344.0
2003-04-24 00:00:00,17.384641647338867,24.736000061035156,24.832000732421875,24.716800689697266,24.716800689697266,4687.0
2003-04-25 00:00:00,17.429615020751953,24.799999237060547,24.799999237060547,24.736000061035156,24.799999237060547,5156.0
2003-04-28 00:00:00,17.96487808227539,25.561599731445312,25.561599731445312,24.81279945373535,24.959999084472656,46562.0
2003-04-29 00:00:00,17.91090202331543,25.484800338745117,25.600000381469727,25.465599060058594,25.555200576782227,25156.0
2003-04-30 00:00:00,17.330663681030273,24.65920066833496,25.600000381469727,24.54400062561035,25.529600143432617,31094.0
2003-05-01 00:00:00,17.141746520996094,24.390399932861328,25.145599365234375,24.31999969482422,24.85759925842285,11094.0
2003-05-02 00:00:00,17.150753021240234,24.403200149536133,24.85759925842285,24.371200561523438,24.563199996948242,6250.0
2003-05-05 00:00:00,17.30817222595215,24.627199172973633,24.895999908447266,24.326400756835938,24.326400756835938,4375.0
2003-05-06 00:00:00,17.668012619018555,25.13920021057129,25.18400001525879,24.416000366210938,24.435199737548828,16406.0
2003-05-07 00:00:00,17.83893585205078,25.382400512695312,25.414400100708008,25.030399322509766,25.235200881958008,17031.0
2003-05-08 00:00:00,17.987367630004883,25.593599319458008,25.600000381469727,25.31839942932129,25.382400512695312,30156.0
2003-05-09 00:00:00,17.91090202331543,25.484800338745117,25.600000381469727,25.3439998626709,25.593599319458008,5312.0
2003-05-12 00:00:00,17.942392349243164,25.529600143432617,25.600000381469727,25.395200729370117,25.600000381469727,2969.0
2003-05-13 00:00:00,17.91090202331543,25.484800338745117,25.535999298095703,25.324800491333008,25.324800491333008,7344.0
2003-05-14 00:00:00,16.84039306640625,23.961599349975586,25.395200729370117,23.788799285888672,25.395200729370117,65312.0
2003-05-15 00:00:00,17.281192779541016,24.58880043029785,24.607999801635742,23.82080078125,23.968000411987305,7344.0
2003-05-16 00:00:00,17.249706268310547,24.54400062561035,24.672000885009766,24.486400604248047,24.665599822998047,4219.0
2003-05-19 00:00:00,17.227216720581055,24.511999130249023,24.601600646972656,24.479999542236328,24.601600646972656,4844.0
2003-05-20 00:00:00,17.272193908691406,24.576000213623047,24.652799606323242,24.479999542236328,24.479999542236328,1719.0
2003-05-21 00:00:00,17.452112197875977,24.832000732421875,24.832000732421875,24.537599563598633,24.67840003967285,7031.0
2003-05-22 00:00:00,17.654521942138672,25.1200008392334,25.1200008392334,24.77440071105957,24.870399475097656,18750.0
2003-05-23 00:00:00,17.987367630004883,25.593599319458008,25.593599319458008,24.86400032043457,24.86400032043457,8750.0
2003-05-27 00:00:00,18.158292770385742,25.83679962158203,25.83679962158203,25.484800338745117,25.484800338745117,15156.0
2003-05-28 00:00:00,18.360702514648438,26.124799728393555,26.195199966430664,25.760000228881836,25.83679962158203,7812.0
2003-05-29 00:00:00,18.108814239501953,25.766399383544922,26.176000595092773,25.766399383544922,26.16320037841797,20312.0
2003-05-30 00:00:00,18.657569885253906,26.547199249267578,26.591999053955078,25.766399383544922,25.766399383544922,17656.0
2003-06-02 00:00:00,19.566152572631836,27.84000015258789,27.94879913330078,26.399999618530273,26.624000549316406,55000.0
2003-06-03 00:00:00,19.57065200805664,27.846399307250977,27.871999740600586,26.803199768066406,27.871999740600586,75625.0
2003-06-04 00:00:00,19.278289794921875,27.430400848388672,28.256000518798828,27.423999786376953,27.846399307250977,12500.0
2003-06-05 00:00:00,19.30977439880371,27.475200653076172,27.763200759887695,27.327999114990234,27.763200759887695,13281.0
2003-06-06 00:00:00,19.210817337036133,27.334400177001953,28.281600952148438,27.334400177001953,27.692800521850586,11250.0
2003-06-09 00:00:00,18.999404907226562,27.033599853515625,27.29599952697754,27.007999420166016,27.007999420166016,1875.0
2003-06-10 00:00:00,19.386245727539062,27.583999633789062,27.596799850463867,26.97599983215332,26.97599983215332,2344.0
2003-06-11 00:00:00,19.526227951049805,27.673599243164062,28.089599609375,27.20639991760254,27.20639991760254,6719.0
2003-06-12 00:00:00,19.508167266845703,27.648000717163086,27.737600326538086,27.50079917907715,27.50079917907715,10781.0
2003-06-13 00:00:00,19.517200469970703,27.66080093383789,27.66080093383789,27.513599395751953,27.63520050048828,7187.0
2003-06-16 00:00:00,20.07263946533203,28.447999954223633,28.775999069213867,27.360000610351562,27.959999084472656,25750.0
2003-06-17 00:00:00,20.1629581451416,28.576000213623047,28.920000076293945,28.224000930786133,28.224000930786133,10125.0
2003-06-18 00:00:00,20.1629581451416,28.576000213623047,28.68000030517578,28.15999984741211,28.15999984741211,10000.0
2003-06-19 00:00:00,20.010543823242188,28.360000610351562,28.527999877929688,28.31999969482422,28.399999618530273,9125.0
2003-06-20 00:00:00,19.824270248413086,28.09600067138672,28.68000030517578,28.031999588012695,28.312000274658203,7875.0
2003-06-23 00:00:00,19.135608673095703,27.1200008392334,28.104000091552734,27.1200008392334,28.09600067138672,13500.0
2003-06-24 00:00:00,19.6267032623291,27.81599998474121,28.200000762939453,26.72800064086914,26.799999237060547,14500.0
2003-06-25 00:00:00,19.581541061401367,27.75200080871582,28.11199951171875,27.535999298095703,27.856000900268555,10375.0
2003-06-26 00:00:00,20.15166664123535,28.559999465942383,28.559999465942383,27.464000701904297,27.464000701904297,9250.0
2003-06-27 00:00:00,19.824270248413086,28.09600067138672,28.808000564575195,28.06399917602539,28.56800079345703,8000.0
2003-06-30 00:00:00,20.366151809692383,28.86400032043457,29.143999099731445,28.08799934387207,28.327999114990234,61500.0
2003-07-01 00:00:00,21.4725284576416,30.43199920654297,30.576000213623047,28.68000030517578,29.263999938964844,17500.0
2003-07-02 00:00:00,21.647518157958984,30.68000030517578,30.959999084472656,30.552000045776367,30.576000213623047,27125.0
2003-07-03 00:00:00,21.991846084594727,31.167999267578125,31.375999450683594,30.399999618530273,30.959999084472656,7750.0
2003-07-07 00:00:00,22.24020767211914,31.520000457763672,31.719999313354492,30.6560001373291,31.559999465942383,16125.0
2003-07-08 00:00:00,22.324878692626953,31.639999389648438,31.68000030517578,31.552000045776367,31.559999465942383,11500.0
2003-07-09 00:00:00,22.31923484802246,31.631999969482422,31.75200080871582,31.54400062561035,31.663999557495117,23750.0
2003-07-10 00:00:00,22.449060440063477,31.81599998474121,32.0,31.20800018310547,31.20800018310547,16875.0
2003-07-11 00:00:00,22.62969207763672,32.071998596191406,32.63199996948242,31.823999404907227,31.823999404907227,9625.0
2003-07-14 00:00:00,23.002243041992188,32.599998474121094,32.74399948120117,32.007999420166016,32.071998596191406,6625.0
2003-07-15 00:00:00,22.63534164428711,32.08000183105469,32.599998474121094,31.799999237060547,32.279998779296875,10625.0
2003-07-16 00:00:00,22.844196319580078,32.375999450683594,32.57600021362305,31.90399932861328,31.90399932861328,4875.0
2003-07-17 00:00:00,22.23456573486328,31.511999130249023,32.35200119018555,31.503999710083008,32.28799819946289,5375.0
2003-07-18 00:00:00,22.104736328125,31.327999114990234,31.54400062561035,31.15999984741211,31.54400062561035,8500.0
2003-07-21 00:00:00,21.39350128173828,30.31999969482422,31.263999938964844,30.239999771118164,31.20800018310547,11625.0
2003-07-22 00:00:00,21.557193756103516,30.552000045776367,30.695999145507812,30.327999114990234,30.695999145507812,6625.0
2003-07-23 00:00:00,21.269319534301758,30.143999099731445,30.663999557495117,29.90399932861328,30.552000045776367,8000.0
2003-07-24 00:00:00,21.08868980407715,29.88800048828125,30.775999069213867,29.88800048828125,30.08799934387207,13250.0
2003-07-25 00:00:00,21.083044052124023,29.8799991607666,30.280000686645508,29.84000015258789,29.84000015258789,5250.0
2003-07-28 00:00:00,20.998367309570312,29.760000228881836,30.08799934387207,29.447999954223633,29.600000381469727,10125.0
2003-07-29 00:00:00,20.885478973388672,29.600000381469727,30.191999435424805,29.583999633789062,29.959999084472656,4375.0
2003-07-30 00:00:00,20.659687042236328,29.280000686645508,29.760000228881836,29.27199935913086,29.760000228881836,8750.0
2003-07-31 00:00:00,20.546794891357422,29.1200008392334,30.191999435424805,28.992000579833984,29.384000778198242,14625.0
2003-08-01 00:00:00,19.875070571899414,28.167999267578125,29.447999954223633,28.15999984741211,29.447999954223633,15750.0
2003-08-04 00:00:00,20.558080673217773,29.13599967956543,29.416000366210938,28.0,28.167999267578125,14375.0
2003-08-05 00:00:00,20.507282257080078,29.06399917602539,30.0,28.511999130249023,28.511999130249023,10250.0
2003-08-06 00:00:00,20.60887908935547,29.20800018310547,29.79199981689453,29.007999420166016,29.79199981689453,6500.0
2003-08-07 00:00:00,20.761289596557617,29.423999786376953,29.959999084472656,29.20800018310547,29.20800018310547,9500.0
2003-08-08 00:00:00,20.17988395690918,28.600000381469727,29.45599937438965,28.600000381469727,29.360000610351562,15375.0
2003-08-11 00:00:00,20.292781829833984,28.760000228881836,28.920000076293945,28.648000717163086,28.736000061035156,14375.0
2003-08-12 00:00:00,20.4226131439209,28.944000244140625,28.95199966430664,28.600000381469727,28.695999145507812,29125.0
2003-08-13 00:00:00,20.247623443603516,28.695999145507812,29.18400001525879,28.312000274658203,29.167999267578125,3875.0
2003-08-14 00:00:00,20.59759521484375,29.191999435424805,29.191999435424805,28.488000869750977,28.70400047302246,3000.0
2003-08-15 00:00:00,20.60887908935547,29.20800018310547,29.992000579833984,29.040000915527344,29.040000915527344,5750.0
2003-08-18 00:00:00,21.449949264526367,30.399999618530273,30.447999954223633,28.968000411987305,28.968000411987305,7250.0
2003-08-19 00:00:00,22.014423370361328,31.200000762939453,31.200000762939453,30.399999618530273,30.559999465942383,12250.0
2003-08-20 00:00:00,22.58453941345215,32.007999420166016,32.3120002746582,31.040000915527344,31.280000686645508,14250.0
2003-08-21 00:00:00,22.04263687133789,31.239999771118164,32.13600158691406,31.239999771118164,32.13600158691406,6625.0
2003-08-22 00:00:00,21.62494468688965,30.648000717163086,31.600000381469727,30.648000717163086,31.280000686645508,11625.0
2003-08-25 00:00:00,21.946685791015625,31.104000091552734,31.104000091552734,30.576000213623047,31.031999588012695,4875.0
2003-08-26 00:00:00,22.037004470825195,31.23200035095215,31.239999771118164,30.423999786376953,30.93600082397461,10875.0
2003-08-27 00:00:00,22.014423370361328,31.200000762939453,31.3439998626709,31.040000915527344,31.200000762939453,4500.0
2003-08-28 00:00:00,21.86201286315918,30.983999252319336,31.280000686645508,30.583999633789062,30.583999633789062,9625.0
2003-08-29 00:00:00,21.957984924316406,31.1200008392334,31.719999313354492,31.1200008392334,31.559999465942383,2125.0
2003-09-02 00:00:00,22.578893661499023,32.0,32.0880012512207,30.871999740600586,31.191999435424805,8500.0
2003-09-03 00:00:00,22.578893661499023,32.0,32.0,31.736000061035156,31.736000061035156,12000.0
2003-09-04 00:00:00,22.391822814941406,31.600000381469727,31.600000381469727,31.423999786376953,31.503999710083008,4375.0
2003-09-05 00:00:00,22.13672637939453,31.239999771118164,31.607999801635742,31.007999420166016,31.607999801635742,10625.0
2003-09-08 00:00:00,22.10839080810547,31.200000762939453,31.84000015258789,31.040000915527344,31.351999282836914,6500.0
2003-09-09 00:00:00,22.13672637939453,31.239999771118164,31.416000366210938,31.0,31.09600067138672,5000.0
2003-09-10 00:00:00,21.54149627685547,30.399999618530273,31.200000762939453,30.399999618530273,31.0,5750.0
2003-09-11 00:00:00,21.824941635131836,30.799999237060547,31.0,30.408000946044922,30.719999313354492,18000.0
2003-09-12 00:00:00,22.10839080810547,31.200000762939453,31.20800018310547,30.399999618530273,30.808000564575195,11625.0
2003-09-15 00:00:00,22.14238739013672,31.24799919128418,31.440000534057617,31.02400016784668,31.200000762939453,24500.0
2003-09-16 00:00:00,22.10839080810547,31.200000762939453,31.408000946044922,31.200000762939453,31.399999618530273,19875.0
2003-09-17 00:00:00,22.10839080810547,31.200000762939453,31.280000686645508,30.663999557495117,31.200000762939453,5875.0
2003-09-18 00:00:00,22.272777557373047,31.43199920654297,31.591999053955078,30.76799964904785,31.576000213623047,4875.0
2003-09-19 00:00:00,22.386150360107422,31.591999053955078,31.72800064086914,31.288000106811523,31.72800064086914,6625.0
2003-09-22 00:00:00,22.731950759887695,32.08000183105469,32.19200134277344,30.6560001373291,31.288000106811523,12000.0
2003-09-23 00:00:00,22.70360565185547,32.040000915527344,32.08000183105469,31.399999618530273,32.04800033569336,5000.0
2003-09-24 00:00:00,22.19341468811035,31.31999969482422,32.119998931884766,31.31999969482422,32.08000183105469,56250.0
2003-09-25 00:00:00,21.00863265991211,29.648000717163086,31.23200035095215,29.648000717163086,30.92799949645996,13000.0
2003-09-26 00:00:00,21.087995529174805,29.760000228881836,30.167999267578125,29.527999877929688,29.607999801635742,20125.0
2003-09-29 00:00:00,21.598194122314453,30.479999542236328,30.91200065612793,29.583999633789062,29.583999633789062,11875.0
2003-09-30 00:00:00,21.632205963134766,30.527999877929688,31.440000534057617,30.479999542236328,31.055999755859375,19375.0
2003-10-01 00:00:00,22.533540725708008,31.799999237060547,31.84000015258789,30.527999877929688,30.72800064086914,9250.0
2003-10-02 00:00:00,22.30678939819336,31.479999542236328,32.0,31.447999954223633,32.0,5625.0
2003-10-03 00:00:00,22.61290740966797,31.91200065612793,31.95199966430664,31.615999221801758,31.871999740600586,11875.0
2003-10-06 00:00:00,22.561891555786133,31.84000015258789,32.0,31.488000869750977,31.808000564575195,6875.0
2003-10-07 00:00:00,22.731950759887695,32.08000183105469,32.19200134277344,31.736000061035156,31.86400032043457,11375.0
2003-10-08 00:00:00,22.261442184448242,31.416000366210938,32.13600158691406,31.368000030517578,31.808000564575195,4000.0
2003-10-09 00:00:00,22.08570098876953,31.167999267578125,32.0,31.0,31.784000396728516,6750.0
2003-10-10 00:00:00,21.51315689086914,30.360000610351562,31.167999267578125,30.360000610351562,30.648000717163086,9625.0
2003-10-13 00:00:00,22.556217193603516,31.832000732421875,31.832000732421875,30.224000930786133,30.224000930786133,13750.0
2003-10-14 00:00:00,23.13443374633789,32.64799880981445,32.79199981689453,31.695999145507812,31.91200065612793,35875.0
2003-10-15 00:00:00,22.714941024780273,32.055999755859375,32.79199981689453,32.0,32.20000076293945,8500.0
2003-10-16 00:00:00,22.493858337402344,31.743999481201172,32.20000076293945,31.711999893188477,32.20000076293945,5625.0
2003-10-17 00:00:00,22.10839080810547,31.200000762939453,32.20000076293945,31.200000762939453,32.08000183105469,6125.0
2003-10-20 00:00:00,22.10839080810547,31.200000762939453,31.631999969482422,30.8799991607666,31.200000762939453,10125.0
2003-10-21 00:00:00,22.43717384338379,31.663999557495117,31.663999557495117,30.95199966430664,31.552000045776367,2750.0
2003-10-22 00:00:00,21.32608985900879,30.09600067138672,31.520000457763672,30.09600067138672,30.8799991607666,9250.0
2003-10-23 00:00:00,21.2070369720459,29.92799949645996,30.607999801635742,29.799999237060547,30.079999923706055,12750.0
2003-10-24 00:00:00,20.76487159729004,29.304000854492188,30.31999969482422,29.29599952697754,29.92799949645996,12750.0
2003-10-27 00:00:00,21.7625789642334,30.711999893188477,30.79199981689453,29.808000564575195,29.808000564575195,9250.0
2003-10-28 00:00:00,22.102712631225586,31.191999435424805,31.191999435424805,30.687999725341797,30.743999481201172,22000.0
2003-10-29 00:00:00,21.966659545898438,31.0,31.06399917602539,30.79199981689453,30.79199981689453,9125.0
2003-10-30 00:00:00,22.30678939819336,31.479999542236328,31.600000381469727,30.856000900268555,30.92799949645996,8000.0
2003-10-31 00:00:00,21.909969329833984,30.920000076293945,31.70400047302246,30.624000549316406,31.70400047302246,7375.0
2003-11-03 00:00:00,22.335126876831055,31.520000457763672,31.520000457763672,30.631999969482422,30.631999969482422,9500.0
2003-11-04 00:00:00,22.624242782592773,31.92799949645996,31.92799949645996,31.128000259399414,31.128000259399414,10000.0
2003-11-05 00:00:00,22.641244888305664,31.95199966430664,31.983999252319336,31.040000915527344,31.983999252319336,9500.0
2003-11-06 00:00:00,23.389537811279297,33.007999420166016,33.70399856567383,30.944000244140625,31.95199966430664,19125.0
2003-11-07 00:00:00,23.485902786254883,33.14400100708008,34.0,32.80799865722656,33.560001373291016,15000.0
2003-11-10 00:00:00,23.52558135986328,33.20000076293945,33.959999084472656,32.80799865722656,33.47200012207031,11250.0
2003-11-11 00:00:00,23.582273483276367,33.279998779296875,33.599998474121094,32.80799865722656,33.33599853515625,8875.0
2003-11-12 00:00:00,24.50062370300293,34.57600021362305,35.0,33.375999450683594,33.375999450683594,10125.0
2003-11-13 00:00:00,24.37590980529785,34.400001525878906,34.768001556396484,33.847999572753906,34.448001861572266,7000.0
2003-11-14 00:00:00,23.803354263305664,33.59199905395508,34.720001220703125,33.56800079345703,34.720001220703125,10250.0
2003-11-17 00:00:00,23.491573333740234,33.152000427246094,33.79999923706055,32.400001525878906,33.40800094604492,8250.0
2003-11-18 00:00:00,23.128768920898438,32.63999938964844,33.152000427246094,32.58399963378906,33.152000427246094,7875.0
2003-11-19 00:00:00,23.877052307128906,33.69599914550781,33.69599914550781,32.400001525878906,32.68000030517578,8375.0
2003-11-20 00:00:00,24.041452407836914,33.928001403808594,34.24800109863281,33.75199890136719,33.84000015258789,10250.0
2003-11-21 00:00:00,24.750049591064453,34.928001403808594,34.928001403808594,33.80799865722656,34.34400177001953,14875.0
2003-11-24 00:00:00,25.934829711914062,36.599998474121094,36.672000885009766,34.400001525878906,35.12799835205078,25625.0
2003-11-25 00:00:00,25.504009246826172,35.992000579833984,37.4640007019043,35.608001708984375,36.4640007019043,33625.0
2003-11-26 00:00:00,25.951839447021484,36.624000549316406,36.7599983215332,35.75199890136719,35.75199890136719,7500.0
2003-11-28 00:00:00,26.076553344726562,36.79999923706055,36.880001068115234,36.448001861572266,36.7760009765625,13500.0
2003-12-01 00:00:00,26.354320526123047,37.19200134277344,37.215999603271484,36.560001373291016,36.57600021362305,6000.0
2003-12-02 00:00:00,25.787443161010742,36.391998291015625,37.391998291015625,35.82400131225586,37.36000061035156,20625.0
2003-12-03 00:00:00,24.234188079833984,34.20000076293945,35.944000244140625,34.20000076293945,35.215999603271484,23375.0
2003-12-04 00:00:00,24.427745819091797,34.327999114990234,34.41600036621094,33.736000061035156,34.02399826049805,14000.0
2003-12-05 00:00:00,24.029245376586914,33.768001556396484,34.279998779296875,33.768001556396484,34.055999755859375,10875.0
2003-12-08 00:00:00,24.063411712646484,33.816001892089844,34.279998779296875,33.57600021362305,34.279998779296875,7000.0
2003-12-09 00:00:00,23.57382583618164,33.12799835205078,34.071998596191406,33.12799835205078,33.375999450683594,9000.0
2003-12-10 00:00:00,23.528284072875977,33.06399917602539,33.832000732421875,32.959999084472656,33.52000045776367,6000.0
2003-12-11 00:00:00,24.678232192993164,34.68000030517578,34.68000030517578,33.816001892089844,33.84000015258789,41375.0
2003-12-12 00:00:00,25.048254013061523,35.20000076293945,35.20000076293945,34.183998107910156,34.40800094604492,18125.0
2003-12-15 00:00:00,24.792083740234375,34.84000015258789,35.599998474121094,34.6879997253418,35.279998779296875,31875.0
2003-12-16 00:00:00,24.820541381835938,34.880001068115234,35.119998931884766,34.391998291015625,35.04800033569336,8750.0
2003-12-17 00:00:00,24.41066551208496,34.30400085449219,35.183998107910156,34.30400085449219,34.512001037597656,8625.0
2003-12-18 00:00:00,24.93440055847168,35.040000915527344,35.20000076293945,34.13600158691406,35.01599884033203,11125.0
2003-12-19 00:00:00,24.826234817504883,34.88800048828125,35.119998931884766,34.104000091552734,35.119998931884766,11875.0
2003-12-22 00:00:00,24.746540069580078,34.7760009765625,35.040000915527344,34.04800033569336,34.04800033569336,9000.0
2003-12-23 00:00:00,25.275976181030273,35.52000045776367,35.75199890136719,34.65599822998047,35.152000427246094,26750.0
2003-12-24 00:00:00,25.270278930664062,35.512001037597656,35.79999923706055,35.38399887084961,35.768001556396484,5375.0
2003-12-26 00:00:00,25.543521881103516,35.895999908447266,35.895999908447266,35.63999938964844,35.63999938964844,1125.0
2003-12-29 00:00:00,26.226659774780273,36.85599899291992,36.85599899291992,35.992000579833984,35.992000579833984,35625.0
2003-12-30 00:00:00,26.49990463256836,37.2400016784668,37.2400016784668,36.560001373291016,36.57600021362305,7125.0
2003-12-31 00:00:00,26.181129455566406,36.79199981689453,37.279998779296875,36.2400016784668,37.01599884033203,17125.0
2004-01-02 00:00:00,25.52644920349121,35.87200164794922,36.439998626708984,35.87200164794922,36.279998779296875,9250.0
2004-01-05 00:00:00,25.63461685180664,36.02399826049805,36.04800033569336,35.84000015258789,36.04800033569336,23250.0
2004-01-06 00:00:00,25.31581687927246,35.57600021362305,36.02399826049805,35.57600021362305,36.02399826049805,7750.0
2004-01-07 00:00:00,25.213346481323242,35.43199920654297,35.91999816894531,35.40800094604492,35.560001373291016,6750.0
2004-01-08 00:00:00,25.349977493286133,35.624000549316406,35.624000549316406,35.30400085449219,35.624000549316406,20500.0
2004-01-09 00:00:00,24.940092086791992,35.04800033569336,35.624000549316406,35.04800033569336,35.61600112915039,17750.0
2004-01-12 00:00:00,25.349977493286133,35.624000549316406,35.71200180053711,35.040000915527344,35.040000915527344,10500.0
2004-01-13 00:00:00,25.349977493286133,35.624000549316406,35.624000549316406,34.84000015258789,35.0,9000.0
2004-01-14 00:00:00,25.475204467773438,35.79999923706055,35.992000579833984,35.69599914550781,35.69599914550781,16500.0
2004-01-15 00:00:00,25.26458740234375,35.50400161743164,35.880001068115234,35.49599838256836,35.79999923706055,6750.0
2004-01-16 00:00:00,25.38982582092285,35.68000030517578,35.95199966430664,35.56800079345703,35.56800079345703,4375.0
2004-01-20 00:00:00,25.799699783325195,36.25600051879883,36.25600051879883,35.487998962402344,35.7760009765625,22500.0
2004-01-21 00:00:00,25.418285369873047,35.720001220703125,36.0,35.14400100708008,35.7599983215332,12000.0
2004-01-22 00:00:00,25.26458740234375,35.50400161743164,35.928001403808594,35.28799819946289,35.91999816894531,6625.0
2004-01-23 00:00:00,25.549217224121094,35.90399932861328,36.0,35.327999114990234,35.52000045776367,3125.0
2004-01-26 00:00:00,25.617534637451172,36.0,36.0,35.34400177001953,35.599998474121094,9875.0
2004-01-27 00:00:00,25.617534637451172,36.0,36.0,35.400001525878906,35.80799865722656,23000.0
2004-01-28 00:00:00,24.951480865478516,35.06399917602539,35.98400115966797,34.79999923706055,35.98400115966797,6625.0
2004-01-29 00:00:00,24.541597366333008,34.487998962402344,35.263999938964844,34.41600036621094,35.263999938964844,6875.0
2004-01-30 00:00:00,24.330965042114258,34.19200134277344,35.11199951171875,34.19200134277344,34.4640007019043,4000.0
2004-02-02 00:00:00,24.786394119262695,34.832000732421875,34.97600173950195,34.15999984741211,34.97600173950195,5375.0
2004-02-03 00:00:00,25.08810806274414,35.25600051879883,35.27199935913086,34.448001861572266,34.448001861572266,16000.0
2004-02-04 00:00:00,24.40497398376465,34.29600143432617,35.263999938964844,34.29600143432617,35.215999603271484,20250.0
2004-02-05 00:00:00,24.365121841430664,34.2400016784668,34.59199905395508,34.119998931884766,34.57600021362305,8125.0
2004-02-06 00:00:00,24.87177848815918,34.95199966430664,35.055999755859375,34.52799987792969,34.65599822998047,10000.0
2004-02-09 00:00:00,24.883167266845703,34.96799850463867,35.11199951171875,34.5359992980957,34.992000579833984,2250.0
2004-02-10 00:00:00,25.014095306396484,35.152000427246094,36.0,34.959999084472656,35.34400177001953,8375.0
2004-02-11 00:00:00,25.162118911743164,35.36000061035156,35.36000061035156,35.17599868774414,35.31999969482422,6125.0
2004-02-12 00:00:00,25.071016311645508,35.231998443603516,35.79999923706055,35.15999984741211,35.79199981689453,10250.0
2004-02-13 00:00:00,23.909685134887695,33.599998474121094,35.895999908447266,33.56800079345703,35.895999908447266,14875.0
2004-02-17 00:00:00,24.729459762573242,34.75199890136719,34.9119987487793,33.895999908447266,34.28799819946289,10750.0
2004-02-18 00:00:00,24.359424591064453,34.231998443603516,34.90399932861328,34.231998443603516,34.90399932861328,1625.0
2004-02-19 00:00:00,23.636444091796875,33.215999603271484,34.64799880981445,33.03200149536133,34.167999267578125,11750.0
2004-02-20 00:00:00,23.681987762451172,33.279998779296875,33.959999084472656,32.88800048828125,33.06399917602539,4625.0
2004-02-23 00:00:00,23.7730712890625,33.40800094604492,33.68000030517578,33.20800018310547,33.68000030517578,5750.0
2004-02-24 00:00:00,23.869844436645508,33.54399871826172,33.68000030517578,33.279998779296875,33.560001373291016,4125.0
2004-02-25 00:00:00,24.12032699584961,33.895999908447266,34.24800109863281,33.34400177001953,33.992000579833984,5250.0
2004-02-26 00:00:00,24.382200241088867,34.263999938964844,34.28799819946289,33.90399932861328,34.27199935913086,1875.0
2004-02-27 00:00:00,24.47898292541504,34.400001525878906,34.43199920654297,33.87200164794922,34.25600051879883,7500.0
2004-03-01 00:00:00,24.370813369750977,34.24800109863281,34.599998474121094,34.24800109863281,34.30400085449219,3000.0
2004-03-02 00:00:00,24.194337844848633,34.0,34.512001037597656,34.0,34.24800109863281,8375.0
2004-03-03 00:00:00,24.1487979888916,33.93600082397461,34.400001525878906,33.27199935913086,34.400001525878906,3000.0
2004-03-04 00:00:00,24.223114013671875,33.895999908447266,33.91999816894531,33.79199981689453,33.79199981689453,1250.0
2004-03-05 00:00:00,24.411771774291992,34.15999984741211,34.31999969482422,33.63199996948242,33.992000579833984,7375.0
2004-03-08 00:00:00,23.66856575012207,33.119998931884766,34.2400016784668,33.119998931884766,34.167999267578125,5000.0
2004-03-09 00:00:00,23.66856575012207,33.119998931884766,33.231998443603516,33.040000915527344,33.231998443603516,6125.0
2004-03-10 00:00:00,22.88532829284668,32.02399826049805,33.41600036621094,32.02399826049805,33.11199951171875,8750.0
2004-03-11 00:00:00,23.296953201293945,32.599998474121094,32.895999908447266,31.775999069213867,31.799999237060547,37250.0
2004-03-12 00:00:00,23.554222106933594,32.959999084472656,33.263999938964844,31.239999771118164,31.447999954223633,32250.0
2004-03-15 00:00:00,23.43987464904785,32.79999923706055,33.279998779296875,32.400001525878906,33.279998779296875,13000.0
2004-03-16 00:00:00,23.565658569335938,32.97600173950195,33.27199935913086,32.0,33.27199935913086,16875.0
2004-03-17 00:00:00,24.011579513549805,33.599998474121094,33.599998474121094,33.040000915527344,33.215999603271484,13000.0
2004-03-18 00:00:00,24.12592887878418,33.7599983215332,33.7599983215332,33.20000076293945,33.36000061035156,8375.0
2004-03-19 00:00:00,23.639978408813477,33.08000183105469,33.79999923706055,32.84000015258789,33.79999923706055,7875.0
2004-03-22 00:00:00,22.639497756958008,31.68000030517578,33.08000183105469,31.600000381469727,33.08000183105469,19750.0
2004-03-23 00:00:00,23.485612869262695,32.86399841308594,32.86399841308594,31.687999725341797,32.17599868774414,11500.0
2004-03-24 00:00:00,22.936784744262695,32.09600067138672,33.040000915527344,31.743999481201172,32.895999908447266,10750.0
2004-03-25 00:00:00,23.84007453918457,33.36000061035156,33.36000061035156,31.799999237060547,31.799999237060547,12875.0
2004-03-26 00:00:00,23.039688110351562,32.2400016784668,33.400001525878906,32.2400016784668,33.24800109863281,6625.0
2004-03-29 00:00:00,23.725736618041992,33.20000076293945,33.20000076293945,32.36000061035156,32.36000061035156,7000.0
2004-03-30 00:00:00,23.41129493713379,32.7599983215332,33.13600158691406,32.551998138427734,32.816001892089844,4625.0
2004-03-31 00:00:00,23.582815170288086,33.0,33.0,32.36800003051758,33.0,8125.0
2004-04-01 00:00:00,23.771474838256836,33.263999938964844,33.27199935913086,32.91999816894531,33.08000183105469,4750.0
2004-04-02 00:00:00,24.314586639404297,34.02399826049805,34.071998596191406,33.119998931884766,33.31999969482422,12875.0
2004-04-05 00:00:00,24.623315811157227,34.45600128173828,34.52000045776367,34.055999755859375,34.055999755859375,9625.0
2004-04-06 00:00:00,24.034460067749023,33.63199996948242,34.375999450683594,33.512001037597656,34.375999450683594,2375.0
2004-04-07 00:00:00,24.32030487060547,34.03200149536133,34.09600067138672,32.91999816894531,33.231998443603516,5125.0
2004-04-08 00:00:00,23.948701858520508,33.512001037597656,34.327999114990234,33.512001037597656,34.152000427246094,4750.0
2004-04-12 00:00:00,24.314586639404297,34.02399826049805,34.2400016784668,33.41600036621094,34.231998443603516,4125.0
2004-04-13 00:00:00,23.43987464904785,32.79999923706055,34.3120002746582,32.79999923706055,34.104000091552734,10750.0
2004-04-14 00:00:00,22.588043212890625,31.607999801635742,33.0880012512207,31.520000457763672,33.0880012512207,8875.0
2004-04-15 00:00:00,23.41129493713379,32.7599983215332,33.04800033569336,31.43199920654297,31.488000869750977,12250.0
2004-04-16 00:00:00,23.731449127197266,33.20800018310547,33.56800079345703,32.72800064086914,32.88800048828125,5250.0
2004-04-19 00:00:00,23.931541442871094,33.487998962402344,33.487998962402344,32.784000396728516,33.04800033569336,4250.0
2004-04-20 00:00:00,23.01110076904297,32.20000076293945,33.85599899291992,32.20000076293945,33.5359992980957,9250.0
2004-04-21 00:00:00,23.37698745727539,32.71200180053711,32.88800048828125,32.20000076293945,32.2239990234375,7375.0
2004-04-22 00:00:00,24.217397689819336,33.88800048828125,34.400001525878906,32.9119987487793,32.9119987487793,14250.0
2004-04-23 00:00:00,23.937267303466797,33.49599838256836,33.944000244140625,33.375999450683594,33.944000244140625,3375.0
2004-04-26 00:00:00,23.891530990600586,33.43199920654297,33.61600112915039,33.071998596191406,33.263999938964844,3125.0
2004-04-27 00:00:00,23.239782333374023,32.52000045776367,32.79999923706055,32.0,32.65599822998047,15625.0
2004-04-28 00:00:00,21.701894760131836,30.368000030517578,32.36800003051758,30.368000030517578,32.36800003051758,36875.0
2004-04-29 00:00:00,21.501798629760742,30.08799934387207,31.399999618530273,30.079999923706055,30.92799949645996,14875.0
2004-04-30 00:00:00,22.153547286987305,31.0,31.215999603271484,30.695999145507812,30.81599998474121,23750.0
2004-05-03 00:00:00,22.096378326416016,30.920000076293945,31.224000930786133,30.54400062561035,31.0,24125.0
2004-05-04 00:00:00,22.153547286987305,31.0,31.079999923706055,30.672000885009766,30.91200065612793,34625.0
2004-05-05 00:00:00,22.124956130981445,30.959999084472656,31.336000442504883,30.832000732421875,31.336000442504883,9000.0
2004-05-06 00:00:00,21.438915252685547,30.0,31.040000915527344,29.84000015258789,30.76799964904785,12125.0
2004-05-07 00:00:00,20.81575584411621,29.128000259399414,30.472000122070312,29.1200008392334,29.992000579833984,14500.0
2004-05-10 00:00:00,20.621381759643555,28.856000900268555,29.327999114990234,28.399999618530273,29.0,10875.0
2004-05-11 00:00:00,21.113039016723633,29.54400062561035,29.81599998474121,28.695999145507812,29.0,10500.0
2004-05-12 00:00:00,21.656158447265625,30.304000854492188,30.312000274658203,29.200000762939453,29.527999877929688,5875.0
2004-05-13 00:00:00,22.4565486907959,31.423999786376953,31.423999786376953,30.239999771118164,30.31999969482422,12125.0
2004-05-14 00:00:00,21.553258895874023,30.15999984741211,31.200000762939453,30.15999984741211,31.0,27500.0
2004-05-17 00:00:00,20.895795822143555,29.239999771118164,30.02400016784668,29.200000762939453,30.02400016784668,16000.0
2004-05-18 00:00:00,21.478931427001953,30.055999755859375,30.176000595092773,29.200000762939453,29.31999969482422,6250.0
2004-05-19 00:00:00,20.76430892944336,29.055999755859375,30.576000213623047,29.055999755859375,30.440000534057617,24125.0
2004-05-20 00:00:00,20.724287033081055,29.0,29.040000915527344,28.79199981689453,29.0,15750.0
2004-05-21 00:00:00,21.073028564453125,29.488000869750977,29.591999053955078,29.200000762939453,29.200000762939453,9125.0
2004-05-24 00:00:00,21.719053268432617,30.392000198364258,30.784000396728516,29.472000122070312,29.472000122070312,22750.0
2004-05-25 00:00:00,21.74763298034668,30.43199920654297,30.687999725341797,30.167999267578125,30.392000198364258,19250.0
2004-05-26 00:00:00,22.65664291381836,31.70400047302246,31.70400047302246,30.336000442504883,30.336000442504883,25625.0
2004-05-27 00:00:00,22.782424926757812,31.8799991607666,31.8799991607666,31.02400016784668,31.256000518798828,9000.0
2004-05-28 00:00:00,22.227869033813477,31.104000091552734,32.13600158691406,31.104000091552734,31.648000717163086,10375.0
2004-06-01 00:00:00,21.924863815307617,30.68000030517578,31.56800079345703,30.672000885009766,31.288000106811523,27875.0
2004-06-02 00:00:00,22.473703384399414,31.447999954223633,31.600000381469727,30.479999542236328,31.559999465942383,12375.0
2004-06-03 00:00:00,22.686208724975586,31.600000381469727,31.823999404907227,31.559999465942383,31.823999404907227,6375.0
2004-06-04 00:00:00,22.76661491394043,31.711999893188477,32.41600036621094,31.20800018310547,31.488000869750977,11000.0
2004-06-07 00:00:00,23.162899017333984,32.263999938964844,32.400001525878906,31.648000717163086,31.648000717163086,14875.0
2004-06-08 00:00:00,22.806814193725586,31.76799964904785,32.47200012207031,31.76799964904785,32.24800109863281,15375.0
2004-06-09 00:00:00,22.295652389526367,31.055999755859375,31.992000579833984,31.055999755859375,31.992000579833984,5375.0
2004-06-10 00:00:00,23.007837295532227,32.04800033569336,32.09600067138672,30.72800064086914,30.72800064086914,27250.0
2004-06-14 00:00:00,21.284826278686523,29.648000717163086,32.007999420166016,29.631999969482422,32.007999420166016,20375.0
2004-06-15 00:00:00,22.50815773010254,31.351999282836914,31.743999481201172,29.695999145507812,29.799999237060547,29875.0
2004-06-16 00:00:00,22.829788208007812,31.799999237060547,31.799999237060547,31.04800033569336,31.04800033569336,10750.0
2004-06-17 00:00:00,22.525392532348633,31.375999450683594,32.03200149536133,31.280000686645508,32.03200149536133,5375.0
2004-06-18 00:00:00,22.077407836914062,30.75200080871582,32.20000076293945,30.583999633789062,31.520000457763672,40875.0
2004-06-21 00:00:00,21.96828842163086,30.600000381469727,31.263999938964844,30.479999542236328,30.72800064086914,5875.0
2004-06-22 00:00:00,22.519651412963867,31.368000030517578,31.368000030517578,30.440000534057617,31.1200008392334,17000.0
2004-06-23 00:00:00,21.985519409179688,30.624000549316406,31.944000244140625,30.624000549316406,31.944000244140625,8000.0
2004-06-24 00:00:00,22.3990421295166,31.200000762939453,31.959999084472656,30.607999801635742,31.959999084472656,5500.0
2004-06-25 00:00:00,23.30649185180664,32.4640007019043,32.47999954223633,30.823999404907227,31.552000045776367,63125.0
2004-06-28 00:00:00,22.973373413085938,32.0,32.040000915527344,31.399999618530273,31.447999954223633,20875.0
2004-06-29 00:00:00,22.973373413085938,32.0,32.2239990234375,31.143999099731445,31.823999404907227,39250.0
2004-06-30 00:00:00,22.737897872924805,31.672000885009766,32.08000183105469,31.672000885009766,32.0,6250.0
2004-07-01 00:00:00,22.21525764465332,30.944000244140625,32.12799835205078,30.944000244140625,31.624000549316406,9125.0
2004-07-02 00:00:00,22.175052642822266,30.88800048828125,31.20800018310547,30.799999237060547,30.92799949645996,7000.0
2004-07-06 00:00:00,22.0659236907959,30.736000061035156,31.959999084472656,30.68000030517578,31.11199951171875,10125.0
2004-07-07 00:00:00,22.27268409729004,31.02400016784668,31.31999969482422,30.600000381469727,30.600000381469727,5250.0
2004-07-08 00:00:00,21.313547134399414,29.687999725341797,31.440000534057617,29.687999725341797,30.88800048828125,11500.0
2004-07-09 00:00:00,21.53179359436035,29.992000579833984,30.23200035095215,29.3439998626709,30.20800018310547,5875.0
2004-07-12 00:00:00,21.54327964782715,30.007999420166016,30.408000946044922,29.959999084472656,30.224000930786133,5375.0
2004-07-13 00:00:00,21.57774543762207,30.055999755859375,30.224000930786133,29.760000228881836,29.760000228881836,2875.0
2004-07-14 00:00:00,21.52604866027832,29.983999252319336,30.440000534057617,29.983999252319336,30.007999420166016,4000.0
2004-07-15 00:00:00,21.238876342773438,29.583999633789062,29.983999252319336,29.583999633789062,29.983999252319336,3375.0
2004-07-16 00:00:00,20.417585372924805,28.440000534057617,29.527999877929688,28.384000778198242,29.527999877929688,13625.0
2004-07-19 00:00:00,20.388858795166016,28.399999618530273,28.93600082397461,28.02400016784668,28.93600082397461,8875.0
2004-07-20 00:00:00,20.388858795166016,28.399999618530273,28.479999542236328,28.104000091552734,28.479999542236328,10625.0
2004-07-21 00:00:00,19.808788299560547,27.591999053955078,28.79199981689453,27.591999053955078,28.79199981689453,15750.0
2004-07-22 00:00:00,20.239540100097656,28.191999435424805,28.24799919128418,26.663999557495117,27.648000717163086,15375.0
2004-07-23 00:00:00,21.256113052368164,29.607999801635742,29.992000579833984,27.775999069213867,28.327999114990234,33250.0
2004-07-26 00:00:00,21.801727294921875,30.368000030517578,30.392000198364258,29.775999069213867,29.856000900268555,12125.0
2004-07-27 00:00:00,22.47370719909668,31.304000854492188,31.464000701904297,30.31999969482422,30.31999969482422,14500.0
2004-07-28 00:00:00,22.370323181152344,31.15999984741211,31.45599937438965,30.18400001525879,31.016000747680664,4750.0
2004-07-29 00:00:00,22.404783248901367,31.20800018310547,31.591999053955078,30.92799949645996,31.423999786376953,34375.0
2004-07-30 00:00:00,22.175052642822266,30.88800048828125,31.440000534057617,30.81599998474121,30.81599998474121,8125.0
2004-08-02 00:00:00,22.08315658569336,30.760000228881836,31.200000762939453,30.375999450683594,31.200000762939453,2875.0
2004-08-03 00:00:00,22.014232635498047,30.663999557495117,30.992000579833984,30.576000213623047,30.639999389648438,7375.0
2004-08-04 00:00:00,21.663894653320312,30.176000595092773,30.70400047302246,29.968000411987305,30.464000701904297,19500.0
2004-08-05 00:00:00,21.7040958404541,30.23200035095215,30.72800064086914,29.68000030517578,29.784000396728516,13250.0
2004-08-06 00:00:00,21.640914916992188,30.143999099731445,30.84000015258789,30.104000091552734,30.327999114990234,15375.0
2004-08-09 00:00:00,21.164222717285156,29.479999542236328,30.27199935913086,29.479999542236328,30.15999984741211,5625.0
2004-08-10 00:00:00,22.111875534057617,30.799999237060547,30.799999237060547,29.479999542236328,29.992000579833984,10625.0
2004-08-11 00:00:00,21.101041793823242,29.392000198364258,30.600000381469727,29.304000854492188,30.600000381469727,13875.0
2004-08-12 00:00:00,21.181447982788086,29.503999710083008,30.280000686645508,29.29599952697754,29.29599952697754,26875.0
2004-08-13 00:00:00,21.215909957885742,29.552000045776367,30.13599967956543,29.312000274658203,29.392000198364258,14250.0
2004-08-16 00:00:00,22.025718688964844,30.68000030517578,30.75200080871582,29.639999389648438,29.719999313354492,9875.0
2004-08-17 00:00:00,21.325035095214844,29.70400047302246,30.70400047302246,29.70400047302246,30.70400047302246,13625.0
2004-08-18 00:00:00,22.025718688964844,30.68000030517578,30.68000030517578,29.488000869750977,29.488000869750977,14500.0
2004-08-19 00:00:00,21.520305633544922,29.97599983215332,30.591999053955078,29.959999084472656,29.959999084472656,11750.0
2004-08-20 00:00:00,22.019983291625977,30.672000885009766,30.68000030517578,30.18400001525879,30.351999282836914,9375.0
2004-08-23 00:00:00,21.61220359802246,30.104000091552734,30.663999557495117,30.104000091552734,30.591999053955078,11500.0
2004-08-24 00:00:00,21.951059341430664,30.576000213623047,30.624000549316406,30.167999267578125,30.351999282836914,11875.0
2004-08-25 00:00:00,22.34735107421875,31.128000259399414,31.128000259399414,30.304000854492188,30.631999969482422,18375.0
2004-08-26 00:00:00,22.358837127685547,31.143999099731445,31.176000595092773,30.808000564575195,31.07200050354004,7750.0
2004-08-27 00:00:00,22.973373413085938,32.0,32.15999984741211,30.91200065612793,30.91200065612793,31625.0
2004-08-30 00:00:00,22.370323181152344,31.15999984741211,32.279998779296875,31.15999984741211,31.799999237060547,27250.0
2004-08-31 00:00:00,22.318635940551758,31.08799934387207,31.992000579833984,31.08799934387207,31.152000427246094,9250.0
2004-09-01 00:00:00,22.74561309814453,31.535999298095703,32.79999923706055,31.200000762939453,31.200000762939453,26875.0
2004-09-02 00:00:00,23.091819763183594,32.01599884033203,32.01599884033203,31.263999938964844,31.90399932861328,7125.0
2004-09-03 00:00:00,22.73408317565918,31.520000457763672,32.08000183105469,31.23200035095215,31.615999221801758,10250.0
2004-09-07 00:00:00,22.43403434753418,31.104000091552734,31.399999618530273,30.624000549316406,31.176000595092773,27375.0
2004-09-08 00:00:00,22.278240203857422,30.88800048828125,31.600000381469727,30.88800048828125,31.176000595092773,15000.0
2004-09-09 00:00:00,22.820627212524414,31.639999389648438,32.15999984741211,30.97599983215332,31.06399917602539,22000.0
2004-09-10 00:00:00,23.080278396606445,32.0,32.0,31.09600067138672,31.176000595092773,12875.0
2004-09-13 00:00:00,23.022579193115234,31.920000076293945,32.055999755859375,31.760000228881836,31.760000228881836,7375.0
2004-09-14 00:00:00,23.120664596557617,32.055999755859375,32.055999755859375,31.399999618530273,31.503999710083008,9125.0
2004-09-15 00:00:00,23.022579193115234,31.920000076293945,32.0,31.288000106811523,31.288000106811523,10000.0
2004-09-16 00:00:00,23.080278396606445,32.0,32.0,31.464000701904297,31.895999908447266,8875.0
2004-09-17 00:00:00,23.109127044677734,32.040000915527344,32.959999084472656,31.600000381469727,32.0,28375.0
2004-09-20 00:00:00,22.60712432861328,31.3439998626709,32.040000915527344,31.31999969482422,32.040000915527344,7125.0
2004-09-21 00:00:00,23.109127044677734,32.040000915527344,32.152000427246094,31.392000198364258,32.0,15000.0
2004-09-22 00:00:00,22.099363327026367,30.639999389648438,32.040000915527344,30.607999801635742,32.040000915527344,12125.0
2004-09-23 00:00:00,22.220537185668945,30.808000564575195,31.176000595092773,30.496000289916992,30.86400032043457,7000.0
2004-09-24 00:00:00,22.133987426757812,30.687999725341797,31.104000091552734,30.687999725341797,31.08799934387207,7625.0
2004-09-27 00:00:00,21.926267623901367,30.399999618530273,30.92799949645996,30.399999618530273,30.799999237060547,8125.0
2004-09-28 00:00:00,22.382097244262695,31.031999588012695,31.031999588012695,30.472000122070312,30.631999969482422,9250.0
2004-09-29 00:00:00,22.399412155151367,31.055999755859375,31.055999755859375,30.479999542236328,30.479999542236328,9375.0
2004-09-30 00:00:00,22.335941314697266,30.968000411987305,31.055999755859375,30.847999572753906,31.055999755859375,4375.0
2004-10-01 00:00:00,22.018587112426758,30.527999877929688,31.055999755859375,30.527999877929688,30.760000228881836,13375.0
2004-10-04 00:00:00,22.37632942199707,31.02400016784668,31.055999755859375,30.90399932861328,30.97599983215332,7250.0
2004-10-05 00:00:00,22.399412155151367,31.055999755859375,31.29599952697754,30.695999145507812,30.992000579833984,16000.0
2004-10-06 00:00:00,22.659067153930664,31.416000366210938,31.416000366210938,30.81599998474121,31.055999755859375,5500.0
2004-10-07 00:00:00,22.116674423217773,30.663999557495117,31.607999801635742,30.663999557495117,31.607999801635742,4750.0
2004-10-08 00:00:00,21.926267623901367,30.399999618530273,31.0,30.399999618530273,30.93600082397461,4500.0
2004-10-11 00:00:00,22.02435302734375,30.535999298095703,30.600000381469727,30.31999969482422,30.399999618530273,8750.0
2004-10-12 00:00:00,22.41672134399414,31.079999923706055,31.079999923706055,30.167999267578125,30.54400062561035,11250.0
2004-10-13 00:00:00,21.926267623901367,30.399999618530273,31.215999603271484,30.399999618530273,31.13599967956543,18500.0
2004-10-14 00:00:00,21.86856460571289,30.31999969482422,30.799999237060547,30.18400001525879,30.520000457763672,14125.0
2004-10-15 00:00:00,22.5725154876709,31.29599952697754,31.552000045776367,30.488000869750977,30.488000869750977,14750.0
2004-10-18 00:00:00,22.918712615966797,31.775999069213867,31.775999069213867,31.13599967956543,31.559999465942383,7000.0
2004-10-19 00:00:00,22.687915802001953,31.45599937438965,31.719999313354492,31.239999771118164,31.600000381469727,20000.0
2004-10-20 00:00:00,22.797548294067383,31.607999801635742,31.631999969482422,31.09600067138672,31.416000366210938,6500.0
2004-10-21 00:00:00,23.04566192626953,31.95199966430664,31.959999084472656,31.23200035095215,31.375999450683594,17250.0
2004-10-22 00:00:00,21.926267623901367,30.399999618530273,32.0,30.327999114990234,31.808000564575195,10000.0
2004-10-25 00:00:00,22.37632942199707,31.02400016784668,31.079999923706055,30.200000762939453,30.68000030517578,9000.0
2004-10-26 00:00:00,23.074512481689453,31.992000579833984,32.0,30.72800064086914,31.007999420166016,11375.0
2004-10-27 00:00:00,23.05143165588379,31.959999084472656,32.512001037597656,31.312000274658203,31.56800079345703,25625.0
2004-10-28 00:00:00,23.022579193115234,31.920000076293945,32.2239990234375,31.56800079345703,32.215999603271484,15375.0
2004-10-29 00:00:00,22.566747665405273,31.288000106811523,32.0880012512207,31.27199935913086,32.08000183105469,14375.0
2004-11-01 00:00:00,22.566747665405273,31.288000106811523,31.384000778198242,30.832000732421875,31.304000854492188,6375.0
2004-11-02 00:00:00,22.924488067626953,31.784000396728516,31.983999252319336,31.472000122070312,31.472000122070312,8375.0
2004-11-03 00:00:00,23.51303482055664,32.599998474121094,32.599998474121094,31.6560001373291,31.84000015258789,8875.0
2004-11-04 00:00:00,23.351472854614258,32.375999450683594,32.784000396728516,32.04800033569336,32.68000030517578,10375.0
2004-11-05 00:00:00,23.380332946777344,32.41600036621094,32.79199981689453,32.19200134277344,32.4640007019043,10250.0
2004-11-08 00:00:00,22.97064971923828,31.847999572753906,32.20000076293945,31.847999572753906,32.20000076293945,2125.0
2004-11-09 00:00:00,22.503278732299805,31.200000762939453,32.13600158691406,31.200000762939453,32.104000091552734,6750.0
2004-11-10 00:00:00,23.51303482055664,32.599998474121094,32.7599983215332,31.215999603271484,31.215999603271484,12875.0
2004-11-11 00:00:00,23.651512145996094,32.79199981689453,32.79199981689453,32.183998107910156,32.4640007019043,9750.0
2004-11-12 00:00:00,23.945798873901367,33.20000076293945,33.20000076293945,32.560001373291016,32.720001220703125,5125.0
2004-11-15 00:00:00,24.199670791625977,33.551998138427734,33.551998138427734,32.79999923706055,33.25600051879883,7500.0
2004-11-16 00:00:00,23.553415298461914,32.65599822998047,33.551998138427734,32.327999114990234,33.551998138427734,4875.0
2004-11-17 00:00:00,23.68614387512207,32.84000015258789,33.50400161743164,32.72800064086914,33.119998931884766,5000.0
2004-11-18 00:00:00,23.414949417114258,32.4640007019043,33.560001373291016,32.36800003051758,33.560001373291016,5500.0
2004-11-19 00:00:00,23.409175872802734,32.45600128173828,33.30400085449219,32.20000076293945,32.20000076293945,6625.0
2004-11-22 00:00:00,23.68614387512207,32.84000015258789,32.88800048828125,32.20000076293945,32.279998779296875,14625.0
2004-11-23 00:00:00,23.639976501464844,32.7760009765625,33.20000076293945,32.28799819946289,32.944000244140625,10500.0
2004-11-24 00:00:00,24.37854766845703,33.79999923706055,33.79999923706055,32.72800064086914,32.95199966430664,6375.0
2004-11-26 00:00:00,24.868999481201172,34.47999954223633,34.47999954223633,33.439998626708984,33.98400115966797,3125.0
2004-11-29 00:00:00,25.38253402709961,35.19200134277344,35.24800109863281,34.3120002746582,34.33599853515625,10375.0
2004-11-30 00:00:00,25.3882999420166,35.20000076293945,35.7760009765625,35.152000427246094,35.25600051879883,18625.0
2004-12-01 00:00:00,25.734514236450195,35.68000030517578,36.08000183105469,35.08000183105469,35.08000183105469,16875.0
2004-12-02 00:00:00,26.31397819519043,36.327999114990234,36.7599983215332,35.4640007019043,35.4640007019043,16375.0
2004-12-03 00:00:00,26.076406478881836,36.0,36.784000396728516,35.91999816894531,35.91999816894531,16000.0
2004-12-06 00:00:00,25.55487632751465,35.279998779296875,35.63999938964844,35.19200134277344,35.56800079345703,20250.0
2004-12-07 00:00:00,25.027549743652344,34.551998138427734,35.263999938964844,34.487998962402344,34.736000061035156,13250.0
2004-12-08 00:00:00,24.853702545166016,34.3120002746582,34.68000030517578,34.30400085449219,34.400001525878906,16625.0
2004-12-09 00:00:00,24.645095825195312,34.02399826049805,34.3120002746582,33.98400115966797,34.3120002746582,49250.0
2004-12-10 00:00:00,24.534997940063477,33.87200164794922,34.20000076293945,33.61600112915039,34.20000076293945,56250.0
2004-12-13 00:00:00,24.37274169921875,33.64799880981445,34.055999755859375,33.2400016784668,34.055999755859375,15750.0
2004-12-14 00:00:00,24.58714485168457,33.944000244140625,33.944000244140625,33.24800109863281,33.24800109863281,13125.0
2004-12-15 00:00:00,24.708837509155273,34.11199951171875,34.13600158691406,33.672000885009766,33.672000885009766,8000.0
2004-12-16 00:00:00,23.8743953704834,32.959999084472656,33.54399871826172,32.87200164794922,33.30400085449219,16125.0
2004-12-17 00:00:00,23.607837677001953,32.59199905395508,33.45600128173828,32.512001037597656,32.80799865722656,15625.0
2004-12-20 00:00:00,23.549896240234375,32.512001037597656,33.6879997253418,32.512001037597656,33.560001373291016,35375.0
2004-12-21 00:00:00,24.013473510742188,33.152000427246094,33.215999603271484,32.70399856567383,33.19200134277344,33750.0
2004-12-22 00:00:00,23.76429557800293,32.80799865722656,33.847999572753906,32.80799865722656,33.512001037597656,20500.0
2004-12-23 00:00:00,24.871091842651367,34.33599853515625,34.33599853515625,33.2400016784668,33.959999084472656,57500.0
2004-12-27 00:00:00,24.424894332885742,33.720001220703125,34.12799835205078,33.57600021362305,33.599998474121094,8250.0
2004-12-28 00:00:00,24.847917556762695,34.30400085449219,34.30400085449219,33.36000061035156,33.36000061035156,17000.0
2004-12-29 00:00:00,25.43897819519043,35.119998931884766,35.20000076293945,33.880001068115234,34.007999420166016,34000.0
2004-12-30 00:00:00,25.294103622436523,34.91999816894531,35.20000076293945,34.72800064086914,35.20000076293945,16625.0
2004-12-31 00:00:00,24.222074508666992,33.439998626708984,34.72800064086914,33.439998626708984,34.68000030517578,6750.0
2005-01-03 00:00:00,23.758508682250977,32.79999923706055,33.2400016784668,32.487998962402344,33.20800018310547,29125.0
2005-01-04 00:00:00,23.352869033813477,32.2400016784668,32.79999923706055,32.12799835205078,32.79999923706055,23125.0
2005-01-05 00:00:00,23.538299560546875,32.49599838256836,32.58399963378906,31.847999572753906,32.119998931884766,52625.0
2005-01-06 00:00:00,23.63101577758789,32.624000549316406,33.15999984741211,32.12799835205078,32.599998474121094,43500.0
2005-01-07 00:00:00,22.912466049194336,31.631999969482422,33.01599884033203,31.631999969482422,33.01599884033203,17500.0
2005-01-10 00:00:00,22.709646224975586,31.351999282836914,31.959999084472656,31.351999282836914,31.607999801635742,10875.0
2005-01-11 00:00:00,23.16163444519043,31.97599983215332,32.439998626708984,31.200000762939453,31.280000686645508,35000.0
2005-01-12 00:00:00,23.00518035888672,31.760000228881836,32.30400085449219,31.56800079345703,31.583999633789062,14500.0
2005-01-13 00:00:00,22.327194213867188,30.823999404907227,32.2400016784668,30.823999404907227,31.503999710083008,24500.0
2005-01-14 00:00:00,22.419904708862305,30.95199966430664,31.440000534057617,30.823999404907227,31.440000534057617,9750.0
2005-01-18 00:00:00,22.28662872314453,30.76799964904785,31.488000869750977,30.743999481201172,30.84000015258789,14625.0
2005-01-19 00:00:00,21.805665969848633,30.104000091552734,31.15999984741211,30.104000091552734,31.15999984741211,18125.0
2005-01-20 00:00:00,21.68398094177246,29.93600082397461,30.70400047302246,29.93600082397461,30.167999267578125,14500.0
2005-01-21 00:00:00,21.75930404663086,30.040000915527344,30.719999313354492,29.695999145507812,30.384000778198242,16750.0
2005-01-24 00:00:00,21.394237518310547,29.535999298095703,30.007999420166016,29.384000778198242,29.600000381469727,11125.0
2005-01-25 00:00:00,22.049047470092773,30.440000534057617,30.695999145507812,29.304000854492188,29.88800048828125,35375.0
2005-01-26 00:00:00,22.698062896728516,31.336000442504883,31.399999618530273,30.375999450683594,30.68000030517578,13000.0
2005-01-27 00:00:00,22.924053192138672,31.648000717163086,32.391998291015625,31.351999282836914,31.351999282836914,6875.0
2005-01-28 00:00:00,22.44309425354004,30.983999252319336,31.23200035095215,30.304000854492188,30.600000381469727,26000.0
2005-01-31 00:00:00,22.6169376373291,31.224000930786133,31.327999114990234,30.472000122070312,30.784000396728516,23625.0
2005-02-01 00:00:00,22.75600814819336,31.416000366210938,31.775999069213867,31.104000091552734,31.143999099731445,14750.0
2005-02-02 00:00:00,23.30071449279785,32.167999267578125,32.167999267578125,30.871999740600586,31.384000778198242,25125.0
2005-02-03 00:00:00,23.150049209594727,31.959999084472656,32.17599868774414,31.399999618530273,32.03200149536133,18000.0
2005-02-04 00:00:00,23.555683135986328,32.52000045776367,32.61600112915039,31.27199935913086,32.152000427246094,9375.0
2005-02-07 00:00:00,23.265941619873047,32.119998931884766,32.57600021362305,31.871999740600586,32.57600021362305,14625.0
2005-02-08 00:00:00,24.054040908813477,33.20800018310547,33.2239990234375,32.007999420166016,32.12799835205078,32625.0
2005-02-09 00:00:00,23.329692840576172,32.20800018310547,33.28799819946289,32.183998107910156,33.28799819946289,20750.0
2005-02-10 00:00:00,23.10948944091797,31.90399932861328,32.263999938964844,31.304000854492188,32.104000091552734,13750.0
2005-02-11 00:00:00,23.903377532958984,33.0,33.0,31.464000701904297,31.583999633789062,23250.0
2005-02-14 00:00:00,23.90915870666504,33.007999420166016,33.17599868774414,32.4640007019043,32.96799850463867,9750.0
2005-02-15 00:00:00,23.596248626708984,32.57600021362305,33.38399887084961,32.03200149536133,32.79199981689453,26250.0
2005-02-16 00:00:00,23.497730255126953,32.439998626708984,32.64799880981445,32.12799835205078,32.152000427246094,9125.0
2005-02-17 00:00:00,22.6922664642334,31.327999114990234,32.560001373291016,31.327999114990234,32.400001525878906,26125.0
2005-02-18 00:00:00,22.558982849121094,31.143999099731445,31.81599998474121,30.92799949645996,31.81599998474121,24000.0
2005-02-22 00:00:00,22.4952392578125,31.055999755859375,31.408000946044922,30.559999465942383,31.143999099731445,30750.0
2005-02-23 00:00:00,22.28083610534668,30.760000228881836,31.15999984741211,30.375999450683594,31.15999984741211,35375.0
2005-02-24 00:00:00,22.698062896728516,31.336000442504883,31.375999450683594,30.312000274658203,30.920000076293945,18125.0
2005-02-25 00:00:00,24.05982780456543,33.215999603271484,33.34400177001953,31.191999435424805,31.392000198364258,41625.0
2005-02-28 00:00:00,23.903377532958984,33.0,33.13600158691406,32.279998779296875,32.31999969482422,19750.0
2005-03-01 00:00:00,23.90915870666504,33.007999420166016,33.28799819946289,32.784000396728516,32.784000396728516,14750.0
2005-03-02 00:00:00,23.509326934814453,32.45600128173828,33.15999984741211,32.31999969482422,32.36000061035156,4375.0
2005-03-03 00:00:00,24.103168487548828,33.119998931884766,33.30400085449219,33.0,33.0,14375.0
2005-03-04 00:00:00,23.992549896240234,32.96799850463867,33.599998474121094,32.42399978637695,32.79199981689453,14750.0
2005-03-07 00:00:00,24.074060440063477,33.08000183105469,33.36000061035156,32.816001892089844,33.13600158691406,11750.0
2005-03-08 00:00:00,24.015844345092773,33.0,33.31999969482422,32.82400131225586,32.97600173950195,15250.0
2005-03-09 00:00:00,23.788789749145508,32.6879997253418,33.31999969482422,32.608001708984375,33.0,15250.0
2005-03-10 00:00:00,23.81789207458496,32.72800064086914,33.28799819946289,32.17599868774414,32.52799987792969,20750.0
2005-03-11 00:00:00,23.96926498413086,32.93600082397461,33.19200134277344,32.608001708984375,32.880001068115234,15875.0
2005-03-14 00:00:00,23.788789749145508,32.6879997253418,32.992000579833984,32.624000549316406,32.87200164794922,10875.0
2005-03-15 00:00:00,23.887760162353516,32.82400131225586,33.31999969482422,32.41600036621094,32.41600036621094,44000.0
2005-03-16 00:00:00,24.13228416442871,33.15999984741211,33.36000061035156,32.82400131225586,32.82400131225586,14250.0
2005-03-17 00:00:00,24.03913116455078,33.03200149536133,33.215999603271484,32.84000015258789,33.040000915527344,15875.0
2005-03-18 00:00:00,23.672346115112305,32.52799987792969,33.20000076293945,32.400001525878906,33.20000076293945,81250.0
2005-03-21 00:00:00,24.16139030456543,33.20000076293945,33.25600051879883,32.84000015258789,33.007999420166016,15000.0
2005-03-22 00:00:00,24.074060440063477,33.08000183105469,33.36800003051758,32.9119987487793,33.119998931884766,16000.0
2005-03-23 00:00:00,23.92851448059082,32.880001068115234,33.01599884033203,32.40800094604492,32.79999923706055,13500.0
2005-03-24 00:00:00,23.520965576171875,32.31999969482422,33.06399917602539,32.31999969482422,33.06399917602539,9000.0
2005-03-28 00:00:00,23.753847122192383,32.63999938964844,32.720001220703125,32.400001525878906,32.720001220703125,7875.0
2005-03-29 00:00:00,23.29973030090332,32.01599884033203,32.91999816894531,32.01599884033203,32.64799880981445,9500.0
2005-03-30 00:00:00,24.1439208984375,33.17599868774414,33.17599868774414,32.03200149536133,32.33599853515625,8125.0
2005-03-31 00:00:00,23.58501625061035,32.40800094604492,33.15999984741211,32.0880012512207,32.79999923706055,19750.0
2005-04-01 00:00:00,22.68842124938965,31.176000595092773,32.91999816894531,31.11199951171875,32.58399963378906,8875.0
2005-04-04 00:00:00,23.218223571777344,31.90399932861328,32.04800033569336,31.336000442504883,31.336000442504883,5250.0
2005-04-05 00:00:00,23.689800262451172,32.551998138427734,32.599998474121094,32.2400016784668,32.30400085449219,2375.0
2005-04-06 00:00:00,23.864465713500977,32.79199981689453,32.91999816894531,32.45600128173828,32.7599983215332,7125.0
2005-04-07 00:00:00,23.823715209960938,32.736000061035156,32.79999923706055,32.279998779296875,32.768001556396484,3125.0
2005-04-08 00:00:00,22.822322845458984,31.360000610351562,32.279998779296875,31.360000610351562,32.20000076293945,9250.0
2005-04-11 00:00:00,23.369590759277344,32.11199951171875,32.439998626708984,31.079999923706055,31.263999938964844,32125.0
2005-04-12 00:00:00,23.305551528930664,32.02399826049805,32.33599853515625,30.920000076293945,31.8799991607666,21500.0
2005-04-13 00:00:00,22.746631622314453,31.256000518798828,32.14400100708008,31.04800033569336,31.68000030517578,2250.0
2005-04-14 00:00:00,22.123685836791992,30.399999618530273,31.360000610351562,30.399999618530273,31.191999435424805,11375.0
2005-04-15 00:00:00,21.541484832763672,29.600000381469727,30.968000411987305,29.583999633789062,30.639999389648438,14625.0
2005-04-18 00:00:00,22.03635597229004,30.280000686645508,30.591999053955078,29.799999237060547,29.799999237060547,15250.0
2005-04-19 00:00:00,22.76410675048828,31.280000686645508,31.280000686645508,30.27199935913086,30.27199935913086,13250.0
2005-04-20 00:00:00,21.756893157958984,29.895999908447266,30.95199966430664,29.895999908447266,30.95199966430664,14875.0
2005-04-21 00:00:00,22.181901931762695,30.479999542236328,30.799999237060547,29.799999237060547,30.472000122070312,36875.0
2005-04-22 00:00:00,20.69145965576172,28.43199920654297,30.191999435424805,28.0,30.104000091552734,36375.0
2005-04-25 00:00:00,20.959274291992188,28.799999237060547,30.02400016784668,28.488000869750977,28.711999893188477,20250.0
2005-04-26 00:00:00,20.49933624267578,28.167999267578125,29.479999542236328,28.040000915527344,28.920000076293945,17375.0
2005-04-27 00:00:00,21.407575607299805,29.416000366210938,29.535999298095703,28.016000747680664,28.256000518798828,24500.0
2005-04-28 00:00:00,21.250385284423828,29.200000762939453,29.95199966430664,29.200000762939453,29.559999465942383,37375.0
2005-04-29 00:00:00,21.931554794311523,30.13599967956543,30.191999435424805,29.360000610351562,29.56800079345703,38125.0
2005-05-02 00:00:00,22.636016845703125,31.104000091552734,31.104000091552734,30.143999099731445,30.304000854492188,34750.0
2005-05-03 00:00:00,21.803468704223633,29.959999084472656,31.200000762939453,29.91200065612793,31.104000091552734,15500.0
2005-05-04 00:00:00,21.797651290893555,29.95199966430664,30.176000595092773,29.68000030517578,29.847999572753906,8500.0
2005-05-05 00:00:00,22.61855697631836,31.079999923706055,31.079999923706055,30.007999420166016,30.176000595092773,34875.0
2005-05-06 00:00:00,22.845613479614258,31.392000198364258,31.488000869750977,30.920000076293945,31.304000854492188,19000.0
2005-05-09 00:00:00,22.4322452545166,30.823999404907227,31.464000701904297,30.583999633789062,31.312000274658203,7375.0
2005-05-10 00:00:00,22.071285247802734,30.327999114990234,31.384000778198242,29.832000732421875,30.527999877929688,8625.0
2005-05-11 00:00:00,21.919918060302734,30.1200008392334,30.552000045776367,29.68000030517578,30.552000045776367,12375.0
2005-05-12 00:00:00,21.628807067871094,29.719999313354492,30.719999313354492,29.719999313354492,30.3439998626709,30125.0
2005-05-13 00:00:00,21.122291564941406,29.02400016784668,30.280000686645508,28.832000732421875,30.280000686645508,30250.0
2005-05-16 00:00:00,22.065460205078125,30.31999969482422,30.384000778198242,29.20800018310547,29.360000610351562,8125.0
2005-05-17 00:00:00,21.925735473632812,30.128000259399414,30.423999786376953,29.70400047302246,30.423999786376953,22125.0
2005-05-18 00:00:00,22.99116325378418,31.591999053955078,31.743999481201172,30.423999786376953,30.423999786376953,23250.0
2005-05-19 00:00:00,22.898012161254883,31.464000701904297,31.736000061035156,31.263999938964844,31.416000366210938,15750.0
2005-05-20 00:00:00,22.66512680053711,31.143999099731445,31.31999969482422,30.719999313354492,31.18400001525879,15875.0
2005-05-23 00:00:00,22.92129898071289,31.496000289916992,31.600000381469727,30.615999221801758,30.615999221801758,15875.0
2005-05-24 00:00:00,22.97951316833496,31.576000213623047,31.648000717163086,31.215999603271484,31.600000381469727,16375.0
2005-05-25 00:00:00,22.275054931640625,30.607999801635742,31.503999710083008,30.56800079345703,31.3439998626709,10500.0
2005-05-26 00:00:00,22.752458572387695,31.263999938964844,31.56800079345703,30.639999389648438,30.823999404907227,8750.0
2005-05-27 00:00:00,22.68842124938965,31.176000595092773,31.472000122070312,31.02400016784668,31.079999923706055,13000.0
2005-05-31 00:00:00,23.404529571533203,32.15999984741211,32.439998626708984,30.895999908447266,30.895999908447266,35875.0
2005-06-01 00:00:00,23.870296478271484,32.79999923706055,32.79999923706055,31.68000030517578,32.119998931884766,19125.0
2005-06-02 00:00:00,23.887840270996094,32.672000885009766,32.79999923706055,31.784000396728516,31.784000396728516,25500.0
2005-06-03 00:00:00,24.11595916748047,32.98400115966797,33.59199905395508,32.0880012512207,32.79999923706055,79125.0
2005-06-06 00:00:00,23.624624252319336,32.3120002746582,32.816001892089844,32.13600158691406,32.816001892089844,10875.0
2005-06-07 00:00:00,23.630475997924805,32.31999969482422,32.82400131225586,32.2239990234375,32.391998291015625,16875.0
2005-06-08 00:00:00,23.419902801513672,32.03200149536133,32.79999923706055,31.743999481201172,32.007999420166016,47625.0
2005-06-09 00:00:00,23.46085548400879,32.0880012512207,32.19200134277344,31.511999130249023,31.672000885009766,26500.0
2005-06-10 00:00:00,23.21518898010254,31.75200080871582,32.0,31.72800064086914,31.91200065612793,3500.0
2005-06-13 00:00:00,22.595184326171875,30.90399932861328,31.88800048828125,30.760000228881836,31.88800048828125,19750.0
2005-06-14 00:00:00,23.092355728149414,31.583999633789062,31.93600082397461,30.91200065612793,30.983999252319336,30750.0
2005-06-15 00:00:00,23.525190353393555,32.17599868774414,32.2400016784668,31.384000778198242,32.040000915527344,27125.0
2005-06-16 00:00:00,24.273881912231445,33.20000076293945,33.215999603271484,31.743999481201172,31.959999084472656,38375.0
2005-06-17 00:00:00,23.729909896850586,32.45600128173828,33.34400177001953,32.14400100708008,33.263999938964844,58500.0
2005-06-20 00:00:00,23.782556533813477,32.52799987792969,32.551998138427734,31.736000061035156,32.551998138427734,15375.0
2005-06-21 00:00:00,23.45500373840332,32.08000183105469,33.0,32.0,32.400001525878906,22500.0
2005-06-22 00:00:00,24.191987991333008,33.0880012512207,33.0880012512207,32.040000915527344,32.47999954223633,34375.0
2005-06-23 00:00:00,24.12765121459961,33.0,33.36000061035156,32.832000732421875,33.152000427246094,39000.0
2005-06-24 00:00:00,23.782556533813477,32.52799987792969,32.79999923706055,32.02399826049805,32.79999923706055,76375.0
2005-06-27 00:00:00,23.484256744384766,32.119998931884766,32.375999450683594,31.808000564575195,32.06399917602539,20375.0
2005-06-28 00:00:00,24.43181037902832,33.41600036621094,33.4640007019043,31.944000244140625,32.36000061035156,34250.0
2005-06-29 00:00:00,24.32653045654297,33.27199935913086,34.06399917602539,32.90399932861328,33.448001861572266,26625.0
2005-06-30 00:00:00,23.630475997924805,32.31999969482422,34.263999938964844,32.167999267578125,33.47200012207031,37750.0
2005-07-01 00:00:00,23.3380184173584,31.920000076293945,32.47999954223633,31.775999069213867,32.31999969482422,13875.0
2005-07-05 00:00:00,25.421770095825195,34.77000045776367,34.849998474121094,32.02000045776367,32.02000045776367,34400.0
2005-07-06 00:00:00,24.90996551513672,34.06999969482422,34.650001525878906,33.849998474121094,34.650001525878906,27300.0
2005-07-07 00:00:00,24.89535140991211,34.04999923706055,34.06999969482422,32.970001220703125,33.150001525878906,16800.0
2005-07-08 00:00:00,25.04158592224121,34.25,34.400001525878906,33.619998931884766,34.38999938964844,14400.0
2005-07-11 00:00:00,25.56800079345703,34.970001220703125,34.970001220703125,34.0,34.0,12500.0
2005-07-12 00:00:00,26.130970001220703,35.7400016784668,35.959999084472656,34.689998626708984,34.95000076293945,26200.0
2005-07-13 00:00:00,25.853145599365234,35.36000061035156,35.52000045776367,35.06999969482422,35.52000045776367,13300.0
2005-07-14 00:00:00,24.84417152404785,33.97999954223633,35.709999084472656,33.689998626708984,35.709999084472656,10200.0
2005-07-15 00:00:00,25.151247024536133,34.400001525878906,34.45000076293945,33.720001220703125,33.75,9300.0
2005-07-18 00:00:00,24.500539779663086,33.5099983215332,34.540000915527344,33.5099983215332,34.02000045776367,10900.0
2005-07-19 00:00:00,25.465633392333984,34.83000183105469,34.83000183105469,33.689998626708984,34.2599983215332,10800.0
2005-07-20 00:00:00,26.379560470581055,36.08000183105469,36.33000183105469,34.88999938964844,34.91999816894531,25700.0
2005-07-21 00:00:00,25.04158592224121,34.25,36.0,34.2400016784668,35.90999984741211,27800.0
2005-07-22 00:00:00,26.196781158447266,35.83000183105469,35.83000183105469,34.0099983215332,34.59000015258789,28100.0
2005-07-25 00:00:00,25.78734588623047,35.27000045776367,35.88999938964844,35.27000045776367,35.88999938964844,16000.0
2005-07-26 00:00:00,26.635461807250977,36.43000030517578,36.43000030517578,35.849998474121094,35.849998474121094,21100.0
2005-07-27 00:00:00,26.86943244934082,36.75,36.75,36.0099983215332,36.209999084472656,44100.0
2005-07-28 00:00:00,27.410476684570312,37.4900016784668,37.5,36.15999984741211,36.599998474121094,21500.0
2005-07-29 00:00:00,27.161874771118164,37.150001525878906,37.900001525878906,36.84000015258789,37.5,14600.0
2005-08-01 00:00:00,27.439716339111328,37.529998779296875,38.15999984741211,36.75,36.75,13300.0
2005-08-02 00:00:00,28.2147274017334,38.59000015258789,38.689998626708984,37.25,37.25,16200.0
2005-08-03 00:00:00,28.148935317993164,38.5,38.720001220703125,38.349998474121094,38.599998474121094,12800.0
2005-08-04 00:00:00,27.052213668823242,37.0,38.720001220703125,36.77000045776367,38.720001220703125,16000.0
2005-08-05 00:00:00,26.76706314086914,36.61000061035156,36.869998931884766,35.97999954223633,36.75,25900.0
2005-08-08 00:00:00,25.977441787719727,35.529998779296875,36.90999984741211,35.529998779296875,36.790000915527344,10700.0
2005-08-09 00:00:00,26.043237686157227,35.619998931884766,36.16999816894531,35.619998931884766,36.040000915527344,9200.0
2005-08-10 00:00:00,25.18781089782715,34.45000076293945,35.790000915527344,33.939998626708984,35.47999954223633,61400.0
2005-08-11 00:00:00,25.91893768310547,35.45000076293945,35.77000045776367,34.20000076293945,34.619998931884766,13200.0
2005-08-12 00:00:00,25.58993911743164,35.0,35.22999954223633,34.279998779296875,35.18000030517578,15400.0
2005-08-15 00:00:00,26.386878967285156,36.09000015258789,36.099998474121094,35.0,35.13999938964844,12000.0
2005-08-16 00:00:00,25.59724235534668,35.0099983215332,36.08000183105469,35.0099983215332,35.75,12400.0
2005-08-17 00:00:00,25.780027389526367,35.2599983215332,35.2599983215332,34.68000030517578,35.0,8500.0
2005-08-18 00:00:00,25.480262756347656,34.849998474121094,35.29999923706055,34.84000015258789,35.0,10900.0
2005-08-19 00:00:00,25.772716522216797,35.25,35.45000076293945,34.779998779296875,34.790000915527344,7300.0
2005-08-22 00:00:00,25.948196411132812,35.4900016784668,35.810001373291016,34.90999984741211,35.02000045776367,11800.0
2005-08-23 00:00:00,26.650087356567383,36.45000076293945,36.70000076293945,35.040000915527344,35.54999923706055,19000.0
2005-08-24 00:00:00,27.322744369506836,37.369998931884766,37.939998626708984,36.34000015258789,36.5,21300.0
2005-08-25 00:00:00,26.693954467773438,36.5099983215332,37.5099983215332,36.119998931884766,37.15999984741211,13000.0
2005-08-26 00:00:00,25.78734588623047,35.27000045776367,36.52000045776367,35.27000045776367,36.27000045776367,17300.0
2005-08-29 00:00:00,26.474626541137695,36.209999084472656,36.2400016784668,34.4900016784668,35.130001068115234,13400.0
2005-08-30 00:00:00,26.152917861938477,35.77000045776367,36.34000015258789,35.58000183105469,36.34000015258789,9500.0
2005-08-31 00:00:00,26.774370193481445,36.619998931884766,37.15999984741211,35.380001068115234,35.380001068115234,28500.0
2005-09-01 00:00:00,26.562942504882812,36.18000030517578,36.650001525878906,35.66999816894531,36.439998626708984,9100.0
2005-09-02 00:00:00,26.078380584716797,35.52000045776367,36.0,35.5099983215332,36.0,14600.0
2005-09-06 00:00:00,27.076871871948242,36.880001068115234,36.880001068115234,35.47999954223633,35.5,16700.0
2005-09-07 00:00:00,27.722951889038086,37.7599983215332,37.7599983215332,37.029998779296875,37.279998779296875,9300.0
2005-09-08 00:00:00,26.724464416503906,36.400001525878906,37.459999084472656,36.11000061035156,37.06999969482422,11900.0
2005-09-09 00:00:00,27.113576889038086,36.93000030517578,36.93000030517578,36.11000061035156,36.11000061035156,12300.0
2005-09-12 00:00:00,27.524723052978516,37.4900016784668,37.70000076293945,36.380001068115234,37.0,8200.0
2005-09-13 00:00:00,27.098888397216797,36.90999984741211,37.20000076293945,36.38999938964844,37.08000183105469,9200.0
2005-09-14 00:00:00,26.82724952697754,36.540000915527344,37.47999954223633,36.279998779296875,36.779998779296875,19600.0
2005-09-15 00:00:00,26.548242568969727,36.15999984741211,36.900001525878906,35.7400016784668,36.83000183105469,18200.0
2005-09-16 00:00:00,26.511539459228516,36.11000061035156,36.52000045776367,35.619998931884766,36.52000045776367,67200.0
2005-09-19 00:00:00,25.93152618408203,35.31999969482422,36.369998931884766,35.27000045776367,36.33000183105469,7500.0
2005-09-20 00:00:00,25.681913375854492,34.97999954223633,36.0099983215332,34.95000076293945,35.68000030517578,16600.0
2005-09-21 00:00:00,24.9624080657959,34.0,35.0,34.0,34.65999984741211,15300.0
2005-09-22 00:00:00,25.14595603942871,34.25,34.52000045776367,33.970001220703125,34.40999984741211,9600.0
2005-09-23 00:00:00,26.01963233947754,35.439998626708984,35.439998626708984,33.849998474121094,34.20000076293945,14400.0
2005-09-26 00:00:00,27.164974212646484,37.0,37.0,35.04999923706055,35.5,27600.0
2005-09-27 00:00:00,27.26041030883789,37.130001068115234,37.599998474121094,36.47999954223633,36.9900016784668,30200.0
2005-09-28 00:00:00,27.414594650268555,37.34000015258789,37.34000015258789,36.79999923706055,37.0,11200.0
2005-09-29 00:00:00,28.1047306060791,38.279998779296875,38.5,36.939998626708984,37.06999969482422,18800.0
2005-09-30 00:00:00,27.68624496459961,37.709999084472656,37.849998474121094,37.5099983215332,37.75,7100.0
2005-10-03 00:00:00,27.098888397216797,36.90999984741211,38.09000015258789,36.779998779296875,37.93000030517578,11400.0
2005-10-04 00:00:00,26.85660743713379,36.58000183105469,37.56999969482422,36.5099983215332,36.970001220703125,15900.0
2005-10-05 00:00:00,26.797882080078125,36.5,37.29999923706055,36.2599983215332,36.5,34700.0
2005-10-06 00:00:00,26.327985763549805,35.86000061035156,36.849998474121094,35.7599983215332,36.45000076293945,20100.0
2005-10-07 00:00:00,25.990270614624023,35.400001525878906,36.20000076293945,35.31999969482422,36.20000076293945,9700.0
2005-10-10 00:00:00,25.82875633239746,35.18000030517578,35.599998474121094,35.0099983215332,35.599998474121094,10200.0
2005-10-11 00:00:00,25.123918533325195,34.220001220703125,35.52000045776367,34.220001220703125,35.52000045776367,4800.0
2005-10-12 00:00:00,24.676076889038086,33.61000061035156,34.2400016784668,33.5099983215332,34.2400016784668,27300.0
2005-10-13 00:00:00,25.175317764282227,34.290000915527344,34.290000915527344,33.31999969482422,33.5,9600.0
2005-10-14 00:00:00,25.90216827392578,35.279998779296875,35.279998779296875,34.2400016784668,34.790000915527344,5300.0
2005-10-17 00:00:00,25.131269454956055,34.22999954223633,34.959999084472656,34.0099983215332,34.959999084472656,8800.0
2005-10-18 00:00:00,24.610002517700195,33.52000045776367,34.0099983215332,33.34000015258789,34.0099983215332,13900.0
2005-10-19 00:00:00,25.101903915405273,34.189998626708984,34.189998626708984,33.209999084472656,33.27000045776367,67300.0
2005-10-20 00:00:00,25.29279327392578,34.45000076293945,34.95000076293945,34.11000061035156,34.5,41700.0
2005-10-21 00:00:00,25.91684913635254,35.29999923706055,35.52000045776367,33.97999954223633,34.0,19700.0
2005-10-24 00:00:00,26.430776596069336,36.0,36.0,35.5,35.5,11900.0
2005-10-25 00:00:00,25.659883499145508,34.95000076293945,35.95000076293945,34.779998779296875,35.90999984741211,4400.0
2005-10-26 00:00:00,25.90951156616211,35.290000915527344,35.90999984741211,34.65999984741211,34.65999984741211,9300.0
2005-10-27 00:00:00,24.88898468017578,33.900001525878906,35.41999816894531,33.790000915527344,34.93000030517578,8100.0
2005-10-28 00:00:00,26.049001693725586,35.47999954223633,35.47999954223633,33.83000183105469,33.83000183105469,8500.0
2005-10-31 00:00:00,26.81256103515625,36.52000045776367,36.52000045776367,35.470001220703125,35.47999954223633,38000.0
2005-11-01 00:00:00,26.55559539794922,36.16999816894531,36.380001068115234,35.959999084472656,36.09000015258789,8400.0
2005-11-02 00:00:00,27.341182708740234,37.2400016784668,37.2400016784668,36.209999084472656,36.209999084472656,13600.0
2005-11-03 00:00:00,27.238393783569336,37.099998474121094,37.2599983215332,36.7599983215332,37.25,17500.0
2005-11-04 00:00:00,26.78318977355957,36.47999954223633,37.45000076293945,36.06999969482422,37.29999923706055,11500.0
2005-11-07 00:00:00,26.805219650268555,36.5099983215332,37.040000915527344,36.11000061035156,37.040000915527344,5700.0
2005-11-08 00:00:00,26.658376693725586,36.310001373291016,36.970001220703125,35.7400016784668,35.900001525878906,6900.0
2005-11-09 00:00:00,27.06218147277832,36.86000061035156,36.900001525878906,36.29999923706055,36.65999984741211,3700.0
2005-11-10 00:00:00,27.53207015991211,37.5,37.5,35.58000183105469,36.59000015258789,10800.0
2005-11-11 00:00:00,27.708263397216797,37.7400016784668,37.77000045776367,37.0,37.0,4400.0
2005-11-14 00:00:00,27.429285049438477,37.36000061035156,37.75,37.25,37.75,4000.0
2005-11-15 00:00:00,26.254568099975586,35.7599983215332,36.95000076293945,35.70000076293945,36.779998779296875,9900.0
2005-11-16 00:00:00,25.65253448486328,34.939998626708984,35.630001068115234,34.439998626708984,35.630001068115234,24000.0
2005-11-17 00:00:00,26.078380584716797,35.52000045776367,35.869998931884766,34.56999969482422,34.56999969482422,24300.0
2005-11-18 00:00:00,26.981428146362305,36.75,36.959999084472656,35.66999816894531,35.93000030517578,15800.0
2005-11-21 00:00:00,27.47332763671875,37.41999816894531,37.41999816894531,36.52000045776367,36.95000076293945,9500.0
2005-11-22 00:00:00,27.3999080657959,37.31999969482422,37.5,36.970001220703125,36.970001220703125,9100.0
2005-11-23 00:00:00,27.656877517700195,37.66999816894531,37.81999969482422,37.459999084472656,37.689998626708984,5900.0
2005-11-25 00:00:00,27.71561050415039,37.75,37.84000015258789,37.75,37.84000015258789,1100.0
2005-11-28 00:00:00,27.22370147705078,37.08000183105469,37.279998779296875,36.86000061035156,37.13999938964844,12300.0
2005-11-29 00:00:00,27.253070831298828,37.119998931884766,37.33000183105469,36.95000076293945,37.290000915527344,16000.0
2005-11-30 00:00:00,28.23687744140625,38.459999084472656,38.459999084472656,37.04999923706055,37.33000183105469,42400.0
2005-12-01 00:00:00,28.570894241333008,38.75,39.0,38.41999816894531,38.9900016784668,17300.0
2005-12-02 00:00:00,28.593006134033203,38.779998779296875,38.959999084472656,38.189998626708984,38.4900016784668,8200.0
2005-12-05 00:00:00,28.091638565063477,38.099998474121094,38.619998931884766,37.869998931884766,38.619998931884766,12400.0
2005-12-06 00:00:00,28.180112838745117,38.220001220703125,38.790000915527344,38.11000061035156,38.5099983215332,18200.0
2005-12-07 00:00:00,27.39118194580078,37.150001525878906,38.5,37.119998931884766,38.5,18500.0
2005-12-08 00:00:00,27.295345306396484,37.02000045776367,37.33000183105469,36.400001525878906,37.15999984741211,11600.0
2005-12-09 00:00:00,27.627124786376953,37.470001220703125,37.540000915527344,36.83000183105469,36.83000183105469,7700.0
2005-12-12 00:00:00,28.14324951171875,38.16999816894531,38.16999816894531,36.81999969482422,37.63999938964844,16900.0
2005-12-13 00:00:00,28.674108505249023,38.88999938964844,38.97999954223633,38.16999816894531,38.16999816894531,15800.0
2005-12-14 00:00:00,28.976402282714844,39.29999923706055,39.33000183105469,38.97999954223633,38.97999954223633,22400.0
2005-12-15 00:00:00,28.305456161499023,38.38999938964844,38.9900016784668,37.779998779296875,38.9900016784668,11900.0
2005-12-16 00:00:00,27.73772621154785,37.619998931884766,38.400001525878906,37.119998931884766,38.22999954223633,77600.0
2005-12-19 00:00:00,27.03727912902832,36.66999816894531,37.209999084472656,36.66999816894531,37.119998931884766,24600.0
2005-12-20 00:00:00,26.676002502441406,36.18000030517578,37.18000030517578,36.0099983215332,37.18000030517578,18800.0
2005-12-21 00:00:00,26.617006301879883,36.099998474121094,36.470001220703125,36.099998474121094,36.22999954223633,6500.0
2005-12-22 00:00:00,26.889822006225586,36.470001220703125,36.470001220703125,36.099998474121094,36.189998626708984,3800.0
2005-12-23 00:00:00,26.543272018432617,36.0,36.540000915527344,35.849998474121094,36.130001068115234,12300.0
2005-12-27 00:00:00,26.32207679748535,35.70000076293945,36.400001525878906,35.70000076293945,35.90999984741211,4900.0
2005-12-28 00:00:00,26.358949661254883,35.75,36.20000076293945,35.7400016784668,36.20000076293945,3300.0
2005-12-29 00:00:00,25.828079223632812,35.029998779296875,36.029998779296875,35.0,35.7400016784668,10300.0
2005-12-30 00:00:00,25.282470703125,34.290000915527344,35.0,34.25,35.0,14700.0
2006-01-03 00:00:00,26.499042510986328,35.939998626708984,35.939998626708984,34.36000061035156,34.36000061035156,25600.0
2006-01-04 00:00:00,26.86031150817871,36.43000030517578,36.4900016784668,36.06999969482422,36.099998474121094,5700.0
2006-01-05 00:00:00,26.823461532592773,36.380001068115234,36.970001220703125,36.099998474121094,36.459999084472656,6000.0
2006-01-06 00:00:00,26.46217155456543,35.88999938964844,36.75,35.5099983215332,36.63999938964844,8500.0
2006-01-09 00:00:00,26.174612045288086,35.5,36.33000183105469,35.5,36.16999816894531,12600.0
2006-01-10 00:00:00,26.476924896240234,35.90999984741211,35.90999984741211,35.20000076293945,35.5,10600.0
2006-01-11 00:00:00,26.32207679748535,35.70000076293945,35.77000045776367,35.5,35.650001525878906,10600.0
2006-01-12 00:00:00,25.798593521118164,34.9900016784668,35.58000183105469,34.95000076293945,35.38999938964844,2800.0
2006-01-13 00:00:00,25.97554588317871,35.22999954223633,35.36000061035156,34.68000030517578,35.2400016784668,5400.0
2006-01-17 00:00:00,25.370948791503906,34.40999984741211,34.900001525878906,34.34000015258789,34.849998474121094,9100.0
2006-01-18 00:00:00,25.746980667114258,34.91999816894531,34.91999816894531,34.290000915527344,34.36000061035156,3500.0
2006-01-19 00:00:00,26.299964904785156,35.66999816894531,35.7400016784668,34.650001525878906,35.02000045776367,6800.0
2006-01-20 00:00:00,26.263090133666992,35.619998931884766,36.08000183105469,35.61000061035156,36.08000183105469,11600.0
2006-01-23 00:00:00,26.52853012084961,35.97999954223633,35.97999954223633,35.619998931884766,35.619998931884766,4300.0
2006-01-24 00:00:00,27.059404373168945,36.70000076293945,36.70000076293945,35.439998626708984,36.02000045776367,7900.0
2006-01-25 00:00:00,27.015167236328125,36.63999938964844,37.529998779296875,36.290000915527344,36.95000076293945,12000.0
2006-01-26 00:00:00,27.811458587646484,37.720001220703125,37.720001220703125,36.209999084472656,36.27000045776367,8900.0
2006-01-27 00:00:00,27.612375259399414,37.45000076293945,37.970001220703125,36.93000030517578,37.40999984741211,9300.0
2006-01-30 00:00:00,26.476924896240234,35.90999984741211,37.45000076293945,35.630001068115234,37.029998779296875,22300.0
2006-01-31 00:00:00,26.226226806640625,35.56999969482422,36.20000076293945,35.34000015258789,35.720001220703125,12400.0
2006-02-01 00:00:00,26.10089111328125,35.400001525878906,35.91999816894531,34.77000045776367,35.45000076293945,12200.0
2006-02-02 00:00:00,25.555280685424805,34.65999984741211,35.56999969482422,34.5,35.56999969482422,13500.0
2006-02-03 00:00:00,25.717491149902344,34.880001068115234,35.04999923706055,34.529998779296875,34.599998474121094,5800.0
2006-02-06 00:00:00,25.872325897216797,35.09000015258789,35.38999938964844,34.630001068115234,35.38999938964844,6700.0
2006-02-07 00:00:00,25.444690704345703,34.5099983215332,35.0,34.349998474121094,35.0,15500.0
2006-02-08 00:00:00,25.481548309326172,34.560001373291016,34.939998626708984,34.290000915527344,34.939998626708984,7900.0
2006-02-09 00:00:00,25.319345474243164,34.34000015258789,35.349998474121094,34.27000045776367,34.88999938964844,11300.0
2006-02-10 00:00:00,25.311965942382812,34.33000183105469,34.790000915527344,34.0099983215332,34.290000915527344,26400.0
2006-02-13 00:00:00,25.142377853393555,34.099998474121094,34.650001525878906,33.9900016784668,34.04999923706055,13400.0
2006-02-14 00:00:00,25.820707321166992,35.02000045776367,35.11000061035156,34.04999923706055,34.41999816894531,8400.0
2006-02-15 00:00:00,26.34419822692871,35.72999954223633,35.72999954223633,34.5,34.5,9100.0
2006-02-16 00:00:00,26.336830139160156,35.720001220703125,35.790000915527344,35.209999084472656,35.75,4800.0
2006-02-17 00:00:00,25.687990188598633,34.84000015258789,35.7599983215332,34.72999954223633,35.7599983215332,8000.0
2006-02-21 00:00:00,25.002296447753906,33.90999984741211,34.63999938964844,33.88999938964844,34.63999938964844,9900.0
2006-02-22 00:00:00,25.002296447753906,33.90999984741211,34.150001525878906,33.869998931884766,34.099998474121094,12600.0
2006-02-23 00:00:00,25.105518341064453,34.04999923706055,34.29999923706055,33.790000915527344,33.84000015258789,7500.0
2006-02-24 00:00:00,25.717491149902344,34.880001068115234,35.0,33.849998474121094,33.849998474121094,11400.0
2006-02-27 00:00:00,26.012409210205078,35.279998779296875,35.29999923706055,34.810001373291016,35.0,27300.0
2006-02-28 00:00:00,25.746980667114258,34.91999816894531,34.959999084472656,34.220001220703125,34.93000030517578,19900.0
2006-03-01 00:00:00,25.511037826538086,34.599998474121094,34.77000045776367,34.290000915527344,34.70000076293945,30300.0
2006-03-02 00:00:00,25.565128326416016,34.5099983215332,34.7599983215332,34.040000915527344,34.75,23600.0
2006-03-03 00:00:00,25.683645248413086,34.66999816894531,34.93000030517578,34.11000061035156,34.25,19400.0
2006-03-06 00:00:00,25.676240921020508,34.65999984741211,34.939998626708984,34.349998474121094,34.66999816894531,33100.0
2006-03-07 00:00:00,25.52066993713379,34.45000076293945,34.790000915527344,33.86000061035156,34.290000915527344,41500.0
2006-03-08 00:00:00,25.557708740234375,34.5,34.72999954223633,34.099998474121094,34.279998779296875,17300.0
2006-03-09 00:00:00,25.565128326416016,34.5099983215332,34.81999969482422,33.97999954223633,34.36000061035156,39400.0
2006-03-10 00:00:00,25.705867767333984,34.70000076293945,34.70000076293945,34.380001068115234,34.560001373291016,9900.0
2006-03-13 00:00:00,25.7651309967041,34.779998779296875,35.0,34.52000045776367,34.70000076293945,14900.0
2006-03-14 00:00:00,26.38001251220703,35.61000061035156,35.650001525878906,34.439998626708984,34.439998626708984,19200.0
2006-03-15 00:00:00,26.63187599182129,35.95000076293945,36.040000915527344,35.58000183105469,35.75,18100.0
2006-03-16 00:00:00,26.57260513305664,35.869998931884766,36.04999923706055,35.720001220703125,36.0,17000.0
2006-03-17 00:00:00,26.63187599182129,35.95000076293945,36.04999923706055,35.560001373291016,36.04999923706055,84000.0
2006-03-20 00:00:00,26.187395095825195,35.349998474121094,35.56999969482422,34.66999816894531,35.56999969482422,24700.0
2006-03-21 00:00:00,25.313243865966797,34.16999816894531,35.459999084472656,34.16999816894531,34.16999816894531,34400.0
2006-03-22 00:00:00,25.60956382751465,34.56999969482422,34.84000015258789,34.0099983215332,34.25,8100.0
2006-03-23 00:00:00,25.683645248413086,34.66999816894531,34.66999816894531,34.029998779296875,34.52000045776367,10800.0
2006-03-24 00:00:00,25.91329574584961,34.97999954223633,34.97999954223633,34.29999923706055,34.43000030517578,8700.0
2006-03-27 00:00:00,25.839218139648438,34.880001068115234,34.880001068115234,34.27000045776367,34.849998474121094,11500.0
2006-03-28 00:00:00,25.557708740234375,34.5,34.81999969482422,34.34000015258789,34.58000183105469,9300.0
2006-03-29 00:00:00,25.95774269104004,35.040000915527344,35.040000915527344,34.09000015258789,34.2599983215332,10500.0
2006-03-30 00:00:00,25.99478530883789,35.09000015258789,35.2400016784668,34.68000030517578,34.68000030517578,2400.0
2006-03-31 00:00:00,26.33555030822754,35.54999923706055,35.54999923706055,34.33000183105469,34.77000045776367,12900.0
2006-04-03 00:00:00,25.646604537963867,34.619998931884766,35.38999938964844,34.310001373291016,35.38999938964844,12000.0
2006-04-04 00:00:00,25.676240921020508,34.65999984741211,34.869998931884766,34.349998474121094,34.459999084472656,5200.0
2006-04-05 00:00:00,25.37991714477539,34.2599983215332,34.790000915527344,34.099998474121094,34.349998474121094,9600.0
2006-04-06 00:00:00,25.0095157623291,33.7599983215332,34.29999923706055,33.7599983215332,34.11000061035156,16100.0
2006-04-07 00:00:00,24.520586013793945,33.099998474121094,34.29999923706055,32.779998779296875,33.79999923706055,19300.0
2006-04-10 00:00:00,24.276121139526367,32.77000045776367,33.349998474121094,32.650001525878906,33.189998626708984,9000.0
2006-04-11 00:00:00,23.720518112182617,32.02000045776367,33.38999938964844,32.0,33.060001373291016,18700.0
2006-04-12 00:00:00,24.113149642944336,32.54999923706055,32.54999923706055,32.0,32.2400016784668,17100.0
2006-04-13 00:00:00,24.21685791015625,32.689998626708984,32.7400016784668,32.060001373291016,32.13999938964844,15500.0
2006-04-17 00:00:00,24.73541831970215,33.38999938964844,33.560001373291016,32.779998779296875,33.040000915527344,20900.0
2006-04-18 00:00:00,24.44650650024414,33.0,33.20000076293945,32.869998931884766,33.099998474121094,53100.0
2006-04-19 00:00:00,24.44650650024414,33.0,33.43000030517578,32.90999984741211,33.0,24200.0
2006-04-20 00:00:00,24.239084243774414,32.720001220703125,33.41999816894531,32.63999938964844,32.79999923706055,5700.0
2006-04-21 00:00:00,24.0168399810791,32.41999816894531,33.369998931884766,32.220001220703125,33.369998931884766,23000.0
2006-04-24 00:00:00,24.0390625,32.45000076293945,32.79999923706055,32.25,32.41999816894531,32300.0
2006-04-25 00:00:00,23.74273681640625,32.04999923706055,32.09000015258789,31.200000762939453,32.09000015258789,21900.0
2006-04-26 00:00:00,23.839048385620117,32.18000030517578,32.540000915527344,31.56999969482422,31.81999969482422,12400.0
2006-04-27 00:00:00,23.87608528137207,32.22999954223633,32.72999954223633,31.5,31.799999237060547,10400.0
2006-04-28 00:00:00,23.535322189331055,31.770000457763672,32.2400016784668,31.5,31.950000762939453,19200.0
2006-05-01 00:00:00,23.401966094970703,31.59000015258789,32.34000015258789,31.5,32.0099983215332,19500.0
2006-05-02 00:00:00,24.135360717773438,32.58000183105469,32.61000061035156,31.5,31.549999237060547,20500.0
2006-05-03 00:00:00,24.172407150268555,32.630001068115234,32.630001068115234,31.899999618530273,32.59000015258789,10400.0
2006-05-04 00:00:00,24.053878784179688,32.470001220703125,32.709999084472656,32.13999938964844,32.369998931884766,5800.0
2006-05-05 00:00:00,24.29835319519043,32.79999923706055,32.97999954223633,32.029998779296875,32.689998626708984,9500.0
2006-05-07 00:00:00,,,,,,
2006-05-08 00:00:00,24.164997100830078,32.619998931884766,32.90999984741211,32.439998626708984,32.790000915527344,9600.0
2006-05-09 00:00:00,24.07610321044922,32.5,32.93000030517578,32.369998931884766,32.400001525878906,33900.0
2006-05-10 00:00:00,24.20203971862793,32.66999816894531,32.66999816894531,32.13999938964844,32.27000045776367,17100.0
2006-05-11 00:00:00,23.9205322265625,32.290000915527344,32.619998931884766,32.02000045776367,32.119998931884766,17300.0
2006-05-12 00:00:00,23.74273681640625,32.04999923706055,32.45000076293945,31.68000030517578,32.290000915527344,37100.0
2006-05-15 00:00:00,24.083518981933594,32.5099983215332,32.72999954223633,31.649999618530273,31.799999237060547,35000.0
2006-05-16 00:00:00,24.21685791015625,32.689998626708984,33.099998474121094,32.38999938964844,32.58000183105469,24400.0
2006-05-17 00:00:00,24.276121139526367,32.77000045776367,33.150001525878906,32.119998931884766,32.29999923706055,24400.0
2006-05-18 00:00:00,23.705703735351562,32.0,32.97999954223633,31.8799991607666,32.709999084472656,20500.0
2006-05-19 00:00:00,23.424198150634766,31.6200008392334,32.34000015258789,31.530000686645508,31.889999389648438,24800.0
2006-05-22 00:00:00,23.498279571533203,31.719999313354492,32.04999923706055,31.229999542236328,31.530000686645508,12200.0
2006-05-23 00:00:00,23.839048385620117,32.18000030517578,32.93000030517578,31.920000076293945,31.940000534057617,28900.0
2006-05-24 00:00:00,24.25389862060547,32.7400016784668,32.90999984741211,32.209999084472656,32.209999084472656,25300.0
2006-05-25 00:00:00,24.44650650024414,33.0,33.08000183105469,32.70000076293945,32.720001220703125,36400.0
2006-05-26 00:00:00,24.43909454345703,32.9900016784668,33.099998474121094,32.81999969482422,33.0,22600.0
2006-05-30 00:00:00,23.639026641845703,31.90999984741211,32.54999923706055,31.8700008392334,32.52000045776367,34400.0
2006-05-31 00:00:00,24.46131706237793,33.02000045776367,33.18000030517578,32.25,32.279998779296875,33800.0
2006-06-01 00:00:00,24.567785263061523,33.0,33.099998474121094,32.70000076293945,32.70000076293945,68000.0
2006-06-02 00:00:00,24.6571102142334,33.119998931884766,33.119998931884766,32.83000183105469,33.0,37600.0
2006-06-05 00:00:00,23.160715103149414,31.110000610351562,33.04999923706055,30.90999984741211,32.7599983215332,48700.0
2006-06-06 00:00:00,23.719078063964844,31.860000610351562,31.950000762939453,31.15999984741211,31.15999984741211,33500.0
2006-06-07 00:00:00,23.897748947143555,32.099998474121094,32.7599983215332,31.729999542236328,32.099998474121094,25000.0
2006-06-08 00:00:00,24.538005828857422,32.959999084472656,33.099998474121094,32.029998779296875,32.099998474121094,48800.0
2006-06-09 00:00:00,24.292322158813477,32.630001068115234,33.06999969482422,32.5,32.689998626708984,25800.0
2006-06-12 00:00:00,24.240211486816406,32.560001373291016,32.779998779296875,31.639999389648438,31.760000228881836,26000.0
2006-06-13 00:00:00,24.366775512695312,32.72999954223633,33.09000015258789,32.529998779296875,32.560001373291016,51100.0
2006-06-14 00:00:00,23.800962448120117,31.969999313354492,33.0,31.239999771118164,33.0,31800.0
2006-06-15 00:00:00,24.791120529174805,33.29999923706055,33.29999923706055,32.02000045776367,32.040000915527344,15600.0
2006-06-16 00:00:00,23.711633682250977,31.850000381469727,33.13999938964844,31.479999542236328,33.13999938964844,176100.0
2006-06-19 00:00:00,23.39150047302246,31.420000076293945,32.09000015258789,31.299999237060547,31.829999923706055,39900.0
2006-06-20 00:00:00,23.227720260620117,31.200000762939453,31.739999771118164,30.899999618530273,31.190000534057617,43300.0
2006-06-21 00:00:00,23.510622024536133,31.579999923706055,31.950000762939453,31.010000228881836,31.010000228881836,27500.0
2006-06-22 00:00:00,23.160715103149414,31.110000610351562,31.540000915527344,31.0,31.309999465942383,15500.0
2006-06-23 00:00:00,22.80337142944336,30.6299991607666,31.110000610351562,30.59000015258789,31.020000457763672,29900.0
2006-06-26 00:00:00,23.302169799804688,31.299999237060547,31.350000381469727,30.360000610351562,30.56999969482422,9500.0
2006-06-27 00:00:00,22.3417911529541,30.010000228881836,31.709999084472656,30.0,31.229999542236328,11800.0
2006-06-28 00:00:00,22.267345428466797,29.90999984741211,30.40999984741211,29.510000228881836,30.219999313354492,18800.0
2006-06-29 00:00:00,22.967145919799805,30.850000381469727,30.8799991607666,30.209999084472656,30.209999084472656,39000.0
2006-06-30 00:00:00,22.483238220214844,30.200000762939453,30.979999542236328,30.200000762939453,30.979999542236328,65200.0
2006-07-03 00:00:00,22.72892189025879,30.530000686645508,30.530000686645508,29.889999389648438,30.0,13500.0
2006-07-05 00:00:00,22.520465850830078,30.25,30.3700008392334,29.8700008392334,30.010000228881836,17300.0
2006-07-06 00:00:00,22.721477508544922,30.520000457763672,30.530000686645508,29.989999771118164,29.989999771118164,12700.0
2006-07-07 00:00:00,22.721477508544922,30.520000457763672,30.84000015258789,30.350000381469727,30.350000381469727,12400.0
2006-07-10 00:00:00,23.063934326171875,30.979999542236328,31.0,30.389999389648438,30.399999618530273,13200.0
2006-07-11 00:00:00,23.205387115478516,31.170000076293945,31.200000762939453,30.31999969482422,30.860000610351562,17600.0
2006-07-12 00:00:00,22.46835708618164,30.18000030517578,30.950000762939453,30.18000030517578,30.920000076293945,10300.0
2006-07-13 00:00:00,22.42368507385254,30.1200008392334,30.360000610351562,29.8700008392334,30.25,15800.0
2006-07-14 00:00:00,22.33434295654297,30.0,30.280000686645508,29.969999313354492,30.0,26200.0
2006-07-17 00:00:00,22.431129455566406,30.1299991607666,30.200000762939453,29.989999771118164,30.0,25000.0
2006-07-18 00:00:00,22.870372772216797,30.719999313354492,30.719999313354492,30.020000457763672,30.360000610351562,11400.0
2006-07-19 00:00:00,24.225317001342773,32.540000915527344,32.709999084472656,30.6299991607666,30.959999084472656,22200.0
2006-07-20 00:00:00,23.160715103149414,31.110000610351562,32.959999084472656,30.93000030517578,32.84000015258789,12800.0
2006-07-21 00:00:00,22.356685638427734,30.030000686645508,30.920000076293945,29.979999542236328,30.829999923706055,21500.0
2006-07-24 00:00:00,23.212831497192383,31.18000030517578,31.229999542236328,30.1200008392334,30.3700008392334,9600.0
2006-07-25 00:00:00,23.510622024536133,31.579999923706055,32.02000045776367,30.989999771118164,31.329999923706055,12900.0
2006-07-26 00:00:00,23.451061248779297,31.5,31.899999618530273,30.3700008392334,31.229999542236328,11200.0
2006-07-27 00:00:00,23.302169799804688,31.299999237060547,32.25,31.0,31.290000915527344,29100.0
2006-07-28 00:00:00,24.418886184692383,32.79999923706055,33.0,31.440000534057617,31.440000534057617,17800.0
2006-07-31 00:00:00,24.18065071105957,32.47999954223633,32.720001220703125,32.08000183105469,32.68000030517578,13000.0
2006-08-01 00:00:00,23.622299194335938,31.729999542236328,32.04999923706055,31.530000686645508,32.04999923706055,15600.0
2006-08-02 00:00:00,24.024316787719727,32.27000045776367,32.459999084472656,31.8700008392334,32.029998779296875,14800.0
2006-08-03 00:00:00,24.009428024291992,32.25,32.25,31.670000076293945,31.8799991607666,13100.0
2006-08-04 00:00:00,23.599956512451172,31.700000762939453,32.7400016784668,31.139999389648438,32.599998474121094,50300.0
2006-08-07 00:00:00,23.46595001220703,31.520000457763672,32.04999923706055,31.190000534057617,31.389999389648438,20000.0
2006-08-08 00:00:00,23.26494598388672,31.25,32.20000076293945,31.100000381469727,32.150001525878906,22900.0
2006-08-09 00:00:00,23.160715103149414,31.110000610351562,31.93000030517578,30.969999313354492,31.639999389648438,57500.0
2006-08-10 00:00:00,23.227720260620117,31.200000762939453,31.549999237060547,30.979999542236328,31.110000610351562,35600.0
2006-08-11 00:00:00,23.197940826416016,31.15999984741211,31.440000534057617,31.0,31.0,19000.0
2006-08-14 00:00:00,23.093719482421875,31.020000457763672,31.440000534057617,30.829999923706055,31.030000686645508,15700.0
2006-08-15 00:00:00,24.009428024291992,32.25,32.27000045776367,31.309999465942383,31.309999465942383,13300.0
2006-08-16 00:00:00,24.14342498779297,32.43000030517578,32.599998474121094,31.899999618530273,32.349998474121094,15200.0
2006-08-17 00:00:00,24.530555725097656,32.95000076293945,32.95000076293945,31.850000381469727,32.22999954223633,25000.0
2006-08-18 00:00:00,24.530555725097656,32.95000076293945,32.95000076293945,32.54999923706055,32.95000076293945,11500.0
2006-08-21 00:00:00,23.726518630981445,31.8700008392334,32.93000030517578,31.770000457763672,32.66999816894531,18500.0
2006-08-22 00:00:00,23.38405990600586,31.40999984741211,31.790000915527344,31.139999389648438,31.790000915527344,34800.0
2006-08-23 00:00:00,23.421287536621094,31.459999084472656,31.809999465942383,31.420000076293945,31.579999923706055,49900.0
2006-08-24 00:00:00,23.5478458404541,31.6299991607666,31.790000915527344,31.440000534057617,31.530000686645508,8100.0
2006-08-25 00:00:00,23.622299194335938,31.729999542236328,31.739999771118164,31.440000534057617,31.440000534057617,8300.0
2006-08-28 00:00:00,24.06153678894043,32.31999969482422,32.349998474121094,31.579999923706055,31.75,13000.0
2006-08-29 00:00:00,24.493335723876953,32.900001525878906,33.220001220703125,31.5,32.369998931884766,20600.0
2006-08-30 00:00:00,23.86797523498535,32.060001373291016,33.150001525878906,31.579999923706055,32.5099983215332,37300.0
2006-08-31 00:00:00,24.057283401489258,32.150001525878906,33.0,31.940000534057617,32.349998474121094,17500.0
2006-09-01 00:00:00,24.319181442260742,32.5,32.9900016784668,32.20000076293945,32.20000076293945,13900.0
2006-09-05 00:00:00,24.483814239501953,32.720001220703125,32.869998931884766,32.400001525878906,32.5,4600.0
2006-09-06 00:00:00,23.78790283203125,31.790000915527344,32.470001220703125,31.790000915527344,32.400001525878906,6600.0
2006-09-07 00:00:00,23.653213500976562,31.610000610351562,32.06999969482422,31.489999771118164,31.6200008392334,12100.0
2006-09-08 00:00:00,23.945045471191406,32.0,32.060001373291016,31.979999542236328,32.060001373291016,6500.0
2006-09-11 00:00:00,23.765459060668945,31.760000228881836,31.93000030517578,31.5,31.90999984741211,10400.0
2006-09-12 00:00:00,24.640949249267578,32.93000030517578,33.0,31.959999084472656,31.959999084472656,15400.0
2006-09-13 00:00:00,24.68584442138672,32.9900016784668,33.25,32.66999816894531,33.08000183105469,18800.0
2006-09-14 00:00:00,24.566120147705078,32.83000183105469,33.040000915527344,32.720001220703125,33.0,9400.0
2006-09-15 00:00:00,24.61101722717285,32.88999938964844,33.189998626708984,32.779998779296875,33.0,65000.0
2006-09-18 00:00:00,24.431428909301758,32.650001525878906,33.0,32.29999923706055,32.650001525878906,5100.0
2006-09-19 00:00:00,24.281768798828125,32.45000076293945,32.650001525878906,32.02000045776367,32.650001525878906,26300.0
2006-09-20 00:00:00,24.58856201171875,32.86000061035156,33.029998779296875,32.70000076293945,32.81999969482422,15800.0
2006-09-21 00:00:00,24.371566772460938,32.56999969482422,33.040000915527344,32.400001525878906,32.77000045776367,7300.0
2006-09-22 00:00:00,23.765459060668945,31.760000228881836,32.52000045776367,31.5,32.31999969482422,23700.0
2006-09-25 00:00:00,24.02735710144043,32.11000061035156,32.27000045776367,31.65999984741211,31.940000534057617,12800.0
2006-09-26 00:00:00,24.042322158813477,32.130001068115234,32.290000915527344,31.579999923706055,31.860000610351562,15100.0
2006-09-27 00:00:00,24.049808502197266,32.13999938964844,32.369998931884766,31.940000534057617,31.940000534057617,19100.0
2006-09-28 00:00:00,24.304224014282227,32.47999954223633,32.65999984741211,31.90999984741211,32.0,28000.0
2006-09-29 00:00:00,23.271591186523438,31.100000381469727,32.599998474121094,31.06999969482422,32.599998474121094,17800.0
2006-10-02 00:00:00,22.8001651763916,30.469999313354492,31.25,30.31999969482422,31.25,20000.0
2006-10-03 00:00:00,22.792686462402344,30.459999084472656,30.81999969482422,30.139999389648438,30.260000228881836,15900.0
2006-10-04 00:00:00,23.323970794677734,31.170000076293945,31.350000381469727,30.3700008392334,30.3700008392334,30400.0
2006-10-05 00:00:00,23.15186309814453,30.940000534057617,31.200000762939453,30.399999618530273,31.06999969482422,26500.0
2006-10-06 00:00:00,23.451175689697266,31.34000015258789,31.34000015258789,30.559999465942383,30.75,18400.0
2006-10-09 00:00:00,23.615800857543945,31.559999465942383,31.559999465942383,30.899999618530273,31.309999465942383,9900.0
2006-10-10 00:00:00,23.668174743652344,31.6299991607666,31.729999542236328,31.31999969482422,31.729999542236328,10500.0
2006-10-11 00:00:00,23.428730010986328,31.309999465942383,31.5,31.200000762939453,31.3799991607666,13200.0
2006-10-12 00:00:00,24.19197654724121,32.33000183105469,32.369998931884766,31.25,31.59000015258789,27800.0
2006-10-13 00:00:00,25.41168975830078,33.959999084472656,34.0,32.2599983215332,32.45000076293945,62600.0
2006-10-16 00:00:00,25.441612243652344,34.0,34.0099983215332,33.310001373291016,34.0,22600.0
2006-10-17 00:00:00,25.441612243652344,34.0,34.0,33.459999084472656,33.66999816894531,15500.0
2006-10-18 00:00:00,26.354516983032227,35.220001220703125,35.22999954223633,33.650001525878906,34.0,42300.0
2006-10-19 00:00:00,25.957923889160156,34.689998626708984,35.33000183105469,34.33000183105469,34.33000183105469,43500.0
2006-10-20 00:00:00,25.598751068115234,34.209999084472656,34.959999084472656,34.060001373291016,34.959999084472656,17800.0
2006-10-23 00:00:00,26.010295867919922,34.7599983215332,35.0,33.77000045776367,34.06999969482422,21900.0
2006-10-24 00:00:00,25.808273315429688,34.4900016784668,34.790000915527344,34.36000061035156,34.790000915527344,10800.0
2006-10-25 00:00:00,25.733444213867188,34.38999938964844,34.619998931884766,34.09000015258789,34.619998931884766,52800.0
2006-10-26 00:00:00,25.441612243652344,34.0,34.400001525878906,33.650001525878906,34.400001525878906,25100.0
2006-10-27 00:00:00,25.134809494018555,33.59000015258789,34.029998779296875,33.59000015258789,33.900001525878906,4600.0
2006-10-30 00:00:00,25.19467544555664,33.66999816894531,34.119998931884766,33.47999954223633,33.52000045776367,23200.0
2006-10-31 00:00:00,25.09739875793457,33.540000915527344,33.70000076293945,33.099998474121094,33.58000183105469,14000.0
2006-11-01 00:00:00,24.162046432495117,32.290000915527344,33.619998931884766,32.22999954223633,33.619998931884766,21600.0
2006-11-02 00:00:00,24.259328842163086,32.41999816894531,32.720001220703125,31.969999313354492,31.969999313354492,11400.0
2006-11-03 00:00:00,24.40896987915039,32.619998931884766,32.75,32.0099983215332,32.599998474121094,11800.0
2006-11-06 00:00:00,25.037534713745117,33.459999084472656,33.5,32.58000183105469,32.65999984741211,17400.0
2006-11-07 00:00:00,24.670879364013672,32.970001220703125,33.900001525878906,32.880001068115234,33.400001525878906,47900.0
2006-11-08 00:00:00,25.01508140563965,33.43000030517578,33.4900016784668,32.58000183105469,32.599998474121094,17600.0
2006-11-09 00:00:00,25.179710388183594,33.650001525878906,33.70000076293945,33.220001220703125,33.220001220703125,13400.0
2006-11-10 00:00:00,25.134809494018555,33.59000015258789,33.709999084472656,33.439998626708984,33.63999938964844,9800.0
2006-11-13 00:00:00,25.18718719482422,33.65999984741211,33.86000061035156,33.0099983215332,33.619998931884766,9100.0
2006-11-14 00:00:00,25.598751068115234,34.209999084472656,34.220001220703125,33.220001220703125,33.43000030517578,14500.0
2006-11-15 00:00:00,26.264711380004883,35.099998474121094,35.209999084472656,34.119998931884766,34.2599983215332,39400.0
2006-11-16 00:00:00,26.189897537231445,35.0,35.25,34.869998931884766,35.25,13600.0
2006-11-17 00:00:00,26.189897537231445,35.0,35.06999969482422,34.84000015258789,35.0,11300.0
2006-11-20 00:00:00,26.189897537231445,35.0,35.029998779296875,34.7599983215332,35.0,16600.0
2006-11-21 00:00:00,26.189897537231445,35.0,35.0,34.75,34.95000076293945,13100.0
2006-11-22 00:00:00,25.987855911254883,34.72999954223633,35.0099983215332,34.72999954223633,35.0,3900.0
2006-11-24 00:00:00,25.8756103515625,34.58000183105469,34.75,34.40999984741211,34.52000045776367,5100.0
2006-11-27 00:00:00,24.670879364013672,32.970001220703125,34.380001068115234,32.95000076293945,34.380001068115234,24000.0
2006-11-28 00:00:00,25.09739875793457,33.540000915527344,33.540000915527344,32.95000076293945,32.95000076293945,16500.0
2006-11-29 00:00:00,25.553850173950195,34.150001525878906,34.16999816894531,33.52000045776367,33.869998931884766,10000.0
2006-11-30 00:00:00,25.595224380493164,34.029998779296875,34.34000015258789,33.0099983215332,33.61000061035156,22400.0
2006-12-01 00:00:00,25.467355728149414,33.86000061035156,33.869998931884766,32.56999969482422,33.86000061035156,32400.0
2006-12-04 00:00:00,26.279664993286133,34.939998626708984,34.939998626708984,33.130001068115234,33.88999938964844,22900.0
2006-12-05 00:00:00,26.18189811706543,34.810001373291016,35.09000015258789,34.7599983215332,34.97999954223633,16100.0
2006-12-06 00:00:00,26.00889015197754,34.58000183105469,34.68000030517578,34.40999984741211,34.68000030517578,6600.0
2006-12-07 00:00:00,25.7907772064209,34.290000915527344,34.65999984741211,34.279998779296875,34.65999984741211,3800.0
2006-12-08 00:00:00,25.775733947753906,34.27000045776367,34.5,34.150001525878906,34.29999923706055,2700.0
2006-12-11 00:00:00,25.941205978393555,34.4900016784668,34.529998779296875,34.2400016784668,34.2400016784668,4300.0
2006-12-12 00:00:00,25.662912368774414,34.119998931884766,34.56999969482422,34.060001373291016,34.56999969482422,12300.0
2006-12-13 00:00:00,25.572656631469727,34.0,34.65999984741211,33.79999923706055,34.2599983215332,13600.0
2006-12-14 00:00:00,26.031457901000977,34.61000061035156,34.95000076293945,34.150001525878906,34.15999984741211,18900.0
2006-12-15 00:00:00,26.106672286987305,34.709999084472656,34.93000030517578,34.45000076293945,34.779998779296875,35200.0
2006-12-18 00:00:00,25.93368148803711,34.47999954223633,35.0,33.88999938964844,35.0,28700.0
2006-12-19 00:00:00,26.27215003967285,34.93000030517578,34.93000030517578,34.25,34.25,19000.0
2006-12-20 00:00:00,26.41505241394043,35.119998931884766,35.119998931884766,34.849998474121094,34.9900016784668,15400.0
2006-12-21 00:00:00,26.512828826904297,35.25,35.27000045776367,34.95000076293945,35.16999816894531,14900.0
2006-12-22 00:00:00,26.437612533569336,35.150001525878906,35.25,35.02000045776367,35.25,11600.0
2006-12-26 00:00:00,26.572998046875,35.33000183105469,35.349998474121094,35.11000061035156,35.25,30500.0
2006-12-27 00:00:00,26.73846435546875,35.54999923706055,35.70000076293945,35.349998474121094,35.349998474121094,13300.0
2006-12-28 00:00:00,26.866334915161133,35.720001220703125,35.97999954223633,35.150001525878906,35.45000076293945,12100.0
2006-12-29 00:00:00,26.550430297851562,35.29999923706055,35.90999984741211,34.709999084472656,35.90999984741211,28300.0
2007-01-03 00:00:00,25.911123275756836,34.45000076293945,35.90999984741211,34.15999984741211,35.209999084472656,22400.0
2007-01-04 00:00:00,26.121715545654297,34.72999954223633,34.79999923706055,34.349998474121094,34.459999084472656,28400.0
2007-01-05 00:00:00,25.48992156982422,33.88999938964844,34.5,33.84000015258789,34.5,16700.0
2007-01-08 00:00:00,25.166501998901367,33.459999084472656,34.040000915527344,33.11000061035156,34.040000915527344,12300.0
2007-01-09 00:00:00,25.07624626159668,33.34000015258789,33.529998779296875,33.0099983215332,33.529998779296875,14200.0
2007-01-10 00:00:00,25.23419189453125,33.54999923706055,33.54999923706055,33.09000015258789,33.09000015258789,12100.0
2007-01-11 00:00:00,25.896074295043945,34.43000030517578,34.43000030517578,33.56999969482422,33.63999938964844,24500.0
2007-01-12 00:00:00,25.948726654052734,34.5,34.52000045776367,34.13999938964844,34.2400016784668,16000.0
2007-01-16 00:00:00,25.279321670532227,33.61000061035156,35.0,33.400001525878906,34.619998931884766,16600.0
2007-01-17 00:00:00,24.820524215698242,33.0,33.40999984741211,32.90999984741211,33.40999984741211,12600.0
2007-01-18 00:00:00,24.542232513427734,32.630001068115234,33.15999984741211,32.2599983215332,33.0,24400.0
2007-01-19 00:00:00,24.692659378051758,32.83000183105469,32.83000183105469,32.25,32.41999816894531,15300.0
2007-01-22 00:00:00,24.294015884399414,32.29999923706055,32.61000061035156,32.27000045776367,32.61000061035156,16100.0
2007-01-23 00:00:00,24.685129165649414,32.81999969482422,32.84000015258789,32.52000045776367,32.66999816894531,8900.0
2007-01-24 00:00:00,25.835893630981445,34.349998474121094,34.77000045776367,32.939998626708984,32.939998626708984,39300.0
2007-01-25 00:00:00,25.204118728637695,33.5099983215332,34.40999984741211,33.369998931884766,34.27000045776367,23000.0
2007-01-26 00:00:00,25.903587341308594,34.439998626708984,34.54999923706055,33.4900016784668,33.63999938964844,40600.0
2007-01-29 00:00:00,25.911123275756836,34.45000076293945,34.5,34.209999084472656,34.29999923706055,8400.0
2007-01-30 00:00:00,25.911123275756836,34.45000076293945,34.47999954223633,34.290000915527344,34.380001068115234,14000.0
2007-01-31 00:00:00,25.858474731445312,34.380001068115234,34.41999816894531,33.970001220703125,34.290000915527344,20700.0
2007-02-01 00:00:00,25.7907772064209,34.290000915527344,34.470001220703125,34.099998474121094,34.400001525878906,6700.0
2007-02-02 00:00:00,25.745643615722656,34.22999954223633,34.689998626708984,34.099998474121094,34.13999938964844,141500.0
2007-02-05 00:00:00,25.700523376464844,34.16999816894531,34.34000015258789,33.84000015258789,34.209999084472656,13100.0
2007-02-06 00:00:00,25.662912368774414,34.119998931884766,34.439998626708984,34.029998779296875,34.189998626708984,8400.0
2007-02-07 00:00:00,26.144271850585938,34.7599983215332,34.79999923706055,33.97999954223633,34.2400016784668,48600.0
2007-02-08 00:00:00,26.16683578491211,34.790000915527344,34.81999969482422,34.529998779296875,34.75,15600.0
2007-02-09 00:00:00,25.527523040771484,33.939998626708984,34.75,33.52000045776367,34.75,17100.0
2007-02-12 00:00:00,25.692991256713867,34.15999984741211,34.15999984741211,33.310001373291016,34.0,20600.0
2007-02-13 00:00:00,25.92615509033203,34.470001220703125,34.470001220703125,34.119998931884766,34.16999816894531,6600.0
2007-02-14 00:00:00,25.745643615722656,34.22999954223633,34.72999954223633,34.15999984741211,34.52000045776367,13100.0
2007-02-15 00:00:00,25.34701919555664,33.70000076293945,34.25,33.619998931884766,34.25,14300.0
2007-02-16 00:00:00,25.339496612548828,33.689998626708984,33.79999923706055,33.380001068115234,33.70000076293945,16700.0
2007-02-20 00:00:00,25.595224380493164,34.029998779296875,34.029998779296875,33.150001525878906,33.40999984741211,8600.0
2007-02-21 00:00:00,25.256759643554688,33.58000183105469,33.90999984741211,33.56999969482422,33.79999923706055,23300.0
2007-02-22 00:00:00,25.37709617614746,33.7400016784668,33.75,33.06999969482422,33.4900016784668,14400.0
2007-02-23 00:00:00,25.865991592407227,34.38999938964844,34.70000076293945,33.47999954223633,33.709999084472656,21300.0
2007-02-26 00:00:00,25.911123275756836,34.45000076293945,34.56999969482422,34.09000015258789,34.36000061035156,126100.0
2007-02-27 00:00:00,25.226667404174805,33.540000915527344,34.650001525878906,33.349998474121094,33.84000015258789,52700.0
2007-02-28 00:00:00,25.174028396606445,33.470001220703125,34.11000061035156,33.369998931884766,33.650001525878906,31300.0
2007-03-01 00:00:00,24.958538055419922,33.0099983215332,33.619998931884766,32.77000045776367,32.939998626708984,15700.0
2007-03-02 00:00:00,24.081470489501953,31.850000381469727,33.130001068115234,31.790000915527344,32.79999923706055,35300.0
2007-03-05 00:00:00,23.627819061279297,31.25,32.650001525878906,31.219999313354492,31.510000228881836,22400.0
2007-03-06 00:00:00,24.8753662109375,32.900001525878906,32.900001525878906,31.40999984741211,31.40999984741211,24100.0
2007-03-07 00:00:00,24.0134220123291,31.760000228881836,32.81999969482422,31.75,32.81999969482422,17000.0
2007-03-08 00:00:00,23.824403762817383,31.510000228881836,32.38999938964844,31.219999313354492,32.38999938964844,17800.0
2007-03-09 00:00:00,24.270498275756836,32.099998474121094,32.11000061035156,31.469999313354492,31.780000686645508,17900.0
2007-03-10 00:00:00,,,,,,
2007-03-12 00:00:00,24.164642333984375,31.959999084472656,32.060001373291016,31.530000686645508,31.809999465942383,10300.0
2007-03-13 00:00:00,23.007827758789062,30.43000030517578,31.8799991607666,30.030000686645508,31.6299991607666,42700.0
2007-03-14 00:00:00,22.712953567504883,30.040000915527344,30.43000030517578,29.790000915527344,30.43000030517578,21800.0
2007-03-15 00:00:00,23.506845474243164,31.09000015258789,31.09000015258789,30.1200008392334,30.1200008392334,17800.0
2007-03-16 00:00:00,23.416114807128906,30.969999313354492,31.170000076293945,30.540000915527344,31.170000076293945,85400.0
2007-03-19 00:00:00,23.688308715820312,31.329999923706055,31.420000076293945,31.0,31.0,16600.0
2007-03-20 00:00:00,24.565364837646484,32.4900016784668,32.4900016784668,31.329999923706055,31.3700008392334,31200.0
2007-03-21 00:00:00,25.276092529296875,33.43000030517578,33.47999954223633,32.099998474121094,32.119998931884766,12800.0
2007-03-22 00:00:00,25.03415298461914,33.11000061035156,33.560001373291016,32.66999816894531,33.5,15000.0
2007-03-23 00:00:00,24.784639358520508,32.779998779296875,33.61000061035156,32.630001068115234,32.9900016784668,13200.0
2007-03-26 00:00:00,25.22317123413086,33.36000061035156,33.47999954223633,32.47999954223633,32.77000045776367,9200.0
2007-03-27 00:00:00,25.16267967224121,33.279998779296875,33.619998931884766,33.04999923706055,33.36000061035156,18900.0
2007-03-28 00:00:00,24.807315826416016,32.810001373291016,33.31999969482422,32.709999084472656,33.040000915527344,16400.0
2007-03-29 00:00:00,25.094633102416992,33.189998626708984,33.4900016784668,32.689998626708984,33.029998779296875,15100.0
2007-03-30 00:00:00,25.17780303955078,33.29999923706055,33.43000030517578,32.52000045776367,33.38999938964844,34200.0
2007-04-02 00:00:00,25.215608596801758,33.349998474121094,33.689998626708984,32.95000076293945,33.349998474121094,30200.0
2007-04-03 00:00:00,25.253419876098633,33.400001525878906,33.45000076293945,33.2599983215332,33.41999816894531,29300.0
2007-04-04 00:00:00,24.45195770263672,32.34000015258789,33.2599983215332,32.31999969482422,33.2599983215332,28300.0
2007-04-05 00:00:00,24.278057098388672,32.11000061035156,32.689998626708984,31.940000534057617,32.63999938964844,10000.0
2007-04-09 00:00:00,23.915132522583008,31.6299991607666,32.15999984741211,31.479999542236328,31.989999771118164,9500.0
2007-04-10 00:00:00,23.990741729736328,31.729999542236328,32.16999816894531,31.600000381469727,31.600000381469727,7800.0
2007-04-11 00:00:00,23.56732940673828,31.170000076293945,31.81999969482422,31.0,31.81999969482422,12800.0
2007-04-12 00:00:00,23.84708595275879,31.540000915527344,31.540000915527344,31.030000686645508,31.030000686645508,12600.0
2007-04-13 00:00:00,23.64293670654297,31.270000457763672,31.299999237060547,30.81999969482422,31.25,19200.0
2007-04-16 00:00:00,24.920740127563477,32.959999084472656,33.02000045776367,31.469999313354492,31.469999313354492,30600.0
2007-04-17 00:00:00,24.890485763549805,32.91999816894531,33.029998779296875,32.77000045776367,32.9900016784668,36700.0
2007-04-18 00:00:00,24.920740127563477,32.959999084472656,33.16999816894531,32.790000915527344,32.86000061035156,43300.0
2007-04-19 00:00:00,24.429275512695312,32.310001373291016,32.83000183105469,32.209999084472656,32.83000183105469,15600.0
2007-04-20 00:00:00,24.82244300842285,32.83000183105469,33.029998779296875,32.560001373291016,32.84000015258789,23700.0
2007-04-23 00:00:00,23.620254516601562,31.239999771118164,32.650001525878906,31.149999618530273,32.650001525878906,16000.0
2007-04-24 00:00:00,23.022947311401367,30.450000762939453,31.290000915527344,30.420000076293945,31.290000915527344,22900.0
2007-04-25 00:00:00,22.939777374267578,30.34000015258789,31.040000915527344,30.31999969482422,30.610000610351562,12500.0
2007-04-26 00:00:00,22.728073120117188,30.059999465942383,30.399999618530273,29.989999771118164,30.34000015258789,19600.0
2007-04-27 00:00:00,23.514406204223633,31.100000381469727,31.25,30.200000762939453,30.200000762939453,36200.0
2007-04-30 00:00:00,22.539045333862305,29.809999465942383,31.31999969482422,29.709999084472656,31.079999923706055,49900.0
2007-05-01 00:00:00,22.871723175048828,30.25,30.56999969482422,29.889999389648438,30.0,39800.0
2007-05-02 00:00:00,23.907560348510742,31.6200008392334,31.950000762939453,30.09000015258789,30.209999084472656,40900.0
2007-05-03 00:00:00,23.915132522583008,31.6299991607666,32.04999923706055,31.549999237060547,31.549999237060547,26100.0
2007-05-04 00:00:00,24.270498275756836,32.099998474121094,32.119998931884766,31.3700008392334,31.639999389648438,28800.0
2007-05-07 00:00:00,24.005859375,31.75,32.40999984741211,31.40999984741211,32.099998474121094,39600.0
2007-05-08 00:00:00,24.058794021606445,31.81999969482422,31.84000015258789,31.0,31.649999618530273,41600.0
2007-05-09 00:00:00,24.12683868408203,31.90999984741211,32.11000061035156,31.530000686645508,31.549999237060547,31800.0
2007-05-10 00:00:00,23.10611343383789,30.559999465942383,31.889999389648438,30.520000457763672,31.579999923706055,41500.0
2007-05-11 00:00:00,23.249767303466797,30.75,31.350000381469727,30.600000381469727,30.899999618530273,46500.0
2007-05-14 00:00:00,22.682703018188477,30.0,30.739999771118164,29.959999084472656,30.670000076293945,33300.0
2007-05-15 00:00:00,22.07027244567871,29.190000534057617,30.389999389648438,29.1200008392334,30.100000381469727,46200.0
2007-05-16 00:00:00,22.319780349731445,29.520000457763672,29.850000381469727,29.290000915527344,29.34000015258789,45800.0
2007-05-17 00:00:00,22.387836456298828,29.610000610351562,30.170000076293945,29.350000381469727,29.350000381469727,45600.0
2007-05-18 00:00:00,22.281972885131836,29.469999313354492,30.040000915527344,29.200000762939453,29.670000076293945,25700.0
2007-05-21 00:00:00,22.9019775390625,30.290000915527344,30.290000915527344,29.31999969482422,29.489999771118164,22300.0
2007-05-22 00:00:00,23.363182067871094,30.899999618530273,31.149999618530273,29.719999313354492,30.290000915527344,47700.0
2007-05-23 00:00:00,22.924657821655273,30.31999969482422,31.040000915527344,30.110000610351562,30.75,24000.0
2007-05-24 00:00:00,22.455881118774414,29.700000762939453,30.610000610351562,29.229999542236328,30.170000076293945,36400.0
2007-05-25 00:00:00,22.66758155822754,29.979999542236328,30.030000686645508,29.489999771118164,29.8799991607666,21800.0
2007-05-29 00:00:00,22.9019775390625,30.290000915527344,30.579999923706055,29.780000686645508,29.979999542236328,32600.0
2007-05-30 00:00:00,22.41806983947754,29.649999618530273,30.079999923706055,29.5,30.079999923706055,46300.0
2007-05-31 00:00:00,22.70328712463379,29.850000381469727,29.969999313354492,29.219999313354492,29.770000457763672,38500.0
2007-06-01 00:00:00,22.64244270324707,29.770000457763672,30.239999771118164,29.700000762939453,30.0,16900.0
2007-06-04 00:00:00,23.121618270874023,30.399999618530273,30.5,29.420000076293945,29.600000381469727,46600.0
2007-06-05 00:00:00,23.395418167114258,30.760000228881836,31.299999237060547,30.1299991607666,30.1299991607666,107100.0
2007-06-06 00:00:00,23.692054748535156,31.149999618530273,31.209999084472656,30.5,30.5,41900.0
2007-06-07 00:00:00,23.517114639282227,30.920000076293945,31.1299991607666,30.65999984741211,31.0,76300.0
2007-06-08 00:00:00,23.707256317138672,31.170000076293945,31.3700008392334,30.899999618530273,31.0,33300.0
2007-06-11 00:00:00,23.661619186401367,31.110000610351562,31.34000015258789,30.989999771118164,31.020000457763672,16900.0
2007-06-12 00:00:00,23.63880729675293,31.079999923706055,31.329999923706055,30.729999542236328,31.0,49300.0
2007-06-13 00:00:00,24.308116912841797,31.959999084472656,32.02000045776367,31.049999237060547,31.290000915527344,28500.0
2007-06-14 00:00:00,24.559110641479492,32.290000915527344,32.349998474121094,31.670000076293945,32.0,44700.0
2007-06-15 00:00:00,24.34614372253418,32.0099983215332,33.529998779296875,31.969999313354492,32.7400016784668,77600.0
2007-06-18 00:00:00,24.41459846496582,32.099998474121094,32.15999984741211,31.8799991607666,32.15999984741211,33400.0
2007-06-19 00:00:00,24.368955612182617,32.040000915527344,32.13999938964844,31.8799991607666,32.02000045776367,53800.0
2007-06-20 00:00:00,24.140790939331055,31.739999771118164,32.119998931884766,31.5,32.060001373291016,36700.0
2007-06-21 00:00:00,24.37656021118164,32.04999923706055,32.09000015258789,31.239999771118164,31.770000457763672,54300.0
2007-06-22 00:00:00,24.870943069458008,32.70000076293945,32.70000076293945,31.520000457763672,32.06999969482422,182700.0
2007-06-25 00:00:00,23.958248138427734,31.5,32.72999954223633,31.5,32.47999954223633,49100.0
2007-06-26 00:00:00,23.94304084777832,31.479999542236328,31.729999542236328,31.18000030517578,31.5,106300.0
2007-06-27 00:00:00,24.5286808013916,32.25,32.34000015258789,31.100000381469727,31.100000381469727,42300.0
2007-06-28 00:00:00,23.96585464477539,31.510000228881836,32.31999969482422,31.3700008392334,32.31999969482422,45500.0
2007-06-29 00:00:00,23.836551666259766,31.34000015258789,31.709999084472656,31.309999465942383,31.68000030517578,47500.0
2007-07-02 00:00:00,24.368955612182617,32.040000915527344,32.25,31.200000762939453,31.739999771118164,73400.0
2007-07-03 00:00:00,24.399385452270508,32.08000183105469,32.31999969482422,31.68000030517578,32.040000915527344,23600.0
2007-07-05 00:00:00,23.8821964263916,31.399999618530273,32.099998474121094,31.1200008392334,31.979999542236328,32800.0
2007-07-06 00:00:00,23.692054748535156,31.149999618530273,31.540000915527344,30.950000762939453,31.280000686645508,34900.0
2007-07-09 00:00:00,23.555143356323242,30.969999313354492,31.65999984741211,30.950000762939453,31.139999389648438,30700.0
2007-07-10 00:00:00,22.672868728637695,29.809999465942383,31.059999465942383,29.809999465942383,31.0,42900.0
2007-07-11 00:00:00,22.573991775512695,29.68000030517578,30.350000381469727,29.600000381469727,30.0,46400.0
2007-07-12 00:00:00,23.661619186401367,31.110000610351562,31.170000076293945,29.75,29.989999771118164,34400.0
2007-07-13 00:00:00,23.752893447875977,31.229999542236328,31.31999969482422,31.0,31.0,22500.0
2007-07-16 00:00:00,23.182458877563477,30.479999542236328,31.360000610351562,30.059999465942383,31.06999969482422,49500.0
2007-07-17 00:00:00,23.06837272644043,30.329999923706055,30.760000228881836,29.8799991607666,30.43000030517578,57200.0
2007-07-18 00:00:00,23.304147720336914,30.639999389648438,30.639999389648438,30.200000762939453,30.280000686645508,35100.0
2007-07-19 00:00:00,23.577957153320312,31.0,31.170000076293945,30.5,30.770000457763672,30900.0
2007-07-20 00:00:00,22.8934383392334,30.100000381469727,31.229999542236328,30.049999237060547,31.229999542236328,66800.0
2007-07-23 00:00:00,22.79456329345703,29.969999313354492,30.639999389648438,29.84000015258789,30.170000076293945,30600.0
2007-07-24 00:00:00,21.410303115844727,28.149999618530273,30.059999465942383,27.690000534057617,29.65999984741211,62500.0
2007-07-25 00:00:00,22.619626998901367,29.739999771118164,29.739999771118164,28.25,28.420000076293945,58800.0
2007-07-26 00:00:00,22.30779457092285,29.329999923706055,29.950000762939453,28.639999389648438,29.18000030517578,72300.0
2007-07-27 00:00:00,22.30779457092285,29.329999923706055,29.729999542236328,28.260000228881836,29.290000915527344,59100.0
2007-07-30 00:00:00,22.4218807220459,29.479999542236328,29.760000228881836,28.139999389648438,29.139999389648438,49400.0
2007-07-31 00:00:00,22.78695297241211,29.959999084472656,30.610000610351562,29.3799991607666,29.719999313354492,59700.0
2007-08-01 00:00:00,23.73007583618164,31.200000762939453,31.219999313354492,29.3700008392334,29.5,33000.0
2007-08-02 00:00:00,24.33853530883789,32.0,32.0,31.110000610351562,31.25,20300.0
2007-08-03 00:00:00,23.981061935424805,31.530000686645508,32.0,31.25,31.899999618530273,29800.0
2007-08-06 00:00:00,25.05348014831543,32.939998626708984,32.95000076293945,31.25,31.6200008392334,45700.0
2007-08-07 00:00:00,24.802490234375,32.61000061035156,32.849998474121094,31.6200008392334,32.619998931884766,31200.0
2007-08-08 00:00:00,25.220806121826172,33.15999984741211,33.18000030517578,32.040000915527344,32.849998474121094,101200.0
2007-08-09 00:00:00,25.66954803466797,33.75,34.900001525878906,31.889999389648438,32.029998779296875,52600.0
2007-08-10 00:00:00,26.072647094726562,34.279998779296875,36.400001525878906,32.040000915527344,33.65999984741211,44900.0
2007-08-13 00:00:00,23.844160079956055,31.350000381469727,34.880001068115234,31.31999969482422,34.869998931884766,47000.0
2007-08-14 00:00:00,23.334571838378906,30.68000030517578,31.40999984741211,30.559999465942383,31.40999984741211,34300.0
2007-08-15 00:00:00,23.243297576904297,30.559999465942383,31.1299991607666,30.139999389648438,30.56999969482422,29600.0
2007-08-16 00:00:00,25.137149810791016,33.04999923706055,33.5,30.399999618530273,30.950000762939453,67800.0
2007-08-17 00:00:00,25.030662536621094,32.90999984741211,35.16999816894531,32.86000061035156,35.0,68700.0
2007-08-20 00:00:00,24.85573387145996,32.68000030517578,33.869998931884766,32.29999923706055,32.29999923706055,28400.0
2007-08-21 00:00:00,25.350107192993164,33.33000183105469,33.540000915527344,32.09000015258789,32.439998626708984,25400.0
2007-08-22 00:00:00,25.7455997467041,33.849998474121094,33.849998474121094,32.880001068115234,33.720001220703125,9800.0
2007-08-23 00:00:00,25.09912109375,33.0,33.869998931884766,32.689998626708984,33.869998931884766,10500.0
2007-08-24 00:00:00,25.296865463256836,33.2599983215332,33.400001525878906,32.08000183105469,33.400001525878906,12200.0
2007-08-27 00:00:00,24.88616180419922,32.720001220703125,33.68000030517578,32.38999938964844,33.06999969482422,7000.0
2007-08-28 00:00:00,23.615983963012695,31.049999237060547,32.900001525878906,31.049999237060547,32.900001525878906,39300.0
2007-08-29 00:00:00,24.475444793701172,32.18000030517578,32.2400016784668,30.899999618530273,31.15999984741211,22700.0
2007-08-30 00:00:00,24.07395362854004,31.479999542236328,32.209999084472656,31.059999465942383,31.799999237060547,18800.0
2007-08-31 00:00:00,23.882770538330078,31.229999542236328,32.2400016784668,30.8700008392334,32.0,24900.0
2007-09-04 00:00:00,25.733444213867188,33.650001525878906,34.0,30.989999771118164,31.030000686645508,79600.0
2007-09-05 00:00:00,24.234548568725586,31.690000534057617,32.81999969482422,31.450000762939453,32.18000030517578,104500.0
2007-09-06 00:00:00,24.257484436035156,31.719999313354492,32.380001068115234,31.510000228881836,32.0,34100.0
2007-09-07 00:00:00,23.72982406616211,31.030000686645508,31.25,30.770000457763672,31.219999313354492,33000.0
2007-09-10 00:00:00,23.171558380126953,30.299999237060547,31.170000076293945,29.889999389648438,31.15999984741211,20800.0
2007-09-11 00:00:00,23.775705337524414,31.09000015258789,31.139999389648438,30.360000610351562,30.399999618530273,25400.0
2007-09-12 00:00:00,24.005130767822266,31.389999389648438,31.5,30.65999984741211,30.850000381469727,15500.0
2007-09-13 00:00:00,23.752763748168945,31.059999465942383,31.799999237060547,31.059999465942383,31.40999984741211,11200.0
2007-09-14 00:00:00,23.921001434326172,31.280000686645508,31.290000915527344,30.299999237060547,30.860000610351562,19100.0
2007-09-17 00:00:00,23.492746353149414,30.719999313354492,31.200000762939453,30.719999313354492,31.200000762939453,11800.0
2007-09-18 00:00:00,25.266948699951172,33.040000915527344,33.13999938964844,30.5,30.600000381469727,65700.0
2007-09-19 00:00:00,25.656959533691406,33.54999923706055,33.95000076293945,32.95000076293945,33.22999954223633,51500.0
2007-09-20 00:00:00,25.09870147705078,32.81999969482422,33.65999984741211,32.7599983215332,33.45000076293945,22800.0
2007-09-21 00:00:00,24.38749885559082,31.889999389648438,33.54999923706055,31.760000228881836,33.54999923706055,65700.0
2007-09-24 00:00:00,24.05866241455078,31.459999084472656,31.829999923706055,31.299999237060547,31.799999237060547,41100.0
2007-09-25 00:00:00,23.982181549072266,31.360000610351562,31.639999389648438,31.25,31.260000228881836,22600.0
2007-09-26 00:00:00,23.622764587402344,30.889999389648438,32.41999816894531,30.75,31.6299991607666,43900.0
2007-09-27 00:00:00,23.57687759399414,30.829999923706055,31.459999084472656,30.719999313354492,31.149999618530273,41700.0
2007-09-28 00:00:00,23.859827041625977,31.200000762939453,31.469999313354492,30.75,30.75,50400.0
2007-10-01 00:00:00,24.869285583496094,32.52000045776367,32.84000015258789,30.719999313354492,31.25,32700.0
2007-10-02 00:00:00,25.38165855407715,33.189998626708984,33.209999084472656,32.2400016784668,32.619998931884766,18100.0
2007-10-03 00:00:00,23.829240798950195,31.15999984741211,33.20000076293945,31.15999984741211,32.93000030517578,27000.0
2007-10-04 00:00:00,24.38749885559082,31.889999389648438,31.989999771118164,31.030000686645508,31.989999771118164,22800.0
2007-10-05 00:00:00,25.159879684448242,32.900001525878906,33.18000030517578,31.5,32.2400016784668,26200.0
2007-10-08 00:00:00,24.991640090942383,32.68000030517578,32.7599983215332,32.11000061035156,32.7599983215332,16600.0
2007-10-09 00:00:00,25.037527084350586,32.7400016784668,33.02000045776367,32.0,32.7599983215332,9500.0
2007-10-10 00:00:00,24.922809600830078,32.59000015258789,32.7400016784668,32.0099983215332,32.68000030517578,11900.0
2007-10-11 00:00:00,24.58632469177246,32.150001525878906,32.7400016784668,31.799999237060547,32.7400016784668,24700.0
2007-10-12 00:00:00,24.708690643310547,32.310001373291016,32.650001525878906,32.0,32.130001068115234,9700.0
2007-10-15 00:00:00,23.951589584350586,31.31999969482422,32.2599983215332,31.059999465942383,32.2599983215332,27700.0
2007-10-16 00:00:00,23.69158363342285,30.979999542236328,31.399999618530273,30.799999237060547,31.260000228881836,20500.0
2007-10-17 00:00:00,23.630401611328125,30.899999618530273,31.469999313354492,30.5,31.469999313354492,28100.0
2007-10-18 00:00:00,23.50040054321289,30.729999542236328,30.75,30.43000030517578,30.719999313354492,28200.0
2007-10-19 00:00:00,21.764440536499023,28.459999084472656,30.709999084472656,28.030000686645508,30.709999084472656,75900.0
2007-10-22 00:00:00,21.917387008666992,28.65999984741211,29.100000381469727,28.459999084472656,28.5,60500.0
2007-10-23 00:00:00,22.39152717590332,29.280000686645508,29.450000762939453,28.010000228881836,28.799999237060547,68800.0
2007-10-24 00:00:00,21.397369384765625,27.979999542236328,29.209999084472656,27.850000381469727,29.040000915527344,68800.0
2007-10-25 00:00:00,21.190887451171875,27.709999084472656,28.520000457763672,27.709999084472656,28.31999969482422,50700.0
2007-10-26 00:00:00,21.557960510253906,28.190000534057617,28.610000610351562,27.989999771118164,28.15999984741211,50900.0
2007-10-29 00:00:00,21.695615768432617,28.3700008392334,28.65999984741211,28.110000610351562,28.260000228881836,37700.0
2007-10-30 00:00:00,21.14500617980957,27.649999618530273,28.479999542236328,27.56999969482422,28.260000228881836,43700.0
2007-10-31 00:00:00,21.557960510253906,28.190000534057617,28.440000534057617,27.420000076293945,27.850000381469727,51200.0
2007-11-01 00:00:00,20.120256423950195,26.309999465942383,27.829999923706055,26.209999084472656,27.739999771118164,70900.0
2007-11-02 00:00:00,19.699649810791016,25.760000228881836,26.59000015258789,25.510000228881836,26.540000915527344,52500.0
2007-11-05 00:00:00,20.13555335998535,26.329999923706055,26.610000610351562,25.350000381469727,25.510000228881836,42600.0
2007-11-06 00:00:00,21.20618438720703,27.729999542236328,27.850000381469727,25.959999084472656,26.489999771118164,58400.0
2007-11-07 00:00:00,20.16614532470703,26.3700008392334,27.90999984741211,26.34000015258789,27.34000015258789,61000.0
2007-11-08 00:00:00,20.334373474121094,26.59000015258789,26.920000076293945,26.31999969482422,26.6299991607666,50300.0
2007-11-09 00:00:00,20.227323532104492,26.450000762939453,26.959999084472656,26.0,26.18000030517578,71700.0
2007-11-12 00:00:00,20.380264282226562,26.649999618530273,27.139999389648438,26.299999237060547,26.469999313354492,70800.0
2007-11-13 00:00:00,21.657386779785156,28.31999969482422,28.31999969482422,26.389999389648438,26.950000762939453,43600.0
2007-11-14 00:00:00,21.787382125854492,28.489999771118164,28.940000534057617,27.75,28.5,37500.0
2007-11-15 00:00:00,21.32089614868164,27.8799991607666,28.989999771118164,27.770000457763672,28.290000915527344,26900.0
2007-11-16 00:00:00,20.915586471557617,27.350000381469727,28.260000228881836,26.829999923706055,27.950000762939453,51600.0
2007-11-19 00:00:00,19.822010040283203,25.920000076293945,26.959999084472656,25.75,26.84000015258789,38700.0
2007-11-20 00:00:00,20.18907928466797,26.399999618530273,26.450000762939453,25.600000381469727,25.8799991607666,42400.0
2007-11-21 00:00:00,19.653770446777344,25.700000762939453,26.440000534057617,25.399999618530273,25.649999618530273,52800.0
2007-11-23 00:00:00,20.16614532470703,26.3700008392334,26.940000534057617,25.350000381469727,26.0,26400.0
2007-11-26 00:00:00,18.881378173828125,24.690000534057617,26.3700008392334,24.600000381469727,26.3700008392334,47900.0
2007-11-27 00:00:00,20.349674224853516,26.610000610351562,26.729999542236328,24.6299991607666,24.65999984741211,70100.0
2007-11-28 00:00:00,22.552120208740234,29.489999771118164,29.84000015258789,26.579999923706055,26.959999084472656,93200.0
2007-11-29 00:00:00,21.970922470092773,28.729999542236328,29.5,28.25,29.450000762939453,33200.0
2007-11-30 00:00:00,22.200347900390625,29.030000686645508,29.65999984741211,29.0,29.239999771118164,45600.0
2007-12-03 00:00:00,21.20618438720703,27.729999542236328,28.950000762939453,27.5,28.59000015258789,44500.0
2007-12-04 00:00:00,21.117652893066406,27.43000030517578,28.06999969482422,27.06999969482422,27.420000076293945,21500.0
2007-12-05 00:00:00,21.51798439025879,27.950000762939453,27.950000762939453,27.100000381469727,27.899999618530273,18200.0
2007-12-06 00:00:00,22.9576473236084,29.81999969482422,30.0,27.100000381469727,27.43000030517578,22200.0
2007-12-07 00:00:00,23.827608108520508,30.950000762939453,30.950000762939453,29.399999618530273,29.969999313354492,29300.0
2007-12-10 00:00:00,24.097064971923828,31.299999237060547,31.43000030517578,29.889999389648438,30.979999542236328,24300.0
2007-12-11 00:00:00,25.659902572631836,33.33000183105469,34.0,30.850000381469727,31.34000015258789,65800.0
2007-12-12 00:00:00,25.967853546142578,33.72999954223633,34.0,33.099998474121094,33.43000030517578,63700.0
2007-12-13 00:00:00,25.76769256591797,33.470001220703125,33.5,32.61000061035156,33.380001068115234,19900.0
2007-12-14 00:00:00,23.273296356201172,30.229999542236328,33.0,30.0,32.900001525878906,43700.0
2007-12-17 00:00:00,22.626602172851562,29.389999389648438,30.579999923706055,29.34000015258789,30.09000015258789,44000.0
2007-12-18 00:00:00,24.00467872619629,31.18000030517578,31.18000030517578,28.299999237060547,29.809999465942383,54300.0
2007-12-19 00:00:00,23.427270889282227,30.43000030517578,31.020000457763672,29.299999237060547,31.020000457763672,47300.0
2007-12-20 00:00:00,22.44182586669922,29.149999618530273,30.809999465942383,28.149999618530273,30.809999465942383,76700.0
2007-12-21 00:00:00,23.473468780517578,30.489999771118164,30.969999313354492,30.09000015258789,30.8700008392334,142900.0
2007-12-24 00:00:00,22.98074722290039,29.850000381469727,30.979999542236328,29.760000228881836,30.540000915527344,36900.0
2007-12-26 00:00:00,23.234804153442383,30.18000030517578,30.8700008392334,29.760000228881836,30.049999237060547,115700.0
2007-12-27 00:00:00,22.34944725036621,29.030000686645508,30.31999969482422,29.030000686645508,30.31999969482422,47800.0
2007-12-28 00:00:00,21.340913772583008,27.719999313354492,29.969999313354492,27.65999984741211,29.06999969482422,53400.0
2007-12-31 00:00:00,21.725845336914062,28.219999313354492,28.329999923706055,27.079999923706055,27.6200008392334,50300.0
2008-01-02 00:00:00,20.424758911132812,26.530000686645508,28.200000762939453,26.3799991607666,27.940000534057617,53700.0
2008-01-03 00:00:00,20.23229217529297,26.280000686645508,26.81999969482422,26.100000381469727,26.700000762939453,59200.0
2008-01-04 00:00:00,19.893550872802734,25.84000015258789,26.200000762939453,25.15999984741211,26.0,65700.0
2008-01-07 00:00:00,20.301589965820312,26.3700008392334,26.43000030517578,25.780000686645508,26.010000228881836,48100.0
2008-01-08 00:00:00,19.50861358642578,25.34000015258789,26.969999313354492,25.049999237060547,26.440000534057617,48400.0
2008-01-09 00:00:00,20.778902053833008,26.989999771118164,26.989999771118164,24.760000228881836,25.229999542236328,52900.0
2008-01-10 00:00:00,21.333213806152344,27.709999084472656,28.049999237060547,25.25,26.780000686645508,38200.0
2008-01-11 00:00:00,20.478656768798828,26.600000381469727,27.239999771118164,26.209999084472656,27.239999771118164,31100.0
2008-01-14 00:00:00,21.54108428955078,27.979999542236328,28.1299991607666,26.049999237060547,26.940000534057617,31000.0
2008-01-15 00:00:00,21.618070602416992,28.079999923706055,28.079999923706055,26.049999237060547,27.540000915527344,31900.0
2008-01-16 00:00:00,21.1484432220459,27.469999313354492,28.239999771118164,27.059999465942383,27.059999465942383,29400.0
2008-01-17 00:00:00,20.332378387451172,26.40999984741211,27.899999618530273,26.170000076293945,27.1299991607666,17400.0
2008-01-18 00:00:00,20.617238998413086,26.780000686645508,27.610000610351562,26.049999237060547,26.399999618530273,30600.0
2008-01-22 00:00:00,20.586437225341797,26.739999771118164,29.0,25.700000762939453,25.709999084472656,63600.0
2008-01-23 00:00:00,23.02694320678711,29.90999984741211,29.90999984741211,26.25,26.25,40800.0
2008-01-24 00:00:00,22.326351165771484,29.0,29.989999771118164,27.530000686645508,29.610000610351562,34800.0
2008-01-25 00:00:00,20.955970764160156,27.219999313354492,29.670000076293945,27.219999313354492,29.299999237060547,26200.0
2008-01-28 00:00:00,22.095396041870117,28.700000762939453,29.149999618530273,27.139999389648438,27.139999389648438,19900.0
2008-01-29 00:00:00,21.956815719604492,28.520000457763672,29.110000610351562,27.920000076293945,28.81999969482422,19800.0
2008-01-30 00:00:00,21.394811630249023,27.790000915527344,28.6299991607666,27.450000762939453,28.3700008392334,62600.0
2008-01-31 00:00:00,22.488027572631836,29.209999084472656,29.209999084472656,27.350000381469727,27.350000381469727,33100.0
2008-02-01 00:00:00,22.626602172851562,29.389999389648438,29.729999542236328,28.809999465942383,29.350000381469727,18400.0
2008-02-04 00:00:00,21.448698043823242,27.860000610351562,29.34000015258789,27.850000381469727,29.06999969482422,21200.0
2008-02-05 00:00:00,21.17154312133789,27.5,28.739999771118164,27.5,27.850000381469727,18900.0
2008-02-06 00:00:00,21.10225486755371,27.40999984741211,28.489999771118164,27.25,27.780000686645508,24400.0
2008-02-07 00:00:00,21.4717960357666,27.889999389648438,28.18000030517578,27.06999969482422,27.200000762939453,14200.0
2008-02-08 00:00:00,20.80970001220703,27.030000686645508,28.079999923706055,27.0,28.079999923706055,13800.0
2008-02-11 00:00:00,20.594139099121094,26.75,27.360000610351562,26.75,26.989999771118164,15600.0
2008-02-12 00:00:00,21.186939239501953,27.520000457763672,28.06999969482422,26.809999465942383,26.940000534057617,46800.0
2008-02-13 00:00:00,21.887523651123047,28.43000030517578,28.510000228881836,27.049999237060547,27.850000381469727,30500.0
2008-02-14 00:00:00,21.179235458374023,27.510000228881836,28.59000015258789,27.290000915527344,28.59000015258789,26600.0
2008-02-15 00:00:00,21.163841247558594,27.489999771118164,28.540000915527344,27.260000228881836,27.360000610351562,25000.0
2008-02-19 00:00:00,20.89438819885254,27.139999389648438,28.34000015258789,27.020000457763672,27.90999984741211,16500.0
2008-02-20 00:00:00,21.117652893066406,27.43000030517578,28.040000915527344,27.0,27.0,11300.0
2008-02-21 00:00:00,21.10995101928711,27.420000076293945,28.149999618530273,27.149999618530273,27.68000030517578,23900.0
2008-02-22 00:00:00,21.379413604736328,27.770000457763672,28.100000381469727,27.0,27.600000381469727,33700.0
2008-02-25 00:00:00,21.54877471923828,27.989999771118164,28.010000228881836,27.0,27.719999313354492,34100.0
2008-02-26 00:00:00,21.54108428955078,27.979999542236328,28.09000015258789,27.459999084472656,27.850000381469727,24800.0
2008-02-27 00:00:00,21.340913772583008,27.719999313354492,28.010000228881836,27.649999618530273,27.649999618530273,21200.0
2008-02-28 00:00:00,21.379413604736328,27.770000457763672,27.979999542236328,27.440000534057617,27.440000534057617,29700.0
2008-02-29 00:00:00,20.717321395874023,26.90999984741211,27.510000228881836,26.510000228881836,27.489999771118164,64700.0
2008-03-03 00:00:00,20.163002014160156,26.190000534057617,26.979999542236328,26.149999618530273,26.68000030517578,32100.0
2008-03-04 00:00:00,19.908946990966797,25.860000610351562,26.149999618530273,25.5,26.020000457763672,25300.0
2008-03-05 00:00:00,20.18609619140625,26.219999313354492,26.639999389648438,25.65999984741211,26.040000915527344,32000.0
2008-03-06 00:00:00,19.824264526367188,25.75,26.479999542236328,25.75,26.309999465942383,16900.0
2008-03-07 00:00:00,19.324094772338867,24.920000076293945,26.450000762939453,24.920000076293945,25.479999542236328,22700.0
2008-03-10 00:00:00,19.773860931396484,25.5,25.690000534057617,25.059999465942383,25.059999465942383,14400.0
2008-03-11 00:00:00,21.40229606628418,27.600000381469727,27.600000381469727,25.770000457763672,26.200000762939453,27400.0
2008-03-12 00:00:00,21.36351776123047,27.549999237060547,27.549999237060547,26.5,27.040000915527344,26000.0
2008-03-13 00:00:00,20.88274383544922,26.93000030517578,27.5,26.260000228881836,27.18000030517578,30900.0
2008-03-14 00:00:00,20.51828384399414,26.459999084472656,27.0,26.399999618530273,27.0,24800.0
2008-03-17 00:00:00,20.332181930541992,26.219999313354492,27.100000381469727,25.850000381469727,26.25,45800.0
2008-03-18 00:00:00,20.937023162841797,27.0,27.940000534057617,25.850000381469727,26.940000534057617,41300.0
2008-03-19 00:00:00,20.4329833984375,26.350000381469727,27.969999313354492,26.350000381469727,27.260000228881836,43200.0
2008-03-20 00:00:00,21.479841232299805,27.700000762939453,27.709999084472656,26.25,27.139999389648438,185500.0
2008-03-24 00:00:00,22.348339080810547,28.81999969482422,29.219999313354492,27.709999084472656,27.850000381469727,54100.0
2008-03-25 00:00:00,22.014894485473633,28.389999389648438,28.940000534057617,28.3799991607666,28.940000534057617,49000.0
2008-03-26 00:00:00,21.898582458496094,28.239999771118164,28.540000915527344,28.18000030517578,28.540000915527344,59100.0
2008-03-27 00:00:00,22.1312198638916,28.540000915527344,29.1299991607666,27.920000076293945,28.3799991607666,36200.0
2008-03-28 00:00:00,21.704713821411133,27.989999771118164,29.229999542236328,27.989999771118164,29.219999313354492,32500.0
2008-03-31 00:00:00,22.4879150390625,29.0,29.700000762939453,28.049999237060547,28.56999969482422,84800.0
2008-04-01 00:00:00,23.069499969482422,29.75,30.190000534057617,28.969999313354492,29.690000534057617,31600.0
2008-04-02 00:00:00,22.588722229003906,29.1299991607666,30.139999389648438,29.049999237060547,29.68000030517578,22100.0
2008-04-03 00:00:00,22.68177604675293,29.25,29.940000534057617,28.280000686645508,28.809999465942383,22500.0
2008-04-04 00:00:00,22.332828521728516,28.799999237060547,29.739999771118164,28.459999084472656,29.25,26400.0
2008-04-07 00:00:00,21.960615158081055,28.31999969482422,28.979999542236328,28.299999237060547,28.979999542236328,22700.0
2008-04-08 00:00:00,21.75124740600586,28.049999237060547,28.059999465942383,27.649999618530273,28.040000915527344,17000.0
2008-04-09 00:00:00,20.82846450805664,26.860000610351562,28.139999389648438,26.850000381469727,28.139999389648438,27300.0
2008-04-10 00:00:00,21.04558753967285,27.139999389648438,27.219999313354492,26.549999237060547,26.90999984741211,30300.0
2008-04-11 00:00:00,20.750913619995117,26.760000228881836,27.25,26.760000228881836,26.799999237060547,19400.0
2008-04-14 00:00:00,20.57256507873535,26.530000686645508,27.170000076293945,26.5,26.75,30200.0
2008-04-15 00:00:00,20.898252487182617,26.950000762939453,27.040000915527344,26.510000228881836,26.6299991607666,20000.0
2008-04-16 00:00:00,21.75124740600586,28.049999237060547,28.25,27.18000030517578,27.18000030517578,38400.0
2008-04-17 00:00:00,21.712472915649414,28.0,28.239999771118164,27.860000610351562,27.979999542236328,13900.0
2008-04-18 00:00:00,21.704713821411133,27.989999771118164,29.0,27.850000381469727,28.5,26800.0
2008-04-21 00:00:00,20.85172462463379,26.889999389648438,28.200000762939453,26.850000381469727,27.8799991607666,36100.0
2008-04-22 00:00:00,20.13831329345703,25.969999313354492,27.0,25.850000381469727,26.799999237060547,39200.0
2008-04-23 00:00:00,19.711820602416992,25.420000076293945,26.6299991607666,24.93000030517578,26.06999969482422,47100.0
2008-04-24 00:00:00,20.797449111938477,26.81999969482422,26.90999984741211,25.459999084472656,25.479999542236328,28600.0
2008-04-25 00:00:00,20.2701473236084,26.139999389648438,26.8799991607666,25.68000030517578,26.8799991607666,39300.0
2008-04-28 00:00:00,20.324420928955078,26.209999084472656,27.020000457763672,25.799999237060547,26.049999237060547,18700.0
2008-04-29 00:00:00,20.293411254882812,26.170000076293945,26.469999313354492,26.0,26.239999771118164,14100.0
2008-04-30 00:00:00,20.355445861816406,26.25,26.989999771118164,25.989999771118164,26.299999237060547,32900.0
2008-05-01 00:00:00,21.2161865234375,27.360000610351562,27.479999542236328,26.280000686645508,26.280000686645508,22000.0
2008-05-02 00:00:00,20.60358428955078,26.56999969482422,27.5,26.229999542236328,27.5,30000.0
2008-05-05 00:00:00,20.673376083374023,26.65999984741211,26.989999771118164,26.5,26.65999984741211,32900.0
2008-05-06 00:00:00,20.704397201538086,26.700000762939453,26.969999313354492,26.170000076293945,26.68000030517578,32300.0
2008-05-07 00:00:00,19.890169143676758,25.649999618530273,26.780000686645508,25.649999618530273,26.780000686645508,40100.0
2008-05-08 00:00:00,19.55673599243164,25.219999313354492,25.809999465942383,25.219999313354492,25.799999237060547,45500.0
2008-05-09 00:00:00,19.719581604003906,25.43000030517578,25.579999923706055,25.020000457763672,25.219999313354492,27200.0
2008-05-12 00:00:00,20.177095413208008,26.020000457763672,26.1200008392334,25.350000381469727,25.6299991607666,20200.0
2008-05-13 00:00:00,19.990983963012695,25.780000686645508,26.100000381469727,25.389999389648438,26.100000381469727,28600.0
2008-05-14 00:00:00,20.23137092590332,26.09000015258789,26.329999923706055,25.799999237060547,25.799999237060547,23300.0
2008-05-15 00:00:00,20.564815521240234,26.520000457763672,26.850000381469727,25.600000381469727,26.040000915527344,26800.0
2008-05-16 00:00:00,20.82846450805664,26.860000610351562,27.010000228881836,25.690000534057617,26.709999084472656,61900.0
2008-05-19 00:00:00,20.665620803833008,26.649999618530273,26.989999771118164,26.25,26.799999237060547,35900.0
2008-05-20 00:00:00,20.308914184570312,26.190000534057617,26.899999618530273,26.0,26.579999923706055,20000.0
2008-05-21 00:00:00,20.57256507873535,26.530000686645508,26.899999618530273,26.239999771118164,26.489999771118164,22000.0
2008-05-22 00:00:00,21.13088607788086,27.25,27.25,26.260000228881836,26.260000228881836,26000.0
2008-05-23 00:00:00,20.51053237915039,26.450000762939453,27.1200008392334,26.15999984741211,27.1200008392334,16200.0
2008-05-27 00:00:00,21.231698989868164,27.3799991607666,27.5,26.229999542236328,26.530000686645508,33800.0
2008-05-28 00:00:00,20.836214065551758,26.8700008392334,27.579999923706055,26.530000686645508,27.56999969482422,16000.0
2008-05-29 00:00:00,21.24720001220703,27.399999618530273,27.739999771118164,26.790000915527344,26.790000915527344,19900.0
2008-05-30 00:00:00,20.750913619995117,26.760000228881836,27.450000762939453,26.3700008392334,27.450000762939453,49700.0
2008-06-02 00:00:00,20.037511825561523,25.84000015258789,27.280000686645508,25.649999618530273,26.6200008392334,41800.0
2008-06-03 00:00:00,19.959964752197266,25.739999771118164,26.489999771118164,25.739999771118164,26.0,21800.0
2008-06-04 00:00:00,20.060773849487305,25.8700008392334,26.59000015258789,25.649999618530273,25.649999618530273,27400.0
2008-06-05 00:00:00,22.282806396484375,28.530000686645508,29.100000381469727,25.81999969482422,25.81999969482422,120800.0
2008-06-06 00:00:00,20.68169403076172,26.479999542236328,28.440000534057617,26.40999984741211,28.399999618530273,29700.0
2008-06-09 00:00:00,20.37708854675293,26.09000015258789,26.600000381469727,26.0,26.59000015258789,48100.0
2008-06-10 00:00:00,21.09563636779785,27.010000228881836,27.100000381469727,25.90999984741211,25.950000762939453,21100.0
2008-06-11 00:00:00,20.580156326293945,26.350000381469727,26.889999389648438,25.850000381469727,26.889999389648438,35800.0
2008-06-12 00:00:00,20.37708854675293,26.09000015258789,26.950000762939453,25.799999237060547,26.540000915527344,19300.0
2008-06-13 00:00:00,20.439577102661133,26.170000076293945,26.899999618530273,25.899999618530273,26.420000076293945,71600.0
2008-06-16 00:00:00,20.82227325439453,26.65999984741211,26.75,26.110000610351562,26.1200008392334,36400.0
2008-06-17 00:00:00,20.174026489257812,25.829999923706055,26.979999542236328,25.81999969482422,26.799999237060547,22100.0
2008-06-18 00:00:00,20.142780303955078,25.790000915527344,26.190000534057617,25.549999237060547,25.75,15200.0
2008-06-19 00:00:00,19.838172912597656,25.399999618530273,26.5,25.25,25.719999313354492,42500.0
2008-06-20 00:00:00,19.119630813598633,24.479999542236328,25.850000381469727,24.149999618530273,25.31999969482422,88400.0
2008-06-23 00:00:00,17.94027328491211,22.969999313354492,24.940000534057617,22.760000228881836,24.719999313354492,68300.0
2008-06-24 00:00:00,17.432600021362305,22.31999969482422,23.81999969482422,22.31999969482422,22.84000015258789,56200.0
2008-06-25 00:00:00,17.963706970214844,23.0,24.329999923706055,22.5,22.5,57400.0
2008-06-26 00:00:00,17.135818481445312,21.940000534057617,22.8799991607666,21.889999389648438,22.75,37800.0
2008-06-27 00:00:00,17.573190689086914,22.5,22.690000534057617,21.770000457763672,22.06999969482422,184300.0
2008-06-30 00:00:00,16.995223999023438,21.760000228881836,22.920000076293945,21.760000228881836,22.479999542236328,35800.0
2008-07-01 00:00:00,17.94027328491211,22.969999313354492,23.06999969482422,21.40999984741211,21.739999771118164,50700.0
2008-07-02 00:00:00,16.987417221069336,21.75,23.739999771118164,21.649999618530273,23.1299991607666,45900.0
2008-07-03 00:00:00,16.901504516601562,21.639999389648438,22.469999313354492,21.5,21.700000762939453,13700.0
2008-07-07 00:00:00,15.909597396850586,20.3700008392334,21.799999237060547,20.239999771118164,21.799999237060547,55200.0
2008-07-08 00:00:00,15.8549165725708,20.299999237060547,20.530000686645508,19.829999923706055,20.399999618530273,97600.0
2008-07-09 00:00:00,15.511268615722656,19.860000610351562,20.399999618530273,19.850000381469727,20.350000381469727,59400.0
2008-07-10 00:00:00,15.940839767456055,20.40999984741211,20.440000534057617,19.850000381469727,19.899999618530273,75500.0
2008-07-11 00:00:00,16.206388473510742,20.75,20.790000915527344,19.5,20.270000457763672,25900.0
2008-07-14 00:00:00,15.144189834594727,19.389999389648438,20.649999618530273,19.3700008392334,20.649999618530273,49100.0
2008-07-15 00:00:00,15.620619773864746,20.0,20.3799991607666,19.200000762939453,19.31999969482422,68900.0
2008-07-16 00:00:00,16.940553665161133,21.690000534057617,22.0,20.0,20.049999237060547,58100.0
2008-07-17 00:00:00,18.690067291259766,23.93000030517578,24.06999969482422,22.030000686645508,22.030000686645508,62600.0
2008-07-18 00:00:00,17.698150634765625,22.65999984741211,24.0,22.389999389648438,23.950000762939453,39500.0
2008-07-21 00:00:00,17.68253517150879,22.639999389648438,23.739999771118164,21.780000686645508,23.739999771118164,23200.0
2008-07-22 00:00:00,17.549753189086914,22.469999313354492,22.530000686645508,20.770000457763672,21.8799991607666,58900.0
2008-07-23 00:00:00,17.128002166748047,21.93000030517578,22.399999618530273,21.729999542236328,22.399999618530273,44400.0
2008-07-24 00:00:00,16.44850730895996,21.059999465942383,22.440000534057617,21.059999465942383,22.079999923706055,50200.0
2008-07-25 00:00:00,17.3857479095459,22.260000228881836,23.020000457763672,21.059999465942383,21.440000534057617,27000.0
2008-07-28 00:00:00,16.729673385620117,21.420000076293945,22.209999084472656,21.399999618530273,22.209999084472656,17400.0
2008-07-29 00:00:00,18.440134048461914,23.610000610351562,23.75,22.270000457763672,22.299999237060547,46600.0
2008-07-30 00:00:00,18.744735717773438,24.0,24.0,22.899999618530273,23.75,43600.0
2008-07-31 00:00:00,18.549480438232422,23.75,23.969999313354492,23.059999465942383,23.450000762939453,35300.0
2008-08-01 00:00:00,19.08839225769043,24.440000534057617,24.5,23.600000381469727,24.0,15000.0
2008-08-04 00:00:00,18.861886978149414,24.149999618530273,24.559999465942383,23.290000915527344,24.3799991607666,25200.0
2008-08-05 00:00:00,19.838172912597656,25.399999618530273,25.610000610351562,23.149999618530273,23.190000534057617,34100.0
2008-08-06 00:00:00,19.603870391845703,25.100000381469727,25.3799991607666,24.829999923706055,25.260000228881836,21400.0
2008-08-07 00:00:00,19.104005813598633,24.459999084472656,25.219999313354492,24.420000076293945,24.809999465942383,20500.0
2008-08-08 00:00:00,19.916282653808594,25.5,26.0,24.3799991607666,24.3799991607666,33800.0
2008-08-11 00:00:00,20.892568588256836,26.75,28.729999542236328,25.600000381469727,25.600000381469727,87900.0
2008-08-12 00:00:00,21.454917907714844,27.469999313354492,27.81999969482422,26.510000228881836,26.510000228881836,44100.0
2008-08-13 00:00:00,21.009721755981445,26.899999618530273,27.690000534057617,26.15999984741211,27.299999237060547,92500.0
2008-08-14 00:00:00,20.619203567504883,26.399999618530273,27.0,26.170000076293945,26.260000228881836,24900.0
2008-08-15 00:00:00,20.478622436523438,26.219999313354492,27.139999389648438,25.5,27.110000610351562,43000.0
2008-08-18 00:00:00,19.39299201965332,24.829999923706055,26.350000381469727,24.540000915527344,26.350000381469727,34300.0
2008-08-19 00:00:00,19.5570011138916,25.040000915527344,25.15999984741211,24.110000610351562,24.56999969482422,14800.0
2008-08-20 00:00:00,19.158676147460938,24.530000686645508,25.329999923706055,24.049999237060547,25.1299991607666,10700.0
2008-08-21 00:00:00,19.002479553222656,24.329999923706055,24.59000015258789,24.040000915527344,24.59000015258789,10400.0
2008-08-22 00:00:00,19.13525390625,24.5,24.75,24.209999084472656,24.719999313354492,20200.0
2008-08-25 00:00:00,17.8543643951416,22.860000610351562,24.639999389648438,22.760000228881836,24.219999313354492,35700.0
2008-08-26 00:00:00,18.158960342407227,23.25,23.729999542236328,22.09000015258789,22.8799991607666,71600.0
2008-08-27 00:00:00,19.041528701782227,24.3799991607666,24.510000228881836,23.190000534057617,23.190000534057617,22500.0
2008-08-28 00:00:00,19.24459457397461,24.639999389648438,24.639999389648438,23.75,24.399999618530273,26400.0
2008-08-29 00:00:00,18.92437171936035,24.229999542236328,24.510000228881836,23.8700008392334,24.5,17100.0
2008-09-02 00:00:00,19.82255744934082,25.3799991607666,25.809999465942383,24.729999542236328,24.889999389648438,25500.0
2008-09-03 00:00:00,19.86160659790039,25.43000030517578,25.510000228881836,24.799999237060547,25.299999237060547,32400.0
2008-09-04 00:00:00,19.55083656311035,24.850000381469727,25.469999313354492,24.3700008392334,25.049999237060547,21000.0
2008-09-05 00:00:00,20.1173038482666,25.56999969482422,25.709999084472656,24.389999389648438,24.520000457763672,8800.0
2008-09-08 00:00:00,20.597225189208984,26.18000030517578,26.59000015258789,25.200000762939453,26.229999542236328,44100.0
2008-09-09 00:00:00,19.873409271240234,25.260000228881836,26.75,25.260000228881836,26.010000228881836,33800.0
2008-09-10 00:00:00,21.02994155883789,26.729999542236328,26.739999771118164,25.110000610351562,26.219999313354492,45100.0
2008-09-11 00:00:00,21.014204025268555,26.709999084472656,26.75,24.950000762939453,25.549999237060547,22500.0
2008-09-12 00:00:00,20.82538414001465,26.469999313354492,26.68000030517578,26.110000610351562,26.110000610351562,12700.0
2008-09-15 00:00:00,20.833255767822266,26.479999542236328,26.899999618530273,25.530000686645508,25.690000534057617,25400.0
2008-09-16 00:00:00,22.10779571533203,28.100000381469727,28.100000381469727,25.6200008392334,25.6200008392334,60600.0
2008-09-17 00:00:00,22.705730438232422,28.860000610351562,28.860000610351562,26.799999237060547,27.020000457763672,54400.0
2008-09-18 00:00:00,27.143022537231445,34.5,34.5,27.860000610351562,29.209999084472656,184500.0
2008-09-19 00:00:00,27.143022537231445,34.5,34.5,28.5,34.0,258700.0
2008-09-22 00:00:00,25.600984573364258,32.540000915527344,33.5,30.309999465942383,33.310001373291016,49900.0
2008-09-23 00:00:00,24.342172622680664,30.940000534057617,33.43000030517578,30.219999313354492,33.33000183105469,63400.0
2008-09-24 00:00:00,23.571151733398438,29.959999084472656,31.989999771118164,29.15999984741211,31.989999771118164,30900.0
2008-09-25 00:00:00,23.893728256225586,30.3700008392334,31.770000457763672,29.149999618530273,29.170000076293945,34000.0
2008-09-26 00:00:00,25.105323791503906,31.90999984741211,32.5,29.3799991607666,29.90999984741211,16100.0
2008-09-29 00:00:00,21.203025817871094,26.950000762939453,33.0,26.950000762939453,31.43000030517578,26400.0
2008-09-30 00:00:00,24.664743423461914,31.350000381469727,32.7599983215332,28.06999969482422,28.559999465942383,49300.0
2008-10-01 00:00:00,24.7591552734375,31.469999313354492,32.06999969482422,30.020000457763672,30.020000457763672,15300.0
2008-10-02 00:00:00,25.962890625,33.0,33.0,31.5,31.5,24400.0
2008-10-03 00:00:00,23.752105712890625,30.190000534057617,33.31999969482422,30.190000534057617,32.95000076293945,69100.0
2008-10-06 00:00:00,22.941755294799805,29.15999984741211,30.270000457763672,28.0,29.780000686645508,39700.0
2008-10-07 00:00:00,20.809646606445312,26.450000762939453,29.760000228881836,26.25,29.420000076293945,35500.0
2008-10-08 00:00:00,19.668853759765625,25.0,27.420000076293945,25.0,26.25,76100.0
2008-10-09 00:00:00,17.13550567626953,21.780000686645508,25.639999389648438,21.670000076293945,25.639999389648438,140500.0
2008-10-10 00:00:00,22.61918067932129,28.75,28.75,21.059999465942383,21.059999465942383,68000.0
2008-10-13 00:00:00,21.832429885864258,27.75,28.309999465942383,26.010000228881836,28.309999465942383,70200.0
2008-10-14 00:00:00,22.713590621948242,28.8700008392334,28.899999618530273,26.3799991607666,28.489999771118164,94000.0
2008-10-15 00:00:00,19.69245719909668,25.030000686645508,28.950000762939453,24.93000030517578,27.90999984741211,74100.0
2008-10-16 00:00:00,23.209239959716797,29.5,29.5,24.760000228881836,25.010000228881836,62100.0
2008-10-17 00:00:00,22.3516902923584,28.40999984741211,30.5,26.90999984741211,28.770000457763672,45500.0
2008-10-20 00:00:00,22.579851150512695,28.700000762939453,29.979999542236328,27.770000457763672,28.479999542236328,23400.0
2008-10-21 00:00:00,21.635738372802734,27.5,28.700000762939453,27.149999618530273,28.0,90200.0
2008-10-22 00:00:00,20.94339370727539,26.6200008392334,27.75,26.469999313354492,27.0,69500.0
2008-10-23 00:00:00,20.36906623840332,25.889999389648438,27.600000381469727,25.5,26.719999313354492,46100.0
2008-10-24 00:00:00,20.18024253845215,25.649999618530273,26.559999465942383,25.200000762939453,25.5,30000.0
2008-10-27 00:00:00,19.007978439331055,24.15999984741211,26.950000762939453,24.15999984741211,24.969999313354492,19000.0
2008-10-28 00:00:00,20.50281524658203,26.059999465942383,26.6299991607666,23.170000076293945,25.010000228881836,77300.0
2008-10-29 00:00:00,20.809646606445312,26.450000762939453,27.389999389648438,25.559999465942383,26.020000457763672,28100.0
2008-10-30 00:00:00,21.627872467041016,27.489999771118164,27.8799991607666,26.5,27.389999389648438,28600.0
2008-10-31 00:00:00,22.029115676879883,28.0,28.25,27.0,27.950000762939453,39100.0
2008-11-03 00:00:00,21.832429885864258,27.75,28.8799991607666,26.309999465942383,27.760000228881836,45300.0
2008-11-04 00:00:00,22.48543357849121,28.579999923706055,28.889999389648438,26.81999969482422,28.81999969482422,38800.0
2008-11-05 00:00:00,20.801776885986328,26.440000534057617,28.969999313354492,26.049999237060547,27.959999084472656,23300.0
2008-11-06 00:00:00,21.352500915527344,27.139999389648438,28.0,26.25,26.25,22500.0
2008-11-07 00:00:00,22.28875160217285,28.329999923706055,28.5,27.420000076293945,27.420000076293945,26400.0
2008-11-10 00:00:00,21.06140899658203,26.770000457763672,28.940000534057617,26.59000015258789,28.90999984741211,29200.0
2008-11-11 00:00:00,21.116477966308594,26.84000015258789,28.25,26.270000457763672,26.3799991607666,26900.0
2008-11-12 00:00:00,20.998472213745117,26.690000534057617,27.799999237060547,26.440000534057617,26.440000534057617,39900.0
2008-11-13 00:00:00,23.028291702270508,29.270000457763672,29.270000457763672,26.459999084472656,27.040000915527344,38300.0
2008-11-14 00:00:00,21.077144622802734,26.790000915527344,29.040000915527344,26.700000762939453,28.6299991607666,16900.0
2008-11-17 00:00:00,21.580669403076172,27.43000030517578,28.239999771118164,26.520000457763672,26.520000457763672,10700.0
2008-11-18 00:00:00,22.225805282592773,28.25,28.25,26.25,27.350000381469727,46500.0
2008-11-19 00:00:00,21.44691276550293,27.260000228881836,29.100000381469727,27.0,27.93000030517578,35200.0
2008-11-20 00:00:00,19.542970657348633,24.84000015258789,27.100000381469727,24.75,26.899999618530273,38600.0
2008-11-21 00:00:00,21.690814971923828,27.56999969482422,28.0,24.010000228881836,25.860000610351562,49700.0
2008-11-24 00:00:00,23.16204071044922,29.440000534057617,29.950000762939453,26.809999465942383,28.049999237060547,67600.0
2008-11-25 00:00:00,22.36741828918457,28.43000030517578,29.5,27.0,29.280000686645508,50800.0
2008-11-26 00:00:00,23.52395248413086,29.899999618530273,30.0,27.200000762939453,27.469999313354492,42500.0
2008-11-28 00:00:00,23.240718841552734,29.540000915527344,29.959999084472656,29.059999465942383,29.3700008392334,14600.0
2008-12-01 00:00:00,20.306127548217773,25.809999465942383,29.700000762939453,25.809999465942383,28.170000076293945,44200.0
2008-12-02 00:00:00,20.062231063842773,25.5,25.979999542236328,24.850000381469727,25.75,35600.0
2008-12-03 00:00:00,20.400537490844727,25.93000030517578,26.0,24.950000762939453,24.950000762939453,39100.0
2008-12-04 00:00:00,19.82196617126465,25.010000228881836,26.579999923706055,24.809999465942383,25.290000915527344,35800.0
2008-12-05 00:00:00,19.61590576171875,24.75,25.309999465942383,24.030000686645508,24.75,72000.0
2008-12-08 00:00:00,20.012178421020508,25.25,25.790000915527344,24.5,25.709999084472656,61100.0
2008-12-09 00:00:00,19.259244918823242,24.299999237060547,25.899999618530273,23.829999923706055,24.809999465942383,58300.0
2008-12-10 00:00:00,19.61590576171875,24.75,24.950000762939453,24.209999084472656,24.610000610351562,17200.0
2008-12-11 00:00:00,18.228918075561523,23.0,24.530000686645508,22.950000762939453,23.829999923706055,45200.0
2008-12-12 00:00:00,19.34642791748047,24.40999984741211,24.40999984741211,22.829999923706055,22.84000015258789,42300.0
2008-12-15 00:00:00,18.31609344482422,23.110000610351562,24.989999771118164,22.5,24.489999771118164,35900.0
2008-12-16 00:00:00,20.352977752685547,25.68000030517578,25.90999984741211,23.0,23.700000762939453,47600.0
2008-12-17 00:00:00,20.360910415649414,25.690000534057617,26.0,24.399999618530273,25.020000457763672,40400.0
2008-12-18 00:00:00,20.043888092041016,25.290000915527344,26.0,24.549999237060547,25.6299991607666,17500.0
2008-12-19 00:00:00,19.774415969848633,24.950000762939453,26.0,24.950000762939453,26.0,81300.0
2008-12-22 00:00:00,20.028026580810547,25.270000457763672,25.989999771118164,24.149999618530273,25.209999084472656,41100.0
2008-12-23 00:00:00,20.043888092041016,25.290000915527344,25.979999542236328,25.0,25.56999969482422,17800.0
2008-12-24 00:00:00,20.305429458618164,25.6200008392334,25.6200008392334,24.68000030517578,25.600000381469727,7300.0
2008-12-26 00:00:00,20.20240020751953,25.489999771118164,26.0,24.829999923706055,25.90999984741211,7200.0
2008-12-29 00:00:00,19.20376968383789,24.229999542236328,25.770000457763672,24.0,25.469999313354492,40300.0
2008-12-30 00:00:00,19.92500114440918,25.139999389648438,25.450000762939453,24.040000915527344,24.399999618530273,17200.0
2008-12-31 00:00:00,21.589378356933594,27.239999771118164,27.469999313354492,24.40999984741211,25.200000762939453,42600.0
2009-01-02 00:00:00,21.12969398498535,26.65999984741211,27.309999465942383,26.25,27.309999465942383,23300.0
2009-01-05 00:00:00,20.337127685546875,25.65999984741211,26.75,25.020000457763672,26.75,29700.0
2009-01-06 00:00:00,19.497013092041016,24.600000381469727,26.0,24.280000686645508,25.90999984741211,42300.0
2009-01-07 00:00:00,18.355728149414062,23.15999984741211,24.510000228881836,23.030000686645508,24.5,45500.0
2009-01-08 00:00:00,18.855037689208984,23.790000915527344,23.90999984741211,23.0,23.0,19200.0
2009-01-09 00:00:00,17.848491668701172,22.520000457763672,23.84000015258789,22.450000762939453,23.829999923706055,35100.0
2009-01-12 00:00:00,17.396728515625,21.950000762939453,22.770000457763672,21.950000762939453,22.40999984741211,28600.0
2009-01-13 00:00:00,17.67411994934082,22.299999237060547,22.43000030517578,21.700000762939453,21.979999542236328,17200.0
2009-01-14 00:00:00,16.60416603088379,20.950000762939453,22.700000762939453,20.950000762939453,21.8799991607666,37000.0
2009-01-15 00:00:00,17.079702377319336,21.549999237060547,21.690000534057617,20.450000762939453,21.0,49300.0
2009-01-16 00:00:00,16.841930389404297,21.25,21.84000015258789,20.450000762939453,21.81999969482422,34500.0
2009-01-20 00:00:00,15.256811141967773,19.25,20.84000015258789,19.25,20.84000015258789,56900.0
2009-01-21 00:00:00,17.206514358520508,21.709999084472656,22.100000381469727,19.200000762939453,19.579999923706055,62600.0
2009-01-22 00:00:00,16.3188419342041,20.59000015258789,22.5,20.540000915527344,21.219999313354492,14600.0
2009-01-23 00:00:00,15.890861511230469,20.049999237060547,20.510000228881836,19.75,20.0,18700.0
2009-01-26 00:00:00,14.163074493408203,17.8700008392334,20.030000686645508,16.920000076293945,20.030000686645508,109500.0
2009-01-27 00:00:00,12.76024341583252,16.100000381469727,17.75,15.890000343322754,17.649999618530273,70200.0
2009-01-28 00:00:00,13.536951065063477,17.079999923706055,17.299999237060547,16.5,16.790000915527344,113800.0
2009-01-29 00:00:00,12.791945457458496,16.139999389648438,17.5,16.139999389648438,17.25,78500.0
2009-01-30 00:00:00,12.696837425231934,16.020000457763672,16.549999237060547,15.680000305175781,16.290000915527344,57700.0
2009-02-02 00:00:00,12.601729393005371,15.899999618530273,15.949999809265137,14.869999885559082,15.8100004196167,73200.0
2009-02-03 00:00:00,11.951828956604004,15.079999923706055,16.010000228881836,14.520000457763672,16.010000228881836,51000.0
2009-02-04 00:00:00,11.991456985473633,15.130000114440918,16.0,15.09000015258789,15.130000114440918,56000.0
2009-02-05 00:00:00,11.721986770629883,14.789999961853027,15.3100004196167,14.329999923706055,15.039999961853027,53400.0
2009-02-06 00:00:00,12.08656120300293,15.25,15.520000457763672,14.569999694824219,14.569999694824219,75000.0
2009-02-09 00:00:00,12.538324356079102,15.819999694824219,16.020000457763672,14.8100004196167,15.130000114440918,108000.0
2009-02-10 00:00:00,11.111713409423828,14.020000457763672,16.389999389648438,14.020000457763672,15.649999618530273,50700.0
2009-02-11 00:00:00,10.699584007263184,13.5,14.569999694824219,13.350000381469727,14.069999694824219,84100.0
2009-02-12 00:00:00,10.32707691192627,13.029999732971191,13.449999809265137,12.609999656677246,13.25,76400.0
2009-02-13 00:00:00,10.295376777648926,12.989999771118164,13.600000381469727,12.800000190734863,13.239999771118164,69000.0
2009-02-17 00:00:00,9.875316619873047,12.460000038146973,12.979999542236328,12.449999809265137,12.819999694824219,50600.0
2009-02-18 00:00:00,9.756434440612793,12.3100004196167,12.609999656677246,12.100000381469727,12.579999923706055,48600.0
2009-02-19 00:00:00,8.06035041809082,10.170000076293945,12.270000457763672,10.0,12.270000457763672,206700.0
2009-02-20 00:00:00,9.49488639831543,11.979999542236328,12.720000267028809,9.949999809265137,10.0,172400.0
2009-02-23 00:00:00,8.401153564453125,10.600000381469727,12.4399995803833,10.3100004196167,12.329999923706055,157800.0
2009-02-24 00:00:00,10.010052680969238,12.630000114440918,12.859999656677246,10.649999618530273,10.670000076293945,64800.0
2009-02-25 00:00:00,9.764358520507812,12.319999694824219,12.819999694824219,11.5,12.550000190734863,59500.0
2009-02-26 00:00:00,9.645476341247559,12.170000076293945,12.699999809265137,11.779999732971191,12.489999771118164,55200.0
2009-02-27 00:00:00,9.613771438598633,12.130000114440918,12.449999809265137,11.779999732971191,12.350000381469727,25900.0
2009-03-02 00:00:00,8.551741600036621,10.789999961853027,12.720000267028809,10.619999885559082,11.930000305175781,78400.0
2009-03-03 00:00:00,9.035204887390137,11.399999618530273,11.819999694824219,10.9399995803833,10.960000038146973,47600.0
2009-03-04 00:00:00,8.995574951171875,11.350000381469727,11.84000015258789,10.649999618530273,11.609999656677246,61100.0
2009-03-05 00:00:00,7.9557647705078125,9.869999885559082,11.0600004196167,9.859999656677246,11.0600004196167,85000.0
2009-03-06 00:00:00,8.044425010681152,9.979999542236328,10.329999923706055,9.869999885559082,10.039999961853027,272700.0
2009-03-09 00:00:00,7.850975513458252,9.739999771118164,10.029999732971191,9.5,9.899999618530273,109900.0
2009-03-10 00:00:00,8.479701042175293,10.520000457763672,10.59000015258789,9.850000381469727,10.0,136500.0
2009-03-11 00:00:00,8.63284969329834,10.710000038146973,11.100000381469727,10.619999885559082,10.619999885559082,51400.0
2009-03-12 00:00:00,10.277201652526855,12.75,12.920000076293945,10.539999961853027,10.609999656677246,89900.0
2009-03-13 00:00:00,9.79356861114502,12.149999618530273,12.890000343322754,12.020000457763672,12.869999885559082,58900.0
2009-03-16 00:00:00,9.051996231079102,11.229999542236328,12.350000381469727,11.140000343322754,12.350000381469727,80000.0
2009-03-17 00:00:00,9.664602279663086,11.989999771118164,11.989999771118164,11.0,11.5,60600.0
2009-03-18 00:00:00,10.607685089111328,13.15999984741211,13.380000114440918,11.800000190734863,11.960000038146973,96300.0
2009-03-19 00:00:00,10.373929023742676,12.869999885559082,13.5,12.770000457763672,13.289999961853027,74800.0
2009-03-20 00:00:00,9.559813499450684,11.859999656677246,13.020000457763672,11.859999656677246,13.020000457763672,98600.0
2009-03-23 00:00:00,10.438411712646484,12.949999809265137,12.949999809265137,12.09000015258789,12.5600004196167,121800.0
2009-03-24 00:00:00,9.624297142028809,11.9399995803833,13.960000038146973,11.9399995803833,13.960000038146973,83300.0
2009-03-25 00:00:00,9.809690475463867,12.170000076293945,12.579999923706055,11.75,12.109999656677246,78800.0
2009-03-26 00:00:00,10.277201652526855,12.75,12.90999984741211,12.0,12.350000381469727,45900.0
2009-03-27 00:00:00,9.56787109375,11.869999885559082,12.739999771118164,11.859999656677246,12.680000305175781,45000.0
2009-03-30 00:00:00,9.06005859375,11.239999771118164,11.760000228881836,11.130000114440918,11.75,77500.0
2009-03-31 00:00:00,9.23738956451416,11.460000038146973,12.050000190734863,11.100000381469727,11.319999694824219,77300.0
2009-04-01 00:00:00,9.277691841125488,11.510000228881836,12.079999923706055,11.010000228881836,11.239999771118164,39000.0
2009-04-02 00:00:00,10.140170097351074,12.579999923706055,12.800000190734863,11.859999656677246,11.859999656677246,66200.0
2009-04-03 00:00:00,10.333622932434082,12.819999694824219,12.819999694824219,12.119999885559082,12.510000228881836,42900.0
2009-04-06 00:00:00,9.858051300048828,12.229999542236328,12.619999885559082,11.890000343322754,12.579999923706055,38000.0
2009-04-07 00:00:00,9.430843353271484,11.699999809265137,12.5600004196167,11.699999809265137,12.0600004196167,25000.0
2009-04-08 00:00:00,9.79356861114502,12.149999618530273,12.229999542236328,11.479999542236328,11.84000015258789,21600.0
2009-04-09 00:00:00,11.034893989562988,13.6899995803833,13.8100004196167,12.300000190734863,12.510000228881836,55000.0
2009-04-13 00:00:00,11.252527236938477,13.960000038146973,13.979999542236328,12.75,13.449999809265137,37200.0
2009-04-14 00:00:00,10.768895149230957,13.359999656677246,14.25,13.329999923706055,13.739999771118164,34200.0
2009-04-15 00:00:00,11.26865005493164,13.979999542236328,13.979999542236328,13.0600004196167,13.3100004196167,22600.0
2009-04-16 00:00:00,12.227859497070312,15.170000076293945,15.300000190734863,14.029999732971191,14.119999885559082,45800.0
2009-04-17 00:00:00,12.066644668579102,14.970000267028809,15.25,14.59000015258789,15.25,63900.0
2009-04-20 00:00:00,10.51901912689209,13.050000190734863,15.0,13.020000457763672,15.0,33900.0
2009-04-21 00:00:00,11.445979118347168,14.199999809265137,14.329999923706055,12.890000343322754,13.029999732971191,41000.0
2009-04-22 00:00:00,10.986530303955078,13.630000114440918,14.0,13.569999694824219,14.0,67200.0
2009-04-23 00:00:00,10.84950065612793,13.460000038146973,13.619999885559082,13.220000267028809,13.619999885559082,34700.0
2009-04-24 00:00:00,11.703920364379883,14.520000457763672,14.770000457763672,13.489999771118164,13.5,62900.0
2009-04-27 00:00:00,11.26865005493164,13.979999542236328,14.489999771118164,13.789999961853027,14.130000114440918,28700.0
2009-04-28 00:00:00,11.687798500061035,14.5,14.6899995803833,13.850000381469727,13.850000381469727,55300.0
2009-04-29 00:00:00,12.235915184020996,15.180000305175781,15.260000228881836,13.84000015258789,13.84000015258789,134700.0
2009-04-30 00:00:00,12.123065948486328,15.039999961853027,15.359999656677246,14.859999656677246,15.300000190734863,49500.0
2009-05-01 00:00:00,11.163863182067871,13.850000381469727,14.949999809265137,13.770000457763672,14.949999809265137,15200.0
2009-05-04 00:00:00,11.284771919250488,14.0,14.300000190734863,13.550000190734863,13.949999809265137,41100.0
2009-05-05 00:00:00,10.728592872619629,13.3100004196167,14.270000457763672,13.300000190734863,13.850000381469727,24000.0
2009-05-06 00:00:00,11.12355899810791,13.800000190734863,13.90999984741211,13.3100004196167,13.829999923706055,33400.0
2009-05-07 00:00:00,10.913984298706055,13.539999961853027,14.479999542236328,13.319999694824219,14.220000267028809,34600.0
2009-05-08 00:00:00,11.534647941589355,14.3100004196167,14.3100004196167,13.75,13.75,23400.0
2009-05-11 00:00:00,10.86562442779541,13.479999542236328,14.3100004196167,13.399999618530273,14.0,33700.0
2009-05-12 00:00:00,10.930106163024902,13.5600004196167,13.680000305175781,13.239999771118164,13.539999961853027,44800.0
2009-05-13 00:00:00,10.704410552978516,13.279999732971191,13.550000190734863,13.270000457763672,13.359999656677246,37000.0
2009-05-14 00:00:00,10.889801979064941,13.510000228881836,13.649999618530273,13.350000381469727,13.399999618530273,12900.0
2009-05-15 00:00:00,10.712471008300781,13.289999961853027,13.760000228881836,13.0600004196167,13.649999618530273,29300.0
2009-05-18 00:00:00,11.486286163330078,14.25,14.25,13.489999771118164,13.520000457763672,21500.0
2009-05-19 00:00:00,11.325074195861816,14.050000190734863,14.5,13.859999656677246,14.5,22000.0
2009-05-20 00:00:00,10.89786434173584,13.520000457763672,14.350000381469727,13.359999656677246,14.329999923706055,20500.0
2009-05-21 00:00:00,10.889801979064941,13.510000228881836,13.770000457763672,13.210000038146973,13.34000015258789,20500.0
2009-05-22 00:00:00,10.527079582214355,13.0600004196167,13.6899995803833,13.0600004196167,13.0600004196167,30900.0
2009-05-26 00:00:00,12.090826988220215,15.0,15.0,13.260000228881836,13.300000190734863,55200.0
2009-05-27 00:00:00,11.897372245788574,14.760000228881836,15.239999771118164,14.270000457763672,14.90999984741211,45600.0
2009-05-28 00:00:00,11.800647735595703,14.640000343322754,15.09000015258789,14.449999809265137,14.960000038146973,28600.0
2009-05-29 00:00:00,11.413739204406738,14.15999984741211,14.760000228881836,13.9399995803833,14.760000228881836,39600.0
2009-06-01 00:00:00,11.986040115356445,14.869999885559082,14.989999771118164,14.25,14.470000267028809,31800.0
2009-06-02 00:00:00,12.953303337097168,16.06999969482422,16.079999923706055,14.380000114440918,14.819999694824219,47500.0
2009-06-03 00:00:00,13.24348258972168,16.43000030517578,16.6299991607666,15.789999961853027,15.8100004196167,22900.0
2009-06-04 00:00:00,13.781706809997559,16.899999618530273,16.90999984741211,16.40999984741211,16.510000228881836,46600.0
2009-06-05 00:00:00,13.863250732421875,17.0,17.040000915527344,16.700000762939453,17.020000457763672,36200.0
2009-06-08 00:00:00,13.806173324584961,16.93000030517578,17.190000534057617,16.850000381469727,16.850000381469727,18900.0
2009-06-09 00:00:00,13.789861679077148,16.90999984741211,17.100000381469727,16.860000610351562,17.020000457763672,25700.0
2009-06-10 00:00:00,13.85509967803955,16.989999771118164,17.25,16.81999969482422,17.170000076293945,37300.0
2009-06-11 00:00:00,13.85509967803955,16.989999771118164,17.350000381469727,16.56999969482422,16.959999084472656,32000.0
2009-06-12 00:00:00,13.904026985168457,17.049999237060547,17.100000381469727,16.8799991607666,16.899999618530273,14200.0
2009-06-15 00:00:00,13.20271110534668,16.190000534057617,16.3700008392334,15.84000015258789,16.34000015258789,22900.0
2009-06-16 00:00:00,13.455512046813965,16.5,16.850000381469727,16.389999389648438,16.540000915527344,17000.0
2009-06-17 00:00:00,13.55336856842041,16.6200008392334,17.030000686645508,16.5,16.5,34400.0
2009-06-18 00:00:00,13.667535781860352,16.760000228881836,16.989999771118164,16.530000686645508,16.579999923706055,15800.0
2009-06-19 00:00:00,13.561527252197266,16.6299991607666,17.020000457763672,16.5,16.979999542236328,61400.0
2009-06-22 00:00:00,13.219021797180176,16.209999084472656,16.719999313354492,16.040000915527344,16.540000915527344,51400.0
2009-06-23 00:00:00,13.463666915893555,16.510000228881836,16.68000030517578,16.149999618530273,16.399999618530273,59500.0
2009-06-24 00:00:00,13.57783317565918,16.649999618530273,16.780000686645508,16.389999389648438,16.700000762939453,47300.0
2009-06-25 00:00:00,13.822478294372559,16.950000762939453,16.950000762939453,16.5,16.5,25100.0
2009-06-26 00:00:00,13.814324378967285,16.940000534057617,17.049999237060547,16.649999618530273,16.850000381469727,99100.0
2009-06-29 00:00:00,13.740931510925293,16.850000381469727,17.18000030517578,16.649999618530273,17.049999237060547,16000.0
2009-06-30 00:00:00,13.740931510925293,16.850000381469727,17.139999389648438,16.75,17.0,23500.0
2009-07-01 00:00:00,13.781706809997559,16.899999618530273,17.049999237060547,16.670000076293945,16.959999084472656,58100.0
2009-07-02 00:00:00,13.659380912780762,16.75,16.81999969482422,16.190000534057617,16.6200008392334,53900.0
2009-07-06 00:00:00,13.740931510925293,16.850000381469727,16.950000762939453,16.5,16.850000381469727,132300.0
2009-07-07 00:00:00,13.537060737609863,16.600000381469727,16.90999984741211,16.5,16.90999984741211,43100.0
2009-07-08 00:00:00,13.594139099121094,16.670000076293945,16.860000610351562,15.25,16.739999771118164,65900.0
2009-07-09 00:00:00,13.471816062927246,16.520000457763672,16.850000381469727,16.450000762939453,16.850000381469727,49000.0
2009-07-10 00:00:00,12.843896865844727,15.75,16.5,15.25,16.5,58400.0
2009-07-13 00:00:00,13.62675952911377,16.709999084472656,16.829999923706055,15.850000381469727,16.0,48200.0
2009-07-14 00:00:00,13.25163745880127,16.25,16.719999313354492,16.06999969482422,16.719999313354492,26600.0
2009-07-15 00:00:00,13.863250732421875,17.0,17.030000686645508,16.239999771118164,16.6200008392334,42500.0
2009-07-16 00:00:00,13.814324378967285,16.940000534057617,17.100000381469727,16.309999465942383,16.610000610351562,19700.0
2009-07-17 00:00:00,13.643071174621582,16.729999542236328,17.010000228881836,16.479999542236328,16.989999771118164,29300.0
2009-07-20 00:00:00,13.365805625915527,16.389999389648438,16.850000381469727,16.100000381469727,16.850000381469727,15200.0
2009-07-21 00:00:00,12.958063125610352,15.890000343322754,16.600000381469727,15.489999771118164,16.600000381469727,63500.0
2009-07-22 00:00:00,12.949911117553711,15.880000114440918,16.020000457763672,15.710000038146973,15.84000015258789,30200.0
2009-07-23 00:00:00,13.137471199035645,16.110000610351562,16.18000030517578,15.770000457763672,15.819999694824219,31700.0
2009-07-24 00:00:00,12.79496955871582,15.6899995803833,15.989999771118164,15.5,15.989999771118164,20000.0
2009-07-27 00:00:00,12.900981903076172,15.819999694824219,15.859999656677246,15.449999809265137,15.710000038146973,25100.0
2009-07-28 00:00:00,12.966218948364258,15.899999618530273,15.9399995803833,15.670000076293945,15.729999542236328,22300.0
2009-07-29 00:00:00,12.909133911132812,15.829999923706055,15.960000038146973,15.600000381469727,15.760000228881836,42500.0
2009-07-30 00:00:00,13.21086597442627,16.200000762939453,16.65999984741211,15.600000381469727,15.989999771118164,35400.0
2009-07-31 00:00:00,13.01515007019043,15.960000038146973,16.579999923706055,15.90999984741211,16.110000610351562,27200.0
2009-08-03 00:00:00,12.754193305969238,15.640000343322754,15.930000305175781,15.529999732971191,15.59000015258789,56100.0
2009-08-04 00:00:00,12.762349128723145,15.649999618530273,16.0,15.5,16.0,32800.0
2009-08-05 00:00:00,12.558477401733398,15.399999618530273,15.75,15.329999923706055,15.619999885559082,28800.0
2009-08-06 00:00:00,12.476927757263184,15.300000190734863,15.649999618530273,15.279999732971191,15.579999923706055,22100.0
2009-08-07 00:00:00,12.721572875976562,15.600000381469727,15.649999618530273,15.470000267028809,15.649999618530273,20100.0
2009-08-10 00:00:00,12.737883567810059,15.619999885559082,15.649999618530273,15.359999656677246,15.430000305175781,17300.0
2009-08-11 00:00:00,11.995792388916016,14.710000038146973,15.470000267028809,14.5,15.470000267028809,49300.0
2009-08-12 00:00:00,12.427996635437012,15.239999771118164,15.789999961853027,14.90999984741211,15.359999656677246,28300.0
2009-08-13 00:00:00,12.534011840820312,15.369999885559082,15.5,15.020000457763672,15.399999618530273,22600.0
2009-08-14 00:00:00,12.052878379821777,14.779999732971191,15.390000343322754,14.579999923706055,15.390000343322754,16700.0
2009-08-17 00:00:00,11.995792388916016,14.710000038146973,14.880000114440918,14.260000228881836,14.529999732971191,26500.0
2009-08-18 00:00:00,12.30567741394043,15.09000015258789,15.260000228881836,14.470000267028809,14.779999732971191,24400.0
2009-08-19 00:00:00,12.379069328308105,15.180000305175781,15.539999961853027,14.800000190734863,14.800000190734863,30700.0
2009-08-20 00:00:00,12.542166709899902,15.380000114440918,15.550000190734863,14.949999809265137,15.09000015258789,25900.0
2009-08-21 00:00:00,12.534011840820312,15.369999885559082,15.640000343322754,15.210000038146973,15.640000343322754,46700.0
2009-08-24 00:00:00,12.427996635437012,15.239999771118164,15.609999656677246,14.949999809265137,15.369999885559082,10700.0
2009-08-25 00:00:00,12.30567741394043,15.09000015258789,15.460000038146973,14.8100004196167,15.289999961853027,12300.0
2009-08-26 00:00:00,12.281210899353027,15.0600004196167,15.4399995803833,14.819999694824219,15.029999732971191,18000.0
2009-08-27 00:00:00,12.256749153137207,15.029999732971191,15.3100004196167,14.539999961853027,15.180000305175781,10600.0
2009-08-28 00:00:00,12.003946304321289,14.720000267028809,15.510000228881836,14.539999961853027,15.359999656677246,13000.0
2009-08-31 00:00:00,11.930550575256348,14.630000114440918,14.800000190734863,14.5,14.5600004196167,22600.0
2009-09-01 00:00:00,11.54727840423584,14.15999984741211,14.819999694824219,14.050000190734863,14.520000457763672,34400.0
2009-09-02 00:00:00,11.59620189666748,14.220000267028809,14.350000381469727,14.100000381469727,14.100000381469727,8100.0
2009-09-03 00:00:00,11.811100006103516,14.289999961853027,14.430000305175781,13.960000038146973,14.239999771118164,18200.0
2009-09-04 00:00:00,11.84416389465332,14.329999923706055,14.479999542236328,13.920000076293945,13.920000076293945,12900.0
2009-09-08 00:00:00,11.93508243560791,14.4399995803833,14.600000381469727,14.239999771118164,14.3100004196167,19200.0
2009-09-09 00:00:00,11.959880828857422,14.470000267028809,14.520000457763672,14.210000038146973,14.300000190734863,32700.0
2009-09-10 00:00:00,11.885485649108887,14.380000114440918,14.40999984741211,14.199999809265137,14.40999984741211,6700.0
2009-09-11 00:00:00,11.761510848999023,14.229999542236328,14.390000343322754,14.210000038146973,14.300000190734863,6000.0
2009-09-14 00:00:00,11.827630996704102,14.3100004196167,14.3100004196167,14.010000228881836,14.010000228881836,37000.0
2009-09-15 00:00:00,11.918551445007324,14.420000076293945,14.4399995803833,14.199999809265137,14.229999542236328,13200.0
2009-09-16 00:00:00,12.340079307556152,14.930000305175781,14.930000305175781,14.329999923706055,14.430000305175781,39300.0
2009-09-17 00:00:00,12.356608390808105,14.949999809265137,15.34000015258789,14.789999961853027,14.949999809265137,28300.0
2009-09-18 00:00:00,12.464056015014648,15.079999923706055,15.170000076293945,14.770000457763672,14.989999771118164,54700.0
2009-09-21 00:00:00,12.538447380065918,15.170000076293945,15.210000038146973,14.479999542236328,14.989999771118164,50700.0
2009-09-22 00:00:00,12.554976463317871,15.1899995803833,15.25,14.75,15.229999542236328,19000.0
2009-09-23 00:00:00,12.588037490844727,15.229999542236328,15.4399995803833,15.130000114440918,15.239999771118164,40100.0
2009-09-24 00:00:00,12.59630298614502,15.239999771118164,15.359999656677246,14.760000228881836,15.359999656677246,31200.0
2009-09-25 00:00:00,12.439262390136719,15.050000190734863,15.34000015258789,14.979999542236328,15.140000343322754,17600.0
2009-09-28 00:00:00,11.984670639038086,14.5,15.100000381469727,14.25,15.100000381469727,35900.0
2009-09-29 00:00:00,12.001202583312988,14.520000457763672,14.979999542236328,14.25,14.5600004196167,30800.0
2009-09-30 00:00:00,11.736711502075195,14.199999809265137,14.609999656677246,14.109999656677246,14.579999923706055,50500.0
2009-10-01 00:00:00,11.596203804016113,14.029999732971191,14.34000015258789,13.970000267028809,14.199999809265137,55900.0
2009-10-02 00:00:00,11.224264144897461,13.579999923706055,14.010000228881836,13.5600004196167,13.5600004196167,37100.0
2009-10-05 00:00:00,10.97630786895752,13.279999732971191,13.770000457763672,13.079999923706055,13.619999885559082,60200.0
2009-10-06 00:00:00,11.298653602600098,13.670000076293945,14.020000457763672,13.3100004196167,13.399999618530273,52500.0
2009-10-07 00:00:00,11.1581449508667,13.5,13.720000267028809,13.279999732971191,13.649999618530273,34100.0
2009-10-08 00:00:00,11.042431831359863,13.359999656677246,13.680000305175781,13.359999656677246,13.65999984741211,64400.0
2009-10-09 00:00:00,11.009368896484375,13.319999694824219,13.5,13.1899995803833,13.390000343322754,17300.0
2009-10-12 00:00:00,10.893651962280273,13.180000305175781,13.529999732971191,13.149999618530273,13.5,182800.0
2009-10-13 00:00:00,10.662226676940918,12.899999618530273,13.220000267028809,12.75,13.119999885559082,30200.0
2009-10-14 00:00:00,10.736614227294922,12.989999771118164,13.050000190734863,12.899999618530273,12.930000305175781,51300.0
2009-10-15 00:00:00,10.744877815246582,13.0,13.029999732971191,12.850000381469727,12.920000076293945,23300.0
2009-10-16 00:00:00,10.637432098388672,12.869999885559082,13.079999923706055,12.6899995803833,12.920000076293945,32000.0
2009-10-19 00:00:00,10.579572677612305,12.800000190734863,13.020000457763672,12.729999542236328,13.020000457763672,27100.0
2009-10-20 00:00:00,10.017532348632812,12.119999885559082,12.539999961853027,12.119999885559082,12.510000228881836,94000.0
2009-10-21 00:00:00,9.959674835205078,12.050000190734863,13.130000114440918,11.930000305175781,12.59000015258789,50000.0
2009-10-22 00:00:00,9.695186614990234,11.729999542236328,12.220000267028809,11.510000228881836,12.100000381469727,73000.0
2009-10-23 00:00:00,9.554677963256836,11.5600004196167,11.819999694824219,11.5,11.720000267028809,42000.0
2009-10-26 00:00:00,9.645594596862793,11.670000076293945,12.0,11.5600004196167,11.75,71100.0
2009-10-27 00:00:00,10.265488624572754,12.420000076293945,12.869999885559082,11.6899995803833,11.6899995803833,50800.0
2009-10-28 00:00:00,10.10018539428711,12.220000267028809,12.779999732971191,12.1899995803833,12.399999618530273,32400.0
2009-10-29 00:00:00,10.042330741882324,12.149999618530273,12.520000457763672,12.029999732971191,12.329999923706055,20400.0
2009-10-30 00:00:00,9.703448295593262,11.739999771118164,12.529999732971191,11.609999656677246,12.029999732971191,36000.0
2009-11-02 00:00:00,9.546411514282227,11.550000190734863,11.770000457763672,11.319999694824219,11.770000457763672,30200.0
2009-11-03 00:00:00,9.438963890075684,11.420000076293945,11.489999771118164,11.300000190734863,11.479999542236328,17200.0
2009-11-04 00:00:00,9.149675369262695,11.069999694824219,11.59000015258789,11.0,11.460000038146973,29600.0
2009-11-05 00:00:00,9.670392036437988,11.699999809265137,11.819999694824219,11.0600004196167,11.210000038146973,25400.0
2009-11-06 00:00:00,9.868754386901855,11.9399995803833,12.0,11.470000267028809,11.600000381469727,22700.0
2009-11-09 00:00:00,10.240694999694824,12.390000343322754,12.420000076293945,12.100000381469727,12.100000381469727,31900.0
2009-11-10 00:00:00,9.629066467285156,11.649999618530273,12.34000015258789,11.520000457763672,12.300000190734863,28900.0
2009-11-11 00:00:00,9.761307716369629,11.8100004196167,12.329999923706055,11.699999809265137,11.8100004196167,14400.0
2009-11-12 00:00:00,9.695186614990234,11.729999542236328,11.850000381469727,11.630000114440918,11.630000114440918,41000.0
2009-11-13 00:00:00,9.918347358703613,12.0,12.220000267028809,11.739999771118164,11.739999771118164,27700.0
2009-11-16 00:00:00,10.59610366821289,12.819999694824219,12.9399995803833,12.029999732971191,12.149999618530273,43800.0
2009-11-17 00:00:00,10.182838439941406,12.319999694824219,13.0,12.319999694824219,12.789999961853027,39500.0
2009-11-18 00:00:00,9.943147659301758,12.029999732971191,12.899999618530273,11.75,12.359999656677246,23000.0
2009-11-19 00:00:00,9.711715698242188,11.75,12.020000457763672,11.710000038146973,11.979999542236328,30300.0
2009-11-20 00:00:00,9.8935546875,11.970000267028809,12.600000381469727,11.619999885559082,11.6899995803833,27200.0
2009-11-23 00:00:00,10.091917991638184,12.210000038146973,12.770000457763672,12.079999923706055,12.130000114440918,19300.0
2009-11-24 00:00:00,10.067127227783203,12.180000305175781,12.34000015258789,11.970000267028809,12.100000381469727,26800.0
2009-11-25 00:00:00,9.91008472442627,11.989999771118164,12.270000457763672,11.949999809265137,12.210000038146973,11700.0
2009-11-27 00:00:00,9.711715698242188,11.75,11.850000381469727,11.510000228881836,11.510000228881836,15800.0
2009-11-30 00:00:00,10.141511917114258,12.270000457763672,12.279999732971191,11.710000038146973,11.720000267028809,47100.0
2009-12-01 00:00:00,10.067127227783203,12.180000305175781,12.329999923706055,11.970000267028809,12.329999923706055,18300.0
2009-12-02 00:00:00,10.166309356689453,12.300000190734863,12.329999923706055,12.15999984741211,12.15999984741211,23400.0
2009-12-03 00:00:00,9.889273643493652,11.779999732971191,12.289999961853027,11.739999771118164,12.289999961853027,29200.0
2009-12-04 00:00:00,10.317418098449707,12.289999961853027,12.289999961853027,11.789999961853027,12.069999694824219,29400.0
2009-12-07 00:00:00,10.535687446594238,12.550000190734863,12.890000343322754,11.960000038146973,12.25,41000.0
2009-12-08 00:00:00,10.54408073425293,12.5600004196167,12.84000015258789,12.210000038146973,12.449999809265137,21500.0
2009-12-09 00:00:00,11.081358909606934,13.199999809265137,13.369999885559082,12.430000305175781,12.569999694824219,35800.0
2009-12-10 00:00:00,11.467531204223633,13.65999984741211,13.789999961853027,13.289999961853027,13.289999961853027,47300.0
2009-12-11 00:00:00,11.58505916595459,13.800000190734863,13.890000343322754,13.649999618530273,13.699999809265137,25300.0
2009-12-14 00:00:00,11.752958297729492,14.0,14.020000457763672,13.779999732971191,13.9399995803833,21600.0
2009-12-15 00:00:00,11.23246955871582,13.380000114440918,14.039999961853027,13.380000114440918,14.0,34900.0
2009-12-16 00:00:00,10.921854972839355,13.010000228881836,13.699999809265137,12.90999984741211,13.550000190734863,45500.0
2009-12-17 00:00:00,10.46013069152832,12.460000038146973,13.260000228881836,12.380000114440918,12.949999809265137,31400.0
2009-12-18 00:00:00,11.198891639709473,13.34000015258789,13.489999771118164,12.239999771118164,12.59000015258789,94300.0
2009-12-21 00:00:00,11.366790771484375,13.539999961853027,14.079999923706055,13.34000015258789,13.420000076293945,26900.0
2009-12-22 00:00:00,11.551478385925293,13.760000228881836,13.960000038146973,13.529999732971191,13.539999961853027,40700.0
2009-12-23 00:00:00,11.63542652130127,13.859999656677246,13.989999771118164,13.75,13.850000381469727,15900.0
2009-12-24 00:00:00,11.341605186462402,13.510000228881836,13.65999984741211,13.479999542236328,13.520000457763672,1500.0
2009-12-28 00:00:00,11.643823623657227,13.869999885559082,13.989999771118164,13.359999656677246,13.609999656677246,17500.0
2009-12-29 00:00:00,11.240862846374512,13.390000343322754,13.9399995803833,13.3100004196167,13.9399995803833,34900.0
2009-12-30 00:00:00,11.543083190917969,13.75,13.960000038146973,13.0,13.350000381469727,53000.0
2009-12-31 00:00:00,11.618637084960938,13.84000015258789,14.229999542236328,13.739999771118164,13.75,34500.0
2010-01-04 00:00:00,11.677404403686523,13.90999984741211,14.149999618530273,13.529999732971191,14.09000015258789,31900.0
2010-01-05 00:00:00,11.114937782287598,13.239999771118164,13.90999984741211,13.239999771118164,13.90999984741211,20800.0
2010-01-06 00:00:00,10.963828086853027,13.0600004196167,13.359999656677246,13.010000228881836,13.260000228881836,38000.0
2010-01-07 00:00:00,11.005803108215332,13.109999656677246,13.380000114440918,12.710000038146973,13.0,40000.0
2010-01-08 00:00:00,10.586054801940918,12.609999656677246,13.109999656677246,12.529999732971191,13.029999732971191,32100.0
2010-01-11 00:00:00,10.384577751159668,12.369999885559082,12.65999984741211,12.25,12.65999984741211,16100.0
2010-01-12 00:00:00,10.392970085144043,12.380000114440918,12.699999809265137,12.279999732971191,12.279999732971191,12900.0
2010-01-13 00:00:00,10.258651733398438,12.220000267028809,13.0,12.210000038146973,13.0,25900.0
2010-01-14 00:00:00,10.409762382507324,12.399999618530273,12.579999923706055,12.220000267028809,12.220000267028809,8800.0
2010-01-15 00:00:00,10.325812339782715,12.300000190734863,12.770000457763672,12.220000267028809,12.460000038146973,31600.0
2010-01-19 00:00:00,10.703584671020508,12.75,12.760000228881836,12.300000190734863,12.300000190734863,15300.0
2010-01-20 00:00:00,10.443341255187988,12.4399995803833,13.539999961853027,12.3100004196167,12.59000015258789,21000.0
2010-01-21 00:00:00,10.132725715637207,12.069999694824219,12.5,12.010000228881836,12.5,39800.0
2010-01-22 00:00:00,9.973220825195312,11.880000114440918,13.289999961853027,11.8100004196167,12.050000190734863,24300.0
2010-01-25 00:00:00,10.090753555297852,12.020000457763672,12.720000267028809,11.930000305175781,12.050000190734863,23300.0
2010-01-26 00:00:00,10.36778736114502,12.350000381469727,12.739999771118164,11.970000267028809,12.020000457763672,49300.0
2010-01-27 00:00:00,10.9722261428833,13.069999694824219,13.199999809265137,12.229999542236328,12.229999542236328,26500.0
2010-01-28 00:00:00,10.4937105178833,12.5,13.100000381469727,12.5,13.100000381469727,37700.0
2010-01-29 00:00:00,10.057173728942871,11.979999542236328,12.65999984741211,11.920000076293945,12.520000457763672,58100.0
2010-02-01 00:00:00,10.040383338928223,11.960000038146973,12.329999923706055,11.899999618530273,12.050000190734863,30800.0
2010-02-02 00:00:00,9.880878448486328,11.770000457763672,12.149999618530273,11.770000457763672,11.949999809265137,41500.0
2010-02-03 00:00:00,9.8305082321167,11.710000038146973,11.949999809265137,11.609999656677246,11.760000228881836,59900.0
2010-02-04 00:00:00,9.780139923095703,11.649999618530273,11.770000457763672,11.569999694824219,11.600000381469727,36500.0
2010-02-05 00:00:00,10.031989097595215,11.949999809265137,11.970000267028809,11.6899995803833,11.720000267028809,16600.0
2010-02-08 00:00:00,9.906063079833984,11.800000190734863,11.9399995803833,11.739999771118164,11.9399995803833,34900.0
2010-02-09 00:00:00,10.031989097595215,11.949999809265137,12.020000457763672,11.800000190734863,12.020000457763672,8700.0
2010-02-10 00:00:00,9.906063079833984,11.800000190734863,11.9399995803833,11.760000228881836,11.890000343322754,31200.0
2010-02-11 00:00:00,10.124330520629883,12.0600004196167,12.0600004196167,11.720000267028809,11.8100004196167,18000.0
2010-02-12 00:00:00,10.29223346710205,12.260000228881836,12.260000228881836,11.880000114440918,11.880000114440918,19800.0
2010-02-16 00:00:00,10.376182556152344,12.359999656677246,12.359999656677246,12.119999885559082,12.359999656677246,9500.0
2010-02-17 00:00:00,10.552474021911621,12.569999694824219,12.640000343322754,12.359999656677246,12.449999809265137,17900.0
2010-02-18 00:00:00,10.745559692382812,12.800000190734863,12.800000190734863,12.520000457763672,12.520000457763672,10900.0
2010-02-19 00:00:00,10.569265365600586,12.59000015258789,12.75,12.529999732971191,12.75,23400.0
2010-02-22 00:00:00,10.577661514282227,12.600000381469727,12.680000305175781,12.470000267028809,12.680000305175781,5900.0
2010-02-23 00:00:00,10.443341255187988,12.4399995803833,12.5,12.270000457763672,12.390000343322754,15600.0
2010-02-24 00:00:00,10.871487617492676,12.949999809265137,12.989999771118164,12.430000305175781,12.430000305175781,21000.0
2010-02-25 00:00:00,10.963828086853027,13.0600004196167,13.0600004196167,12.710000038146973,12.710000038146973,23500.0
2010-02-26 00:00:00,10.812719345092773,12.880000114440918,13.140000343322754,12.8100004196167,13.010000228881836,18700.0
2010-03-01 00:00:00,11.064566612243652,13.180000305175781,13.199999809265137,12.979999542236328,13.069999694824219,16500.0
2010-03-02 00:00:00,11.190494537353516,13.329999923706055,13.329999923706055,13.100000381469727,13.25,16200.0
2010-03-03 00:00:00,11.215681076049805,13.359999656677246,13.420000076293945,13.220000267028809,13.399999618530273,25400.0
2010-03-04 00:00:00,11.351938247680664,13.329999923706055,13.359999656677246,13.170000076293945,13.359999656677246,10500.0
2010-03-05 00:00:00,11.726646423339844,13.770000457763672,13.779999732971191,13.180000305175781,13.380000114440918,25700.0
2010-03-08 00:00:00,11.726646423339844,13.770000457763672,13.850000381469727,13.430000305175781,13.8100004196167,15800.0
2010-03-09 00:00:00,11.522255897521973,13.529999732971191,13.59000015258789,13.09000015258789,13.59000015258789,14000.0
2010-03-10 00:00:00,11.428582191467285,13.420000076293945,13.600000381469727,13.1899995803833,13.489999771118164,18700.0
2010-03-11 00:00:00,11.29232406616211,13.260000228881836,13.420000076293945,13.130000114440918,13.3100004196167,27900.0
2010-03-12 00:00:00,11.03684139251709,12.960000038146973,13.319999694824219,12.859999656677246,13.260000228881836,24300.0
2010-03-15 00:00:00,11.130518913269043,13.069999694824219,13.079999923706055,12.970000267028809,12.970000267028809,15900.0
2010-03-16 00:00:00,11.39451789855957,13.380000114440918,13.380000114440918,13.140000343322754,13.170000076293945,7000.0
2010-03-17 00:00:00,11.820317268371582,13.880000114440918,14.270000457763672,13.399999618530273,13.399999618530273,35500.0
2010-03-18 00:00:00,11.760708808898926,13.8100004196167,14.0,13.760000228881836,13.850000381469727,11100.0
2010-03-19 00:00:00,11.922516822814941,14.0,14.050000190734863,13.579999923706055,13.920000076293945,88700.0
2010-03-22 00:00:00,12.00767707824707,14.100000381469727,14.119999885559082,13.699999809265137,13.930000305175781,30800.0
2010-03-23 00:00:00,12.356833457946777,14.510000228881836,14.609999656677246,14.079999923706055,14.130000114440918,42400.0
2010-03-24 00:00:00,12.14393138885498,14.260000228881836,14.5,14.220000267028809,14.5,26100.0
2010-03-25 00:00:00,11.9310302734375,14.010000228881836,14.489999771118164,13.9399995803833,14.289999961853027,17700.0
2010-03-26 00:00:00,11.939545631408691,14.020000457763672,14.079999923706055,13.729999542236328,14.079999923706055,14700.0
2010-03-29 00:00:00,12.152448654174805,14.270000457763672,14.270000457763672,14.0,14.0,14700.0
2010-03-30 00:00:00,12.246123313903809,14.380000114440918,14.420000076293945,14.270000457763672,14.3100004196167,14000.0
2010-03-31 00:00:00,12.135415077209473,14.25,14.539999961853027,14.239999771118164,14.239999771118164,24200.0
2010-04-01 00:00:00,11.650001525878906,13.680000305175781,14.430000305175781,13.600000381469727,14.350000381469727,20500.0
2010-04-05 00:00:00,12.476058006286621,14.649999618530273,14.649999618530273,13.789999961853027,13.789999961853027,10400.0
2010-04-06 00:00:00,12.450510025024414,14.619999885559082,14.640000343322754,14.380000114440918,14.510000228881836,53000.0
2010-04-07 00:00:00,12.586770057678223,14.779999732971191,14.779999732971191,14.34000015258789,14.34000015258789,24000.0
2010-04-08 00:00:00,12.816699028015137,15.050000190734863,15.279999732971191,14.680000305175781,14.680000305175781,22600.0
2010-04-09 00:00:00,12.799670219421387,15.029999732971191,15.069999694824219,14.949999809265137,15.0,11500.0
2010-04-12 00:00:00,12.969990730285645,15.229999542236328,15.40999984741211,15.130000114440918,15.279999732971191,13400.0
2010-04-13 00:00:00,13.438376426696777,15.779999732971191,15.869999885559082,15.119999885559082,15.180000305175781,27500.0
2010-04-14 00:00:00,13.77050495147705,16.170000076293945,16.209999084472656,15.829999923706055,16.0,29300.0
2010-04-15 00:00:00,14.238885879516602,16.719999313354492,16.90999984741211,16.149999618530273,16.149999618530273,38400.0
2010-04-16 00:00:00,14.247406959533691,16.729999542236328,16.920000076293945,16.25,16.709999084472656,51800.0
2010-04-19 00:00:00,14.341080665588379,16.84000015258789,17.049999237060547,16.360000610351562,16.600000381469727,126400.0
2010-04-20 00:00:00,14.341080665588379,16.84000015258789,16.989999771118164,16.43000030517578,16.81999969482422,66600.0
2010-04-21 00:00:00,14.187792778015137,16.65999984741211,16.829999923706055,16.510000228881836,16.700000762939453,37700.0
2010-04-22 00:00:00,14.255921363830566,16.739999771118164,16.969999313354492,16.170000076293945,16.43000030517578,29400.0
2010-04-23 00:00:00,14.835018157958984,17.420000076293945,17.690000534057617,16.68000030517578,16.700000762939453,54800.0
2010-04-26 00:00:00,14.60507869720459,17.149999618530273,17.399999618530273,16.93000030517578,17.350000381469727,55700.0
2010-04-27 00:00:00,14.383661270141602,16.889999389648438,17.1299991607666,16.770000457763672,17.0,17500.0
2010-04-28 00:00:00,14.477337837219238,17.0,17.350000381469727,16.799999237060547,16.940000534057617,11200.0
2010-04-29 00:00:00,15.294878005981445,17.959999084472656,17.979999542236328,17.190000534057617,17.25,37800.0
2010-04-30 00:00:00,14.979785919189453,17.59000015258789,18.0,17.5,17.959999084472656,32800.0
2010-05-03 00:00:00,15.54184627532959,18.25,18.25,17.440000534057617,17.6299991607666,60600.0
2010-05-04 00:00:00,15.260815620422363,17.920000076293945,18.18000030517578,17.75,17.969999313354492,34000.0
2010-05-05 00:00:00,14.869074821472168,17.459999084472656,18.020000457763672,17.43000030517578,17.8799991607666,19100.0
2010-05-06 00:00:00,13.710890769958496,16.100000381469727,17.389999389648438,15.359999656677246,17.389999389648438,25600.0
2010-05-07 00:00:00,12.816699028015137,15.050000190734863,16.100000381469727,15.010000228881836,16.100000381469727,32500.0
2010-05-10 00:00:00,13.676828384399414,16.059999465942383,16.280000686645508,15.40999984741211,16.18000030517578,37500.0
2010-05-11 00:00:00,13.719408988952637,16.110000610351562,16.170000076293945,15.8100004196167,15.8100004196167,15000.0
2010-05-12 00:00:00,14.255921363830566,16.739999771118164,16.829999923706055,15.84000015258789,15.859999656677246,32500.0
2010-05-13 00:00:00,13.676828384399414,16.059999465942383,16.5,15.979999542236328,16.5,15900.0
2010-05-14 00:00:00,13.404312133789062,15.739999771118164,15.970000267028809,15.619999885559082,15.970000267028809,11700.0
2010-05-17 00:00:00,13.549083709716797,15.90999984741211,16.100000381469727,15.600000381469727,15.90999984741211,30900.0
2010-05-18 00:00:00,13.48095703125,15.829999923706055,16.200000762939453,15.729999542236328,16.200000762939453,15300.0
2010-05-19 00:00:00,13.472440719604492,15.819999694824219,15.949999809265137,15.510000228881836,15.800000190734863,19800.0
2010-05-20 00:00:00,12.68896198272705,14.899999618530273,15.550000190734863,14.760000228881836,15.300000190734863,37100.0
2010-05-21 00:00:00,12.884832382202148,15.130000114440918,15.489999771118164,14.510000228881836,14.510000228881836,38900.0
2010-05-24 00:00:00,12.808183670043945,15.039999961853027,15.949999809265137,15.039999961853027,15.119999885559082,19300.0
2010-05-25 00:00:00,12.73154067993164,14.949999809265137,15.34000015258789,14.630000114440918,14.630000114440918,62700.0
2010-05-26 00:00:00,12.74857234954834,14.970000267028809,15.489999771118164,14.970000267028809,15.039999961853027,46700.0
2010-05-27 00:00:00,13.097734451293945,15.380000114440918,15.460000038146973,14.989999771118164,15.319999694824219,25400.0
2010-05-28 00:00:00,12.782641410827637,15.010000228881836,15.229999542236328,14.880000114440918,15.229999542236328,59900.0
2010-06-01 00:00:00,12.203544616699219,14.329999923706055,14.949999809265137,14.329999923706055,14.880000114440918,55200.0
2010-06-02 00:00:00,12.51863956451416,14.699999809265137,14.720000267028809,14.0600004196167,14.34000015258789,40400.0
2010-06-03 00:00:00,12.587235450744629,14.680000305175781,14.84000015258789,14.40999984741211,14.539999961853027,33300.0
2010-06-04 00:00:00,11.481136322021484,13.390000343322754,14.15999984741211,13.380000114440918,14.15999984741211,115600.0
2010-06-07 00:00:00,11.686921119689941,13.630000114440918,13.920000076293945,13.5,13.5,58700.0
2010-06-08 00:00:00,11.635475158691406,13.569999694824219,13.729999542236328,13.15999984741211,13.729999542236328,48900.0
2010-06-09 00:00:00,11.395391464233398,13.289999961853027,13.729999542236328,13.170000076293945,13.729999542236328,52500.0
2010-06-10 00:00:00,11.764091491699219,13.720000267028809,13.75,13.279999732971191,13.470000267028809,22100.0
2010-06-11 00:00:00,11.729796409606934,13.680000305175781,13.770000457763672,13.25,13.420000076293945,42000.0
2010-06-14 00:00:00,11.618327140808105,13.550000190734863,14.050000190734863,13.359999656677246,13.859999656677246,38200.0
2010-06-15 00:00:00,11.875558853149414,13.850000381469727,13.90999984741211,13.569999694824219,13.609999656677246,54900.0
2010-06-16 00:00:00,11.815536499023438,13.779999732971191,14.079999923706055,13.6899995803833,13.6899995803833,17100.0
2010-06-17 00:00:00,11.772665977478027,13.729999542236328,14.010000228881836,13.680000305175781,13.800000190734863,11000.0
2010-06-18 00:00:00,11.944153785705566,13.930000305175781,13.960000038146973,13.699999809265137,13.84000015258789,62300.0
2010-06-21 00:00:00,11.79839038848877,13.760000228881836,14.069999694824219,13.649999618530273,14.010000228881836,30400.0
2010-06-22 00:00:00,11.361090660095215,13.25,13.899999618530273,13.25,13.850000381469727,25500.0
2010-06-23 00:00:00,11.515433311462402,13.430000305175781,13.510000228881836,13.15999984741211,13.1899995803833,16500.0
2010-06-24 00:00:00,10.932373046875,12.75,13.319999694824219,12.739999771118164,13.319999694824219,63700.0
2010-06-25 00:00:00,11.19818115234375,13.0600004196167,13.0600004196167,12.5600004196167,12.770000457763672,198500.0
2010-06-28 00:00:00,11.189607620239258,13.050000190734863,13.119999885559082,12.850000381469727,13.0,5700.0
2010-06-29 00:00:00,10.692288398742676,12.470000267028809,12.829999923706055,12.40999984741211,12.789999961853027,36100.0
2010-06-30 00:00:00,10.615119934082031,12.380000114440918,12.739999771118164,12.359999656677246,12.470000267028809,23000.0
2010-07-01 00:00:00,10.623692512512207,12.390000343322754,12.489999771118164,12.079999923706055,12.359999656677246,17400.0
2010-07-02 00:00:00,10.426483154296875,12.15999984741211,12.520000457763672,12.149999618530273,12.520000457763672,11100.0
2010-07-06 00:00:00,10.4522066116333,12.1899995803833,12.430000305175781,12.100000381469727,12.430000305175781,23400.0
2010-07-07 00:00:00,10.692288398742676,12.470000267028809,12.649999618530273,12.149999618530273,12.149999618530273,28900.0
2010-07-08 00:00:00,10.863776206970215,12.670000076293945,12.670000076293945,12.430000305175781,12.59000015258789,15000.0
2010-07-09 00:00:00,11.17245864868164,13.029999732971191,13.09000015258789,12.609999656677246,12.609999656677246,17500.0
2010-07-12 00:00:00,11.026691436767578,12.859999656677246,13.229999542236328,12.850000381469727,13.020000457763672,13300.0
2010-07-13 00:00:00,12.089920997619629,14.100000381469727,14.170000076293945,13.109999656677246,13.109999656677246,36500.0
2010-07-14 00:00:00,11.498286247253418,13.40999984741211,13.800000190734863,13.279999732971191,13.649999618530273,34000.0
2010-07-15 00:00:00,11.249624252319336,13.119999885559082,13.470000267028809,12.979999542236328,13.460000038146973,16500.0
2010-07-16 00:00:00,10.795181274414062,12.59000015258789,12.979999542236328,12.550000190734863,12.960000038146973,49800.0
2010-07-19 00:00:00,10.640843391418457,12.40999984741211,12.670000076293945,12.25,12.670000076293945,8800.0
2010-07-20 00:00:00,10.503653526306152,12.25,12.430000305175781,12.210000038146973,12.40999984741211,45100.0
2010-07-21 00:00:00,10.29786491394043,12.010000228881836,12.720000267028809,12.010000228881836,12.380000114440918,40300.0
2010-07-22 00:00:00,10.589399337768555,12.350000381469727,12.520000457763672,12.199999809265137,12.210000038146973,37200.0
2010-07-23 00:00:00,10.88949966430664,12.699999809265137,12.75,12.239999771118164,12.239999771118164,103200.0
2010-07-26 00:00:00,11.14673137664795,13.0,13.050000190734863,12.800000190734863,12.84000015258789,41800.0
2010-07-27 00:00:00,11.421114921569824,13.319999694824219,13.489999771118164,13.140000343322754,13.140000343322754,24200.0
2010-07-28 00:00:00,11.326796531677246,13.210000038146973,13.420000076293945,13.1899995803833,13.260000228881836,16900.0
2010-07-29 00:00:00,11.446840286254883,13.350000381469727,13.460000038146973,13.010000228881836,13.369999885559082,9500.0
2010-07-30 00:00:00,11.858409881591797,13.829999923706055,14.25,13.109999656677246,13.109999656677246,99800.0
2010-08-02 00:00:00,11.815536499023438,13.779999732971191,14.09000015258789,13.59000015258789,14.0600004196167,23200.0
2010-08-03 00:00:00,11.686921119689941,13.630000114440918,13.859999656677246,13.619999885559082,13.789999961853027,14500.0
2010-08-04 00:00:00,11.575453758239746,13.5,13.710000038146973,13.40999984741211,13.680000305175781,12700.0
2010-08-05 00:00:00,11.17245864868164,13.029999732971191,13.369999885559082,13.020000457763672,13.359999656677246,16300.0
2010-08-06 00:00:00,10.915225982666016,12.729999542236328,13.010000228881836,12.390000343322754,13.010000228881836,13000.0
2010-08-09 00:00:00,11.095287322998047,12.9399995803833,13.069999694824219,12.4399995803833,12.859999656677246,25000.0
2010-08-10 00:00:00,10.580821990966797,12.34000015258789,12.90999984741211,12.34000015258789,12.75,51800.0
2010-08-11 00:00:00,9.954891204833984,11.609999656677246,12.319999694824219,11.569999694824219,12.100000381469727,60500.0
2010-08-12 00:00:00,9.869148254394531,11.510000228881836,11.739999771118164,11.479999542236328,11.539999961853027,38200.0
2010-08-13 00:00:00,9.620489120483398,11.220000267028809,11.619999885559082,11.170000076293945,11.430000305175781,34100.0
2010-08-16 00:00:00,9.89487075805664,11.539999961853027,11.670000076293945,11.140000343322754,11.140000343322754,17700.0
2010-08-17 00:00:00,10.066356658935547,11.739999771118164,12.050000190734863,11.6899995803833,11.710000038146973,26100.0
2010-08-18 00:00:00,9.997760772705078,11.65999984741211,11.869999885559082,11.59000015258789,11.670000076293945,11400.0
2010-08-19 00:00:00,9.440427780151367,11.010000228881836,11.59000015258789,11.010000228881836,11.59000015258789,88300.0
2010-08-20 00:00:00,9.577617645263672,11.170000076293945,11.239999771118164,10.859999656677246,11.0,29900.0
2010-08-23 00:00:00,9.234640121459961,10.770000457763672,11.260000228881836,10.770000457763672,11.220000267028809,18600.0
2010-08-24 00:00:00,9.346107482910156,10.899999618530273,11.149999618530273,10.800000190734863,10.800000190734863,49000.0
2010-08-25 00:00:00,9.603340148925781,11.199999809265137,11.239999771118164,10.760000228881836,10.789999961853027,19000.0
2010-08-26 00:00:00,9.363255500793457,10.920000076293945,11.210000038146973,10.8100004196167,11.210000038146973,18900.0
2010-08-27 00:00:00,9.800551414489746,11.430000305175781,11.479999542236328,10.899999618530273,11.029999732971191,30400.0
2010-08-30 00:00:00,9.354682922363281,10.90999984741211,11.350000381469727,10.899999618530273,11.350000381469727,34600.0
2010-08-31 00:00:00,9.38040542602539,10.9399995803833,11.0600004196167,10.90999984741211,10.90999984741211,35600.0
2010-09-01 00:00:00,9.774833679199219,11.399999618530273,11.5,11.109999656677246,11.170000076293945,35300.0
2010-09-02 00:00:00,9.89487075805664,11.539999961853027,11.569999694824219,11.180000305175781,11.34000015258789,36700.0
2010-09-03 00:00:00,10.177823066711426,11.869999885559082,11.899999618530273,11.359999656677246,11.65999984741211,19400.0
2010-09-07 00:00:00,9.577617645263672,11.170000076293945,11.84000015258789,11.130000114440918,11.84000015258789,14400.0
2010-09-08 00:00:00,9.714805603027344,11.329999923706055,11.569999694824219,11.199999809265137,11.239999771118164,7500.0
2010-09-09 00:00:00,9.853219985961914,11.390000343322754,11.489999771118164,11.170000076293945,11.460000038146973,12600.0
2010-09-10 00:00:00,9.853219985961914,11.390000343322754,11.649999618530273,11.3100004196167,11.449999809265137,26300.0
2010-09-13 00:00:00,10.380916595458984,12.0,12.130000114440918,11.520000457763672,11.539999961853027,24800.0
2010-09-14 00:00:00,10.173298835754395,11.760000228881836,12.0,11.59000015258789,12.0,12400.0
2010-09-15 00:00:00,10.458772659301758,12.09000015258789,12.149999618530273,11.739999771118164,11.739999771118164,15500.0
2010-09-16 00:00:00,10.277106285095215,11.880000114440918,12.029999732971191,11.65999984741211,12.029999732971191,17700.0
2010-09-17 00:00:00,10.285758972167969,11.890000343322754,12.0600004196167,11.6899995803833,12.0600004196167,33500.0
2010-09-20 00:00:00,10.675044059753418,12.34000015258789,12.40999984741211,11.640000343322754,11.890000343322754,32700.0
2010-09-21 00:00:00,10.225202560424805,11.819999694824219,12.3100004196167,11.779999732971191,12.289999961853027,15300.0
2010-09-22 00:00:00,10.424168586730957,12.050000190734863,12.470000267028809,11.739999771118164,11.779999732971191,16000.0
2010-09-23 00:00:00,10.043535232543945,11.609999656677246,12.050000190734863,11.59000015258789,11.949999809265137,12000.0
2010-09-24 00:00:00,10.441472053527832,12.069999694824219,12.140000343322754,11.779999732971191,11.779999732971191,26800.0
2010-09-27 00:00:00,10.467423439025879,12.100000381469727,12.229999542236328,11.859999656677246,12.109999656677246,31300.0
2010-09-28 00:00:00,10.57988452911377,12.229999542236328,12.350000381469727,11.949999809265137,12.119999885559082,16300.0
2010-09-29 00:00:00,10.605836868286133,12.260000228881836,12.489999771118164,11.710000038146973,12.149999618530273,19200.0
2010-09-30 00:00:00,10.50202751159668,12.140000343322754,12.470000267028809,12.0600004196167,12.329999923706055,26600.0
2010-10-01 00:00:00,10.597186088562012,12.25,12.319999694824219,11.84000015258789,12.289999961853027,17300.0
2010-10-04 00:00:00,10.207901954650879,11.800000190734863,12.270000457763672,11.75,12.25,19900.0
2010-10-05 00:00:00,10.683692932128906,12.350000381469727,12.369999885559082,11.899999618530273,11.989999771118164,28700.0
2010-10-06 00:00:00,10.605836868286133,12.260000228881836,12.420000076293945,12.170000076293945,12.420000076293945,22900.0
2010-10-07 00:00:00,10.441472053527832,12.069999694824219,12.390000343322754,11.970000267028809,12.390000343322754,8600.0
2010-10-08 00:00:00,10.614486694335938,12.270000457763672,12.40999984741211,11.949999809265137,11.970000267028809,23600.0
2010-10-11 00:00:00,10.484723091125488,12.119999885559082,12.210000038146973,12.0,12.039999961853027,3300.0
2010-10-12 00:00:00,10.553929328918457,12.199999809265137,12.210000038146973,12.029999732971191,12.039999961853027,3200.0
2010-10-13 00:00:00,10.744248390197754,12.420000076293945,12.5,12.100000381469727,12.239999771118164,29700.0
2010-10-14 00:00:00,10.666388511657715,12.329999923706055,12.579999923706055,12.029999732971191,12.4399995803833,12100.0
2010-10-15 00:00:00,10.709644317626953,12.380000114440918,12.630000114440918,12.119999885559082,12.529999732971191,35800.0
2010-10-18 00:00:00,10.917263984680176,12.619999885559082,12.630000114440918,12.270000457763672,12.430000305175781,10400.0
2010-10-19 00:00:00,10.649089813232422,12.3100004196167,12.550000190734863,11.930000305175781,12.359999656677246,15500.0
2010-10-20 00:00:00,10.899961471557617,12.600000381469727,12.600000381469727,12.260000228881836,12.430000305175781,10600.0
2010-10-21 00:00:00,10.553929328918457,12.199999809265137,12.630000114440918,12.109999656677246,12.630000114440918,11300.0
2010-10-22 00:00:00,10.76154899597168,12.4399995803833,12.579999923706055,12.229999542236328,12.390000343322754,14300.0
2010-10-25 00:00:00,10.5106782913208,12.149999618530273,12.510000228881836,12.100000381469727,12.510000228881836,13500.0
2010-10-26 00:00:00,10.588533401489258,12.239999771118164,12.34000015258789,12.100000381469727,12.100000381469727,8500.0
2010-10-27 00:00:00,10.311710357666016,11.920000076293945,12.180000305175781,11.899999618530273,12.100000381469727,20000.0
2010-10-28 00:00:00,10.294407844543457,11.899999618530273,12.079999923706055,11.899999618530273,12.079999923706055,8900.0
2010-10-29 00:00:00,10.337662696838379,11.949999809265137,12.010000228881836,11.84000015258789,11.899999618530273,11200.0
2010-11-01 00:00:00,10.121393203735352,11.699999809265137,12.020000457763672,11.649999618530273,12.020000457763672,19400.0
2010-11-02 00:00:00,10.830754280090332,12.520000457763672,12.600000381469727,11.5600004196167,11.899999618530273,19800.0
2010-11-03 00:00:00,10.6404390335083,12.300000190734863,12.529999732971191,12.130000114440918,12.529999732971191,21700.0
2010-11-04 00:00:00,10.726946830749512,12.399999618530273,12.5,12.210000038146973,12.5,33700.0
2010-11-05 00:00:00,10.744248390197754,12.420000076293945,12.5,12.25,12.399999618530273,46000.0
2010-11-08 00:00:00,10.97781753540039,12.6899995803833,12.739999771118164,12.34000015258789,12.34000015258789,16900.0
2010-11-09 00:00:00,10.735599517822266,12.40999984741211,12.479999542236328,12.229999542236328,12.460000038146973,15900.0
2010-11-10 00:00:00,10.76154899597168,12.4399995803833,12.75,12.220000267028809,12.329999923706055,68300.0
2010-11-11 00:00:00,10.649089813232422,12.3100004196167,12.5,12.100000381469727,12.260000228881836,7700.0
2010-11-12 00:00:00,10.700996398925781,12.369999885559082,12.399999618530273,12.149999618530273,12.149999618530273,8400.0
2010-11-15 00:00:00,10.80480670928955,12.489999771118164,12.489999771118164,12.140000343322754,12.4399995803833,4800.0
2010-11-16 00:00:00,10.813453674316406,12.5,12.59000015258789,12.079999923706055,12.34000015258789,18100.0
2010-11-17 00:00:00,10.588533401489258,12.239999771118164,12.520000457763672,12.079999923706055,12.5,13500.0
2010-11-18 00:00:00,10.735599517822266,12.40999984741211,12.5,12.25,12.420000076293945,8400.0
2010-11-19 00:00:00,10.839407920837402,12.529999732971191,12.569999694824219,12.260000228881836,12.430000305175781,15500.0
2010-11-22 00:00:00,10.951864242553711,12.65999984741211,12.65999984741211,12.270000457763672,12.40999984741211,8300.0
2010-11-23 00:00:00,10.700996398925781,12.369999885559082,12.640000343322754,12.350000381469727,12.470000267028809,38000.0
2010-11-24 00:00:00,10.882658958435059,12.579999923706055,12.680000305175781,12.239999771118164,12.510000228881836,12200.0
2010-11-26 00:00:00,10.709644317626953,12.380000114440918,12.479999542236328,12.380000114440918,12.420000076293945,2200.0
2010-11-29 00:00:00,10.874008178710938,12.569999694824219,12.569999694824219,12.199999809265137,12.300000190734863,15600.0
2010-11-30 00:00:00,10.943214416503906,12.649999618530273,12.649999618530273,12.130000114440918,12.210000038146973,34400.0
2010-12-01 00:00:00,10.986469268798828,12.699999809265137,12.75,12.319999694824219,12.75,33000.0
2010-12-02 00:00:00,10.951592445373535,12.5600004196167,12.640000343322754,12.449999809265137,12.640000343322754,9000.0
2010-12-03 00:00:00,11.108540534973145,12.739999771118164,12.739999771118164,12.34000015258789,12.550000190734863,10200.0
2010-12-06 00:00:00,10.84695816040039,12.4399995803833,12.670000076293945,12.300000190734863,12.670000076293945,20600.0
2010-12-07 00:00:00,11.117260932922363,12.75,12.75,12.550000190734863,12.630000114440918,33100.0
2010-12-08 00:00:00,10.986469268798828,12.600000381469727,12.75,12.489999771118164,12.75,13600.0
2010-12-09 00:00:00,11.125980377197266,12.760000228881836,12.770000457763672,12.279999732971191,12.75,20500.0
2010-12-10 00:00:00,11.248052597045898,12.899999618530273,12.90999984741211,12.489999771118164,12.75,39000.0
2010-12-13 00:00:00,11.221896171569824,12.869999885559082,12.9399995803833,12.739999771118164,12.90999984741211,14300.0
2010-12-14 00:00:00,11.370121955871582,13.039999961853027,13.140000343322754,12.84000015258789,12.949999809265137,18600.0
2010-12-15 00:00:00,11.309087753295898,12.970000267028809,13.5,12.970000267028809,13.0600004196167,41700.0
2010-12-16 00:00:00,11.492196083068848,13.180000305175781,13.199999809265137,12.979999542236328,13.140000343322754,19500.0
2010-12-17 00:00:00,11.40500259399414,13.079999923706055,13.539999961853027,13.039999961853027,13.229999542236328,64900.0
2010-12-20 00:00:00,11.596832275390625,13.300000190734863,13.390000343322754,13.180000305175781,13.199999809265137,9600.0
2010-12-21 00:00:00,11.692745208740234,13.40999984741211,13.670000076293945,13.199999809265137,13.430000305175781,33900.0
2010-12-22 00:00:00,11.989202499389648,13.75,13.84000015258789,13.449999809265137,13.729999542236328,24100.0
2010-12-23 00:00:00,11.963042259216309,13.720000267028809,13.800000190734863,13.479999542236328,13.800000190734863,8600.0
2010-12-27 00:00:00,12.067679405212402,13.84000015258789,13.850000381469727,13.630000114440918,13.630000114440918,8700.0
2010-12-28 00:00:00,12.076398849487305,13.850000381469727,13.989999771118164,13.710000038146973,13.8100004196167,8100.0
2010-12-29 00:00:00,12.111276626586914,13.890000343322754,14.1899995803833,13.670000076293945,13.670000076293945,14700.0
2010-12-30 00:00:00,11.535796165466309,13.229999542236328,13.989999771118164,13.210000038146973,13.90999984741211,26700.0
2010-12-31 00:00:00,10.986469268798828,12.600000381469727,13.34000015258789,12.5,13.149999618530273,51200.0
2011-01-03 00:00:00,11.753780364990234,13.479999542236328,13.59000015258789,12.789999961853027,12.960000038146973,24400.0
2011-01-04 00:00:00,11.20445728302002,12.850000381469727,13.529999732971191,12.850000381469727,13.5,17300.0
2011-01-05 00:00:00,11.631707191467285,13.34000015258789,13.390000343322754,12.880000114440918,12.880000114440918,13600.0
2011-01-06 00:00:00,11.265490531921387,12.920000076293945,13.300000190734863,12.859999656677246,13.300000190734863,15900.0
2011-01-07 00:00:00,11.230611801147461,12.880000114440918,13.09000015258789,12.75,12.989999771118164,19100.0
2011-01-10 00:00:00,11.527073860168457,13.220000267028809,13.25,12.680000305175781,12.680000305175781,14200.0
2011-01-11 00:00:00,11.361404418945312,13.029999732971191,13.25,12.930000305175781,13.25,18000.0
2011-01-12 00:00:00,11.46603775024414,13.149999618530273,13.170000076293945,13.029999732971191,13.170000076293945,12700.0
2011-01-13 00:00:00,11.195735931396484,12.84000015258789,13.09000015258789,12.779999732971191,13.09000015258789,18300.0
2011-01-14 00:00:00,11.509634971618652,13.199999809265137,13.260000228881836,12.960000038146973,13.0,9500.0
2011-01-18 00:00:00,11.657862663269043,13.369999885559082,13.369999885559082,13.100000381469727,13.1899995803833,9400.0
2011-01-19 00:00:00,10.899274826049805,12.5,13.399999618530273,12.4399995803833,13.3100004196167,26100.0
2011-01-20 00:00:00,10.785924911499023,12.369999885559082,12.710000038146973,12.350000381469727,12.470000267028809,10900.0
2011-01-21 00:00:00,10.5068998336792,12.050000190734863,12.760000228881836,12.0,12.470000267028809,43400.0
2011-01-24 00:00:00,10.785924911499023,12.369999885559082,12.430000305175781,12.010000228881836,12.050000190734863,17300.0
2011-01-25 00:00:00,11.840971946716309,13.579999923706055,13.6899995803833,12.329999923706055,12.329999923706055,39700.0
2011-01-26 00:00:00,11.919448852539062,13.670000076293945,13.800000190734863,13.59000015258789,13.649999618530273,27900.0
2011-01-27 00:00:00,11.378841400146484,13.050000190734863,13.699999809265137,13.010000228881836,13.699999809265137,28800.0
2011-01-28 00:00:00,10.646410942077637,12.210000038146973,12.899999618530273,12.1899995803833,12.890000343322754,42600.0
2011-01-31 00:00:00,11.030065536499023,12.649999618530273,12.84000015258789,12.350000381469727,12.350000381469727,23100.0
2011-02-01 00:00:00,11.361404418945312,13.029999732971191,13.119999885559082,12.460000038146973,12.739999771118164,20800.0
2011-02-02 00:00:00,11.230611801147461,12.880000114440918,13.130000114440918,12.829999923706055,12.930000305175781,19200.0
2011-02-03 00:00:00,11.335244178771973,13.0,13.109999656677246,12.760000228881836,12.9399995803833,14100.0
2011-02-04 00:00:00,11.370121955871582,13.039999961853027,13.399999618530273,12.970000267028809,13.020000457763672,30200.0
2011-02-07 00:00:00,11.649147033691406,13.359999656677246,13.399999618530273,13.050000190734863,13.050000190734863,21700.0
2011-02-08 00:00:00,11.596832275390625,13.300000190734863,13.449999809265137,13.109999656677246,13.220000267028809,18900.0
2011-02-09 00:00:00,11.640426635742188,13.350000381469727,13.40999984741211,13.210000038146973,13.220000267028809,9000.0
2011-02-10 00:00:00,11.631707191467285,13.34000015258789,13.390000343322754,13.220000267028809,13.220000267028809,29600.0
2011-02-11 00:00:00,11.753780364990234,13.479999542236328,13.479999542236328,13.199999809265137,13.210000038146973,15200.0
2011-02-14 00:00:00,11.56195068359375,13.260000228881836,13.520000457763672,13.260000228881836,13.350000381469727,4100.0
2011-02-15 00:00:00,11.256770133972168,12.90999984741211,13.350000381469727,12.890000343322754,13.229999542236328,10600.0
2011-02-16 00:00:00,11.160859107971191,12.800000190734863,13.0,12.720000267028809,13.0,12300.0
2011-02-17 00:00:00,11.20445728302002,12.850000381469727,12.899999618530273,12.710000038146973,12.710000038146973,5000.0
2011-02-18 00:00:00,11.213172912597656,12.859999656677246,12.979999542236328,12.800000190734863,12.970000267028809,13500.0
2011-02-22 00:00:00,10.907997131347656,12.510000228881836,12.800000190734863,12.5,12.649999618530273,28900.0
2011-02-23 00:00:00,10.690010070800781,12.260000228881836,12.59000015258789,12.25,12.569999694824219,18700.0
2011-02-24 00:00:00,10.742325782775879,12.319999694824219,12.399999618530273,12.029999732971191,12.25,33200.0
2011-02-25 00:00:00,10.838237762451172,12.430000305175781,12.460000038146973,12.220000267028809,12.319999694824219,12700.0
2011-02-28 00:00:00,10.960309982299805,12.569999694824219,12.579999923706055,12.359999656677246,12.5600004196167,12500.0
2011-03-01 00:00:00,10.690010070800781,12.260000228881836,12.529999732971191,12.260000228881836,12.479999542236328,18600.0
2011-03-02 00:00:00,10.751042366027832,12.329999923706055,12.359999656677246,12.149999618530273,12.289999961853027,13600.0
2011-03-03 00:00:00,11.10267448425293,12.630000114440918,12.630000114440918,12.329999923706055,12.399999618530273,14900.0
2011-03-04 00:00:00,10.918068885803223,12.420000076293945,12.6899995803833,12.390000343322754,12.59000015258789,7200.0
2011-03-07 00:00:00,10.627973556518555,12.09000015258789,12.5600004196167,12.0600004196167,12.5,17000.0
2011-03-08 00:00:00,10.953231811523438,12.460000038146973,12.649999618530273,12.119999885559082,12.119999885559082,14100.0
2011-03-09 00:00:00,11.058719635009766,12.579999923706055,12.699999809265137,12.470000267028809,12.470000267028809,3100.0
2011-03-10 00:00:00,10.601602554321289,12.0600004196167,12.4399995803833,12.0600004196167,12.390000343322754,25600.0
2011-03-11 00:00:00,10.619180679321289,12.079999923706055,12.329999923706055,12.050000190734863,12.069999694824219,16300.0
2011-03-14 00:00:00,10.584025382995605,12.039999961853027,12.210000038146973,11.979999542236328,12.0,16800.0
2011-03-15 00:00:00,10.513697624206543,11.960000038146973,12.039999961853027,11.899999618530273,11.899999618530273,10800.0
2011-03-16 00:00:00,10.469740867614746,11.90999984741211,12.050000190734863,11.869999885559082,11.970000267028809,27200.0
2011-03-17 00:00:00,10.504904747009277,11.949999809265137,12.109999656677246,11.819999694824219,12.109999656677246,12500.0
2011-03-18 00:00:00,10.900487899780273,12.399999618530273,12.699999809265137,12.0,12.0600004196167,88900.0
2011-03-21 00:00:00,11.041138648986816,12.5600004196167,12.5600004196167,12.34000015258789,12.350000381469727,16000.0
2011-03-22 00:00:00,11.22574520111084,12.770000457763672,12.850000381469727,12.550000190734863,12.600000381469727,13900.0
2011-03-23 00:00:00,11.041138648986816,12.5600004196167,12.779999732971191,12.550000190734863,12.779999732971191,29500.0
2011-03-24 00:00:00,10.979604721069336,12.489999771118164,12.5600004196167,12.40999984741211,12.470000267028809,21500.0
2011-03-25 00:00:00,11.067510604858398,12.59000015258789,12.789999961853027,12.479999542236328,12.569999694824219,15400.0
2011-03-28 00:00:00,10.751043319702148,12.229999542236328,12.550000190734863,12.229999542236328,12.479999542236328,32800.0
2011-03-29 00:00:00,11.02355670928955,12.539999961853027,12.539999961853027,12.050000190734863,12.279999732971191,29300.0
2011-03-30 00:00:00,11.04992961883545,12.569999694824219,12.640000343322754,12.550000190734863,12.5600004196167,28700.0
2011-03-31 00:00:00,11.146625518798828,12.680000305175781,12.75,12.520000457763672,12.739999771118164,33000.0
2011-04-01 00:00:00,11.278488159179688,12.829999923706055,12.899999618530273,12.479999542236328,12.819999694824219,98900.0
2011-04-04 00:00:00,11.22574520111084,12.770000457763672,12.899999618530273,12.670000076293945,12.899999618530273,9300.0
2011-04-05 00:00:00,11.340022087097168,12.899999618530273,12.949999809265137,12.640000343322754,12.710000038146973,9700.0
2011-04-06 00:00:00,11.463091850280762,13.039999961853027,13.119999885559082,12.869999885559082,12.899999618530273,20600.0
2011-04-07 00:00:00,11.21695327758789,12.760000228881836,13.109999656677246,12.760000228881836,13.109999656677246,8700.0
2011-04-08 00:00:00,10.882905006408691,12.380000114440918,12.880000114440918,12.380000114440918,12.880000114440918,11600.0
2011-04-11 00:00:00,10.671932220458984,12.140000343322754,12.739999771118164,12.109999656677246,12.390000343322754,22300.0
2011-04-12 00:00:00,10.698302268981934,12.170000076293945,12.260000228881836,12.100000381469727,12.100000381469727,15900.0
2011-04-13 00:00:00,10.627973556518555,12.09000015258789,12.4399995803833,12.09000015258789,12.34000015258789,27000.0
2011-04-14 00:00:00,10.926858901977539,12.430000305175781,12.489999771118164,12.100000381469727,12.100000381469727,29500.0
2011-04-15 00:00:00,10.926858901977539,12.430000305175781,12.489999771118164,12.279999732971191,12.390000343322754,17700.0
2011-04-18 00:00:00,10.496112823486328,11.9399995803833,12.239999771118164,11.880000114440918,12.239999771118164,30500.0
2011-04-19 00:00:00,10.399415969848633,11.829999923706055,12.069999694824219,11.75,12.010000228881836,10700.0
2011-04-20 00:00:00,10.373043060302734,11.800000190734863,12.069999694824219,11.710000038146973,12.020000457763672,19800.0
2011-04-21 00:00:00,10.434578895568848,11.869999885559082,11.9399995803833,11.710000038146973,11.899999618530273,6100.0
2011-04-25 00:00:00,10.346672058105469,11.770000457763672,11.899999618530273,11.649999618530273,11.850000381469727,18000.0
2011-04-26 00:00:00,10.19722843170166,11.600000381469727,11.829999923706055,11.579999923706055,11.829999923706055,18100.0
2011-04-27 00:00:00,10.06536865234375,11.449999809265137,11.649999618530273,11.430000305175781,11.59000015258789,23000.0
2011-04-28 00:00:00,10.091739654541016,11.479999542236328,11.5,11.380000114440918,11.460000038146973,61000.0
2011-04-29 00:00:00,9.845601081848145,11.199999809265137,11.369999885559082,11.100000381469727,11.369999885559082,85000.0
2011-05-02 00:00:00,9.511553764343262,10.819999694824219,11.270000457763672,10.8100004196167,11.25,50000.0
2011-05-03 00:00:00,9.722533226013184,11.0600004196167,11.15999984741211,10.850000381469727,10.850000381469727,26000.0
2011-05-04 00:00:00,9.687369346618652,11.020000457763672,11.1899995803833,11.0,11.109999656677246,13500.0
2011-05-05 00:00:00,9.590670585632324,10.90999984741211,11.050000190734863,10.760000228881836,10.9399995803833,53700.0
2011-05-06 00:00:00,9.599461555480957,10.920000076293945,11.069999694824219,10.850000381469727,11.069999694824219,19000.0
2011-05-09 00:00:00,9.652207374572754,10.979999542236328,11.020000457763672,10.90999984741211,10.90999984741211,8400.0
2011-05-10 00:00:00,9.951090812683105,11.319999694824219,11.319999694824219,11.029999732971191,11.029999732971191,9900.0
2011-05-11 00:00:00,9.731321334838867,11.069999694824219,11.289999961853027,11.069999694824219,11.289999961853027,7700.0
2011-05-12 00:00:00,9.599461555480957,10.920000076293945,11.1899995803833,10.800000190734863,11.039999961853027,12600.0
2011-05-13 00:00:00,9.58188247680664,10.899999618530273,10.949999809265137,10.829999923706055,10.949999809265137,25000.0
2011-05-16 00:00:00,9.388484001159668,10.680000305175781,11.020000457763672,10.680000305175781,10.8100004196167,33700.0
2011-05-17 00:00:00,9.239042282104492,10.510000228881836,10.800000190734863,10.5,10.619999885559082,45500.0
2011-05-18 00:00:00,9.335738182067871,10.619999885559082,10.670000076293945,10.5,10.510000228881836,28500.0
2011-05-19 00:00:00,9.247835159301758,10.520000457763672,10.699999809265137,10.5,10.699999809265137,17100.0
2011-05-20 00:00:00,9.195087432861328,10.460000038146973,10.579999923706055,10.460000038146973,10.510000228881836,24200.0
2011-05-23 00:00:00,8.90499496459961,10.130000114440918,10.420000076293945,10.109999656677246,10.359999656677246,20700.0
2011-05-24 00:00:00,8.843459129333496,10.0600004196167,10.220000267028809,10.010000228881836,10.220000267028809,27900.0
2011-05-25 00:00:00,8.887413024902344,10.109999656677246,10.15999984741211,10.039999961853027,10.039999961853027,21100.0
2011-05-26 00:00:00,9.045644760131836,10.289999961853027,10.289999961853027,10.069999694824219,10.069999694824219,19700.0
2011-05-27 00:00:00,9.133551597595215,10.390000343322754,10.460000038146973,10.289999961853027,10.380000114440918,18400.0
2011-05-31 00:00:00,9.46760082244873,10.770000457763672,10.819999694824219,10.470000267028809,10.550000190734863,50700.0
2011-06-01 00:00:00,8.834671020507812,10.050000190734863,10.699999809265137,10.050000190734863,10.680000305175781,40000.0
2011-06-02 00:00:00,8.913784980773926,10.140000343322754,10.1899995803833,9.949999809265137,10.119999885559082,24500.0
2011-06-03 00:00:00,8.781922340393066,9.989999771118164,10.34000015258789,9.949999809265137,9.949999809265137,36000.0
2011-06-06 00:00:00,8.834671020507812,10.050000190734863,10.229999542236328,9.960000038146973,9.979999542236328,34800.0
2011-06-07 00:00:00,8.843459129333496,10.0600004196167,10.199999809265137,10.010000228881836,10.170000076293945,21700.0
2011-06-08 00:00:00,8.967764854431152,10.100000381469727,10.119999885559082,9.9399995803833,9.960000038146973,23400.0
2011-06-09 00:00:00,8.976645469665527,10.109999656677246,10.149999618530273,10.020000457763672,10.149999618530273,16200.0
2011-06-10 00:00:00,8.967764854431152,10.100000381469727,10.149999618530273,10.0600004196167,10.079999923706055,15400.0
2011-06-13 00:00:00,8.967764854431152,10.100000381469727,10.180000305175781,10.010000228881836,10.149999618530273,28500.0
2011-06-14 00:00:00,9.074313163757324,10.220000267028809,10.239999771118164,9.9399995803833,10.239999771118164,26100.0
2011-06-15 00:00:00,8.967764854431152,10.100000381469727,10.15999984741211,9.979999542236328,10.079999923706055,28800.0
2011-06-16 00:00:00,9.092069625854492,10.239999771118164,10.289999961853027,9.970000267028809,10.119999885559082,14900.0
2011-06-17 00:00:00,9.10094928741455,10.25,10.489999771118164,10.229999542236328,10.34000015258789,52800.0
2011-06-20 00:00:00,9.216378211975098,10.380000114440918,10.380000114440918,10.140000343322754,10.1899995803833,9900.0
2011-06-21 00:00:00,9.509384155273438,10.710000038146973,10.75,10.289999961853027,10.390000343322754,31500.0
2011-06-22 00:00:00,9.127583503723145,10.279999732971191,10.710000038146973,10.229999542236328,10.640000343322754,20900.0
2011-06-23 00:00:00,9.296289443969727,10.470000267028809,10.569999694824219,10.050000190734863,10.069999694824219,31700.0
2011-06-24 00:00:00,9.740238189697266,10.970000267028809,11.180000305175781,10.489999771118164,10.520000457763672,125100.0
2011-06-27 00:00:00,9.598173141479492,10.8100004196167,11.050000190734863,10.6899995803833,10.949999809265137,47500.0
2011-06-28 00:00:00,9.456108093261719,10.649999618530273,11.050000190734863,10.609999656677246,10.829999923706055,38200.0
2011-06-29 00:00:00,9.083192825317383,10.229999542236328,10.720000267028809,10.210000038146973,10.720000267028809,20200.0
2011-06-30 00:00:00,9.109827995300293,10.260000228881836,10.329999923706055,10.1899995803833,10.279999732971191,28000.0
2011-07-01 00:00:00,9.118706703186035,10.270000457763672,10.449999809265137,10.229999542236328,10.270000457763672,43400.0
2011-07-05 00:00:00,9.13646411895752,10.289999961853027,10.289999961853027,10.1899995803833,10.260000228881836,23800.0
2011-07-06 00:00:00,9.171978950500488,10.329999923706055,10.390000343322754,10.130000114440918,10.239999771118164,57200.0
2011-07-07 00:00:00,9.287409782409668,10.460000038146973,10.5600004196167,10.329999923706055,10.329999923706055,28400.0
2011-07-08 00:00:00,9.207497596740723,10.369999885559082,10.4399995803833,10.289999961853027,10.34000015258789,31100.0
2011-07-11 00:00:00,9.109827995300293,10.260000228881836,10.539999961853027,10.1899995803833,10.270000457763672,19700.0
2011-07-12 00:00:00,9.038799285888672,10.180000305175781,10.489999771118164,10.180000305175781,10.239999771118164,18200.0
2011-07-13 00:00:00,9.216378211975098,10.380000114440918,10.4399995803833,10.180000305175781,10.25,66900.0
2011-07-14 00:00:00,9.13646411895752,10.289999961853027,10.380000114440918,10.289999961853027,10.369999885559082,9000.0
2011-07-15 00:00:00,9.109827995300293,10.260000228881836,10.460000038146973,10.239999771118164,10.3100004196167,18200.0
2011-07-18 00:00:00,9.092069625854492,10.239999771118164,10.279999732971191,10.100000381469727,10.270000457763672,21300.0
2011-07-19 00:00:00,9.278529167175293,10.449999809265137,10.449999809265137,10.260000228881836,10.3100004196167,17300.0
2011-07-20 00:00:00,9.092069625854492,10.239999771118164,10.430000305175781,10.229999542236328,10.430000305175781,8400.0
2011-07-21 00:00:00,9.171978950500488,10.329999923706055,10.569999694824219,10.109999656677246,10.239999771118164,21100.0
2011-07-22 00:00:00,9.127583503723145,10.279999732971191,10.510000228881836,10.100000381469727,10.359999656677246,21400.0
2011-07-25 00:00:00,9.01215934753418,10.149999618530273,10.329999923706055,10.100000381469727,10.100000381469727,42200.0
2011-07-26 00:00:00,9.074313163757324,10.220000267028809,10.449999809265137,10.199999809265137,10.229999542236328,20800.0
2011-07-27 00:00:00,8.967764854431152,10.100000381469727,10.300000190734863,10.069999694824219,10.210000038146973,30800.0
2011-07-28 00:00:00,9.109827995300293,10.260000228881836,10.289999961853027,10.109999656677246,10.210000038146973,29600.0
2011-07-29 00:00:00,9.15422248840332,10.3100004196167,10.4399995803833,10.140000343322754,10.149999618530273,28100.0
2011-08-01 00:00:00,9.109827995300293,10.260000228881836,10.460000038146973,10.199999809265137,10.430000305175781,34100.0
2011-08-02 00:00:00,9.13646411895752,10.289999961853027,10.569999694824219,10.15999984741211,10.210000038146973,26200.0
2011-08-03 00:00:00,9.456108093261719,10.649999618530273,10.680000305175781,10.220000267028809,10.220000267028809,17700.0
2011-08-04 00:00:00,9.092069625854492,10.239999771118164,10.739999771118164,10.210000038146973,10.5,37200.0
2011-08-05 00:00:00,9.118706703186035,10.270000457763672,10.5,10.1899995803833,10.300000190734863,16900.0
2011-08-08 00:00:00,8.967764854431152,10.100000381469727,10.649999618530273,9.989999771118164,10.0,49500.0
2011-08-09 00:00:00,9.438350677490234,10.630000114440918,10.84000015258789,9.979999542236328,10.380000114440918,100100.0
2011-08-10 00:00:00,8.914494514465332,10.039999961853027,10.489999771118164,10.010000228881836,10.34000015258789,66800.0
2011-08-11 00:00:00,9.402833938598633,10.59000015258789,10.720000267028809,10.119999885559082,10.119999885559082,41300.0
2011-08-12 00:00:00,9.13646411895752,10.289999961853027,10.720000267028809,10.170000076293945,10.619999885559082,15900.0
2011-08-15 00:00:00,9.25189208984375,10.420000076293945,10.420000076293945,10.229999542236328,10.369999885559082,19100.0
2011-08-16 00:00:00,9.047677993774414,10.1899995803833,10.350000381469727,10.079999923706055,10.260000228881836,25900.0
2011-08-17 00:00:00,9.02991771697998,10.170000076293945,10.229999542236328,10.100000381469727,10.15999984741211,7400.0
2011-08-18 00:00:00,8.834577560424805,9.949999809265137,10.140000343322754,9.899999618530273,10.010000228881836,51100.0
2011-08-19 00:00:00,8.941128730773926,10.069999694824219,10.350000381469727,9.8100004196167,9.8100004196167,43200.0
2011-08-22 00:00:00,8.985523223876953,10.119999885559082,10.359999656677246,10.020000457763672,10.229999542236328,45600.0
2011-08-23 00:00:00,9.003281593322754,10.140000343322754,10.279999732971191,9.970000267028809,10.149999618530273,30500.0
2011-08-24 00:00:00,9.13646411895752,10.289999961853027,10.34000015258789,10.069999694824219,10.130000114440918,42500.0
2011-08-25 00:00:00,8.905611991882324,10.029999732971191,10.300000190734863,10.010000228881836,10.300000190734863,35100.0
2011-08-26 00:00:00,8.994401931762695,10.130000114440918,10.270000457763672,9.979999542236328,9.979999542236328,19400.0
2011-08-29 00:00:00,9.065434455871582,10.210000038146973,10.25,10.130000114440918,10.229999542236328,40100.0
2011-08-30 00:00:00,9.083192825317383,10.229999542236328,10.34000015258789,10.079999923706055,10.149999618530273,22300.0
2011-08-31 00:00:00,9.02991771697998,10.170000076293945,10.270000457763672,10.119999885559082,10.239999771118164,37200.0
2011-09-01 00:00:00,9.056551933288574,10.199999809265137,10.25,10.039999961853027,10.149999618530273,42100.0
2011-09-02 00:00:00,8.932250022888184,10.0600004196167,10.140000343322754,9.970000267028809,9.989999771118164,61600.0
2011-09-06 00:00:00,9.047677993774414,10.1899995803833,10.25,9.84000015258789,9.84000015258789,83800.0
2011-09-07 00:00:00,9.218047142028809,10.279999732971191,10.390000343322754,10.119999885559082,10.229999542236328,38200.0
2011-09-08 00:00:00,9.05664348602295,10.100000381469727,10.229999542236328,10.020000457763672,10.220000267028809,22500.0
2011-09-09 00:00:00,9.05664348602295,10.100000381469727,10.180000305175781,9.859999656677246,9.979999542236328,48500.0
2011-09-12 00:00:00,9.12838077545166,10.180000305175781,10.1899995803833,9.970000267028809,9.970000267028809,21400.0
2011-09-13 00:00:00,9.137346267700195,10.1899995803833,10.239999771118164,10.119999885559082,10.1899995803833,37700.0
2011-09-14 00:00:00,9.406352996826172,10.489999771118164,10.539999961853027,10.119999885559082,10.229999542236328,43200.0
2011-09-15 00:00:00,9.298750877380371,10.369999885559082,10.529999732971191,10.270000457763672,10.529999732971191,9400.0
2011-09-16 00:00:00,9.235984802246094,10.300000190734863,10.4399995803833,10.229999542236328,10.4399995803833,60500.0
2011-09-19 00:00:00,9.137346267700195,10.1899995803833,10.34000015258789,10.0600004196167,10.1899995803833,31500.0
2011-09-20 00:00:00,9.182181358337402,10.239999771118164,10.430000305175781,10.09000015258789,10.229999542236328,30200.0
2011-09-21 00:00:00,8.993876457214355,10.029999732971191,10.289999961853027,10.010000228881836,10.210000038146973,23300.0
2011-09-22 00:00:00,9.065611839294434,10.109999656677246,10.25,10.0,10.0,53900.0
2011-09-23 00:00:00,9.32564926147461,10.399999618530273,10.449999809265137,10.109999656677246,10.140000343322754,35200.0
2011-09-26 00:00:00,9.478092193603516,10.569999694824219,10.579999923706055,10.210000038146973,10.5,34000.0
2011-09-27 00:00:00,9.397387504577637,10.479999542236328,10.699999809265137,10.34000015258789,10.699999809265137,32600.0
2011-09-28 00:00:00,9.119413375854492,10.170000076293945,10.489999771118164,10.149999618530273,10.300000190734863,38400.0
2011-09-29 00:00:00,9.280817031860352,10.350000381469727,10.510000228881836,10.229999542236328,10.430000305175781,66600.0
2011-09-30 00:00:00,9.307719230651855,10.380000114440918,10.470000267028809,10.170000076293945,10.170000076293945,59100.0
2011-10-03 00:00:00,9.038710594177246,10.079999923706055,10.40999984741211,10.079999923706055,10.260000228881836,60800.0
2011-10-04 00:00:00,9.7919340133667,10.920000076293945,11.109999656677246,10.010000228881836,10.010000228881836,66800.0
2011-10-05 00:00:00,9.478092193603516,10.569999694824219,10.899999618530273,10.399999618530273,10.899999618530273,28700.0
2011-10-06 00:00:00,9.406352996826172,10.489999771118164,10.619999885559082,10.399999618530273,10.569999694824219,25100.0
2011-10-07 00:00:00,9.020774841308594,10.0600004196167,10.550000190734863,10.0,10.489999771118164,29900.0
2011-10-10 00:00:00,9.379456520080566,10.460000038146973,10.470000267028809,10.020000457763672,10.25,30500.0
2011-10-11 00:00:00,9.504993438720703,10.600000381469727,10.630000114440918,10.260000228881836,10.399999618530273,28100.0
2011-10-12 00:00:00,9.415324211120605,10.5,10.65999984741211,10.420000076293945,10.649999618530273,42400.0
2011-10-13 00:00:00,9.433259010314941,10.520000457763672,10.529999732971191,10.260000228881836,10.420000076293945,14700.0
2011-10-14 00:00:00,9.639493942260742,10.75,10.75,10.390000343322754,10.600000381469727,16900.0
2011-10-17 00:00:00,9.110444068908691,10.15999984741211,10.649999618530273,10.109999656677246,10.600000381469727,27400.0
2011-10-18 00:00:00,9.32564926147461,10.399999618530273,10.5,10.260000228881836,10.260000228881836,36100.0
2011-10-19 00:00:00,9.110444068908691,10.15999984741211,10.4399995803833,10.130000114440918,10.40999984741211,28200.0
2011-10-20 00:00:00,9.200114250183105,10.260000228881836,10.329999923706055,10.010000228881836,10.229999542236328,19800.0
2011-10-21 00:00:00,9.316685676574707,10.390000343322754,10.470000267028809,10.25,10.390000343322754,30100.0
2011-10-24 00:00:00,9.379456520080566,10.460000038146973,10.470000267028809,10.350000381469727,10.390000343322754,25200.0
2011-10-25 00:00:00,8.931106567382812,9.960000038146973,10.359999656677246,9.949999809265137,10.359999656677246,47400.0
2011-10-26 00:00:00,9.155279159545898,10.210000038146973,10.289999961853027,9.920000076293945,10.229999542236328,20400.0
2011-10-27 00:00:00,9.666396141052246,10.779999732971191,10.789999961853027,10.25,10.460000038146973,72800.0
2011-10-28 00:00:00,9.397387504577637,10.479999542236328,10.899999618530273,10.449999809265137,10.75,38300.0
2011-10-31 00:00:00,9.137346267700195,10.1899995803833,10.569999694824219,10.1899995803833,10.40999984741211,37300.0
2011-11-01 00:00:00,8.814535140991211,9.829999923706055,10.199999809265137,9.770000457763672,10.100000381469727,41700.0
2011-11-02 00:00:00,9.065611839294434,10.109999656677246,10.15999984741211,9.979999542236328,10.069999694824219,18300.0
2011-11-03 00:00:00,9.496024131774902,10.59000015258789,10.600000381469727,10.100000381469727,10.220000267028809,34900.0
2011-11-04 00:00:00,9.370487213134766,10.449999809265137,10.489999771118164,10.350000381469727,10.489999771118164,7700.0
2011-11-07 00:00:00,9.298750877380371,10.369999885559082,10.430000305175781,10.15999984741211,10.40999984741211,5800.0
2011-11-08 00:00:00,9.549824714660645,10.649999618530273,10.710000038146973,10.260000228881836,10.399999618530273,14900.0
2011-11-09 00:00:00,9.011809349060059,10.050000190734863,10.600000381469727,10.050000190734863,10.380000114440918,31900.0
2011-11-10 00:00:00,9.235984802246094,10.300000190734863,10.449999809265137,10.140000343322754,10.260000228881836,16400.0
2011-11-11 00:00:00,9.280817031860352,10.350000381469727,10.539999961853027,10.3100004196167,10.520000457763672,21300.0
2011-11-14 00:00:00,9.200114250183105,10.260000228881836,10.489999771118164,10.149999618530273,10.489999771118164,18500.0
2011-11-15 00:00:00,9.370487213134766,10.449999809265137,10.5,10.149999618530273,10.460000038146973,14200.0
2011-11-16 00:00:00,9.047677993774414,10.09000015258789,10.34000015258789,10.069999694824219,10.329999923706055,11200.0
2011-11-17 00:00:00,8.966974258422852,10.0,10.270000457763672,9.9399995803833,10.109999656677246,21100.0
2011-11-18 00:00:00,9.092510223388672,10.140000343322754,10.1899995803833,9.899999618530273,10.010000228881836,13300.0
2011-11-21 00:00:00,9.002842903137207,10.039999961853027,10.319999694824219,9.949999809265137,10.010000228881836,16800.0
2011-11-22 00:00:00,8.886272430419922,9.90999984741211,10.229999542236328,9.90999984741211,10.039999961853027,10800.0
2011-11-23 00:00:00,8.66209602355957,9.65999984741211,10.029999732971191,9.65999984741211,9.859999656677246,31700.0
2011-11-25 00:00:00,8.653130531311035,9.649999618530273,9.920000076293945,9.649999618530273,9.739999771118164,16500.0
2011-11-28 00:00:00,8.922137260437012,9.949999809265137,10.029999732971191,9.789999961853027,10.029999732971191,26500.0
2011-11-29 00:00:00,8.966974258422852,10.0,10.039999961853027,9.869999885559082,9.949999809265137,11700.0
2011-11-30 00:00:00,9.424290657043457,10.510000228881836,10.510000228881836,10.210000038146973,10.229999542236328,76900.0
2011-12-01 00:00:00,9.182181358337402,10.239999771118164,10.520000457763672,10.239999771118164,10.520000457763672,20300.0
2011-12-02 00:00:00,9.244950294494629,10.3100004196167,10.470000267028809,10.170000076293945,10.40999984741211,15100.0
2011-12-05 00:00:00,9.415324211120605,10.5,10.550000190734863,10.140000343322754,10.140000343322754,34800.0
2011-12-06 00:00:00,9.531891822814941,10.630000114440918,10.739999771118164,10.390000343322754,10.470000267028809,58000.0
2011-12-07 00:00:00,9.693299293518066,10.8100004196167,10.850000381469727,10.520000457763672,10.520000457763672,22500.0
2011-12-08 00:00:00,9.271849632263184,10.34000015258789,10.649999618530273,10.239999771118164,10.649999618530273,29200.0
2011-12-09 00:00:00,9.648463249206543,10.760000228881836,10.819999694824219,10.359999656677246,10.359999656677246,49100.0
2011-12-12 00:00:00,9.567761421203613,10.670000076293945,10.760000228881836,10.470000267028809,10.529999732971191,17300.0
2011-12-13 00:00:00,9.684329986572266,10.800000190734863,10.84000015258789,10.699999809265137,10.739999771118164,45800.0
2011-12-14 00:00:00,9.809870719909668,10.9399995803833,10.949999809265137,10.6899995803833,10.6899995803833,24200.0
2011-12-15 00:00:00,8.877305030822754,9.899999618530273,10.199999809265137,9.460000038146973,10.109999656677246,135100.0
2011-12-16 00:00:00,9.05664348602295,10.100000381469727,10.180000305175781,9.84000015258789,9.979999542236328,93800.0
2011-12-19 00:00:00,8.751766204833984,9.760000228881836,10.119999885559082,9.720000267028809,10.119999885559082,27000.0
2011-12-20 00:00:00,8.940074920654297,9.970000267028809,10.1899995803833,9.640000343322754,9.90999984741211,44300.0
2011-12-21 00:00:00,8.886272430419922,9.90999984741211,9.90999984741211,9.670000076293945,9.899999618530273,9400.0
2011-12-22 00:00:00,9.020774841308594,10.0600004196167,10.079999923706055,9.829999923706055,9.90999984741211,10600.0
2011-12-23 00:00:00,8.895238876342773,9.920000076293945,10.020000457763672,9.869999885559082,10.020000457763672,5700.0
2011-12-27 00:00:00,8.64416217803955,9.640000343322754,9.90999984741211,9.600000381469727,9.8100004196167,41400.0
2011-12-28 00:00:00,8.572426795959473,9.5600004196167,9.760000228881836,9.539999961853027,9.699999809265137,35200.0
2011-12-29 00:00:00,8.66209602355957,9.65999984741211,9.699999809265137,9.529999732971191,9.529999732971191,22600.0
2011-12-30 00:00:00,8.563461303710938,9.550000190734863,9.789999961853027,9.430000305175781,9.630000114440918,51200.0
2012-01-03 00:00:00,8.841437339782715,9.859999656677246,9.90999984741211,9.609999656677246,9.65999984741211,31000.0
2012-01-04 00:00:00,8.715902328491211,9.720000267028809,9.770000457763672,9.600000381469727,9.770000457763672,18600.0
2012-01-05 00:00:00,8.814535140991211,9.829999923706055,9.84000015258789,9.619999885559082,9.619999885559082,16700.0
2012-01-06 00:00:00,8.61726188659668,9.609999656677246,9.770000457763672,9.600000381469727,9.710000038146973,23900.0
2012-01-09 00:00:00,8.500690460205078,9.479999542236328,9.6899995803833,9.40999984741211,9.609999656677246,25700.0
2012-01-10 00:00:00,8.653130531311035,9.649999618530273,9.649999618530273,9.449999809265137,9.59000015258789,26500.0
2012-01-11 00:00:00,8.715902328491211,9.720000267028809,9.720000267028809,9.460000038146973,9.550000190734863,22500.0
2012-01-12 00:00:00,8.778666496276855,9.789999961853027,9.850000381469727,9.539999961853027,9.739999771118164,9300.0
2012-01-13 00:00:00,8.715902328491211,9.720000267028809,9.779999732971191,9.630000114440918,9.630000114440918,17600.0
2012-01-17 00:00:00,8.563461303710938,9.550000190734863,9.779999732971191,9.510000228881836,9.770000457763672,18100.0
2012-01-18 00:00:00,8.841437339782715,9.859999656677246,9.890000343322754,9.5,9.569999694824219,24800.0
2012-01-19 00:00:00,8.680027961730957,9.680000305175781,9.800000190734863,9.5600004196167,9.800000190734863,17200.0
2012-01-20 00:00:00,8.751766204833984,9.760000228881836,9.770000457763672,9.630000114440918,9.6899995803833,13800.0
2012-01-23 00:00:00,8.581390380859375,9.569999694824219,9.720000267028809,9.510000228881836,9.720000267028809,15300.0
2012-01-24 00:00:00,8.697967529296875,9.699999809265137,9.729999542236328,9.449999809265137,9.5600004196167,26400.0
2012-01-25 00:00:00,8.742798805236816,9.75,9.800000190734863,9.59000015258789,9.609999656677246,14800.0
2012-01-26 00:00:00,8.635194778442383,9.630000114440918,9.75,9.449999809265137,9.75,21000.0
2012-01-27 00:00:00,8.079244613647461,9.010000228881836,9.550000190734863,8.84000015258789,9.489999771118164,34400.0
2012-01-30 00:00:00,7.917838096618652,8.829999923706055,9.0,8.760000228881836,8.930000305175781,34300.0
2012-01-31 00:00:00,7.846102714538574,8.75,8.970000267028809,8.670000076293945,8.890000343322754,55000.0
2012-02-01 00:00:00,8.070276260375977,9.0,9.039999961853027,8.670000076293945,8.779999732971191,34500.0
2012-02-02 00:00:00,8.231679916381836,9.180000305175781,9.260000228881836,8.859999656677246,9.020000457763672,16400.0
2012-02-03 00:00:00,8.384119033813477,9.350000381469727,9.399999618530273,9.09000015258789,9.279999732971191,38800.0
2012-02-06 00:00:00,8.321351051330566,9.279999732971191,9.350000381469727,9.180000305175781,9.329999923706055,6100.0
2012-02-07 00:00:00,7.953704357147217,8.869999885559082,9.239999771118164,8.84000015258789,9.239999771118164,14600.0
2012-02-08 00:00:00,8.079244613647461,9.010000228881836,9.029999732971191,8.899999618530273,8.90999984741211,12100.0
2012-02-09 00:00:00,7.989576816558838,8.90999984741211,9.010000228881836,8.859999656677246,9.010000228881836,19400.0
2012-02-10 00:00:00,7.935771942138672,8.850000381469727,9.020000457763672,8.819999694824219,8.899999618530273,24200.0
2012-02-13 00:00:00,7.980605602264404,8.899999618530273,8.930000305175781,8.880000114440918,8.930000305175781,6400.0
2012-02-14 00:00:00,7.980605602264404,8.899999618530273,8.960000038146973,8.880000114440918,8.899999618530273,26800.0
2012-02-15 00:00:00,7.890938758850098,8.800000190734863,8.949999809265137,8.789999961853027,8.949999809265137,17100.0
2012-02-16 00:00:00,8.025443077087402,8.949999809265137,8.979999542236328,8.829999923706055,8.890000343322754,9900.0
2012-02-17 00:00:00,7.962672233581543,8.880000114440918,8.989999771118164,8.859999656677246,8.989999771118164,9900.0
2012-02-21 00:00:00,7.783335208892822,8.680000305175781,8.880000114440918,8.680000305175781,8.880000114440918,18500.0
2012-02-22 00:00:00,7.630895614624023,8.510000228881836,8.710000038146973,8.510000228881836,8.710000038146973,10700.0
2012-02-23 00:00:00,7.612961769104004,8.489999771118164,8.529999732971191,8.25,8.529999732971191,26200.0
2012-02-24 00:00:00,7.505357265472412,8.369999885559082,8.40999984741211,8.289999961853027,8.399999618530273,8800.0
2012-02-27 00:00:00,7.370852947235107,8.220000267028809,8.34000015258789,8.180000305175781,8.34000015258789,14100.0
2012-02-28 00:00:00,7.272213935852051,8.109999656677246,8.270000457763672,8.109999656677246,8.210000038146973,6200.0
2012-02-29 00:00:00,7.057008266448975,7.869999885559082,8.140000343322754,7.869999885559082,8.119999885559082,28500.0
2012-03-01 00:00:00,7.030107498168945,7.840000152587891,8.0,7.840000152587891,7.840000152587891,47200.0
2012-03-02 00:00:00,6.725229740142822,7.5,7.900000095367432,7.5,7.880000114440918,30300.0
2012-03-05 00:00:00,6.7162628173828125,7.489999771118164,7.53000020980835,7.340000152587891,7.5,10900.0
2012-03-06 00:00:00,6.626593589782715,7.389999866485596,7.460000038146973,7.329999923706055,7.460000038146973,30100.0
2012-03-07 00:00:00,6.662461757659912,7.429999828338623,7.460000038146973,7.380000114440918,7.460000038146973,16400.0
2012-03-08 00:00:00,6.635561466217041,7.400000095367432,7.440000057220459,7.320000171661377,7.440000057220459,41500.0
2012-03-09 00:00:00,6.734198093414307,7.510000228881836,7.539999961853027,7.420000076293945,7.420000076293945,48900.0
2012-03-12 00:00:00,6.662461757659912,7.429999828338623,7.510000228881836,7.380000114440918,7.510000228881836,22800.0
2012-03-13 00:00:00,6.796965599060059,7.579999923706055,7.579999923706055,7.449999809265137,7.480000019073486,32900.0
2012-03-14 00:00:00,6.868701457977295,7.659999847412109,7.980000019073486,7.619999885559082,7.980000019073486,16000.0
2012-03-15 00:00:00,6.9673380851745605,7.769999980926514,7.78000020980835,7.670000076293945,7.710000038146973,14400.0
2012-03-16 00:00:00,6.922502517700195,7.71999979019165,7.869999885559082,7.699999809265137,7.78000020980835,42100.0
2012-03-19 00:00:00,7.0121750831604,7.820000171661377,7.909999847412109,7.559999942779541,7.710000038146973,35700.0
2012-03-20 00:00:00,6.922502517700195,7.71999979019165,7.809999942779541,7.710000038146973,7.769999980926514,18600.0
2012-03-21 00:00:00,6.779032230377197,7.559999942779541,7.800000190734863,7.550000190734863,7.769999980926514,24200.0
2012-03-22 00:00:00,6.725229740142822,7.5,7.550000190734863,7.5,7.519999980926514,11100.0
2012-03-23 00:00:00,6.7610979080200195,7.539999961853027,7.579999923706055,7.460000038146973,7.5,27800.0
2012-03-26 00:00:00,6.832834720611572,7.619999885559082,7.75,7.559999942779541,7.570000171661377,27800.0
2012-03-27 00:00:00,6.608659744262695,7.369999885559082,7.650000095367432,7.320000171661377,7.610000133514404,38700.0
2012-03-28 00:00:00,6.644526958465576,7.409999847412109,7.480000019073486,7.389999866485596,7.389999866485596,24800.0
2012-03-29 00:00:00,6.743163585662842,7.519999980926514,7.590000152587891,7.380000114440918,7.380000114440918,67700.0
2012-03-30 00:00:00,6.68039608001709,7.449999809265137,7.550000190734863,7.429999828338623,7.550000190734863,38500.0
2012-04-02 00:00:00,6.895603656768799,7.690000057220459,7.690000057220459,7.329999923706055,7.420000076293945,90500.0
2012-04-03 00:00:00,6.886635780334473,7.679999828338623,7.71999979019165,7.53000020980835,7.650000095367432,21100.0
2012-04-04 00:00:00,6.823866844177246,7.610000133514404,7.699999809265137,7.550000190734863,7.590000152587891,14900.0
2012-04-05 00:00:00,6.886635780334473,7.679999828338623,7.699999809265137,7.53000020980835,7.630000114440918,17100.0
2012-04-09 00:00:00,6.805932521820068,7.590000152587891,7.699999809265137,7.510000228881836,7.550000190734863,24600.0
2012-04-10 00:00:00,6.725229740142822,7.5,7.630000114440918,7.5,7.579999923706055,20500.0
2012-04-11 00:00:00,6.868701457977295,7.659999847412109,7.670000076293945,7.510000228881836,7.599999904632568,29500.0
2012-04-12 00:00:00,6.904568672180176,7.699999809265137,7.789999961853027,7.590000152587891,7.619999885559082,13900.0
2012-04-13 00:00:00,6.572792053222656,7.329999923706055,7.650000095367432,7.329999923706055,7.650000095367432,18400.0
2012-04-16 00:00:00,6.805932521820068,7.590000152587891,7.630000114440918,7.349999904632568,7.349999904632568,5000.0
2012-04-17 00:00:00,6.67142915725708,7.440000057220459,7.679999828338623,7.409999847412109,7.679999828338623,24000.0
2012-04-18 00:00:00,6.492088317871094,7.239999771118164,7.400000095367432,7.230000019073486,7.400000095367432,21300.0
2012-04-19 00:00:00,6.366551876068115,7.099999904632568,7.400000095367432,7.099999904632568,7.25,18800.0
2012-04-20 00:00:00,6.653493881225586,7.420000076293945,7.460000038146973,7.210000038146973,7.309999942779541,27000.0
2012-04-23 00:00:00,6.725229740142822,7.5,7.579999923706055,7.230000019073486,7.289999961853027,27400.0
2012-04-24 00:00:00,7.110810279846191,7.929999828338623,7.929999828338623,7.579999923706055,7.579999923706055,26000.0
2012-04-25 00:00:00,7.487422943115234,8.350000381469727,8.399999618530273,7.96999979019165,7.96999979019165,38200.0
2012-04-26 00:00:00,7.487422943115234,8.350000381469727,8.449999809265137,8.270000457763672,8.300000190734863,23000.0
2012-04-27 00:00:00,7.612961769104004,8.489999771118164,8.550000190734863,8.319999694824219,8.399999618530273,20600.0
2012-04-30 00:00:00,7.487422943115234,8.350000381469727,8.729999542236328,8.300000190734863,8.449999809265137,38000.0
2012-05-01 00:00:00,7.469488143920898,8.329999923706055,8.449999809265137,7.579999923706055,8.3100004196167,53000.0
2012-05-02 00:00:00,7.308084487915039,8.149999618530273,8.449999809265137,7.940000057220459,8.260000228881836,23200.0
2012-05-03 00:00:00,6.994240760803223,7.800000190734863,8.119999885559082,7.75,8.050000190734863,19000.0
2012-05-04 00:00:00,6.958370685577393,7.760000228881836,8.050000190734863,7.28000020980835,7.760000228881836,29000.0
2012-05-07 00:00:00,7.057008266448975,7.869999885559082,7.980000019073486,7.360000133514404,7.730000019073486,14000.0
2012-05-08 00:00:00,7.361886978149414,8.210000038146973,8.489999771118164,7.679999828338623,7.800000190734863,9000.0
2012-05-09 00:00:00,6.994240760803223,7.800000190734863,8.149999618530273,7.789999961853027,8.149999618530273,10000.0
2012-05-10 00:00:00,6.823866844177246,7.610000133514404,7.860000133514404,7.449999809265137,7.860000133514404,24000.0
2012-05-11 00:00:00,6.635561466217041,7.400000095367432,7.53000020980835,7.380000114440918,7.53000020980835,25800.0
2012-05-14 00:00:00,6.501055717468262,7.25,7.389999866485596,7.210000038146973,7.349999904632568,10400.0
2012-05-15 00:00:00,6.501055717468262,7.25,7.440000057220459,7.199999809265137,7.199999809265137,10000.0
2012-05-16 00:00:00,6.160311222076416,6.869999885559082,7.329999923706055,6.800000190734863,7.329999923706055,62400.0
2012-05-17 00:00:00,5.998906135559082,6.690000057220459,6.860000133514404,6.519999980926514,6.849999904632568,67300.0
2012-05-18 00:00:00,5.963038444519043,6.650000095367432,6.739999771118164,6.510000228881836,6.599999904632568,36600.0
2012-05-21 00:00:00,6.070641994476318,6.769999980926514,6.769999980926514,6.550000190734863,6.679999828338623,27900.0
2012-05-22 00:00:00,5.837499618530273,6.510000228881836,6.869999885559082,6.400000095367432,6.769999980926514,65000.0
2012-05-23 00:00:00,5.963038444519043,6.650000095367432,6.699999809265137,6.349999904632568,6.429999828338623,36000.0
2012-05-24 00:00:00,5.989938735961914,6.679999828338623,6.690000057220459,6.449999809265137,6.670000076293945,78100.0
2012-05-25 00:00:00,6.06167459487915,6.760000228881836,6.829999923706055,6.590000152587891,6.659999847412109,49300.0
2012-05-29 00:00:00,5.998906135559082,6.690000057220459,6.840000152587891,6.639999866485596,6.78000020980835,53800.0
2012-05-30 00:00:00,5.9809722900390625,6.670000076293945,6.840000152587891,6.610000133514404,6.679999828338623,31600.0
2012-05-31 00:00:00,6.025805473327637,6.71999979019165,6.889999866485596,6.599999904632568,6.639999866485596,278700.0
2012-06-01 00:00:00,6.016839504241943,6.710000038146973,6.849999904632568,6.630000114440918,6.630000114440918,42100.0
2012-06-04 00:00:00,6.276882648468018,7.0,7.019999980926514,6.769999980926514,6.769999980926514,41600.0
2012-06-05 00:00:00,6.321716785430908,7.050000190734863,7.199999809265137,6.940000057220459,6.940000057220459,58700.0
2012-06-06 00:00:00,6.554856777191162,7.309999942779541,7.329999923706055,7.019999980926514,7.139999866485596,30700.0
2012-06-07 00:00:00,6.402419090270996,7.139999866485596,7.329999923706055,7.070000171661377,7.329999923706055,27300.0
2012-06-08 00:00:00,6.518990516662598,7.269999980926514,7.590000152587891,7.039999961853027,7.139999866485596,48500.0
2012-06-11 00:00:00,6.223079681396484,6.940000057220459,7.369999885559082,6.809999942779541,7.369999885559082,46600.0
2012-06-12 00:00:00,6.402419090270996,7.139999866485596,7.190000057220459,6.989999771118164,7.019999980926514,22900.0
2012-06-13 00:00:00,6.016839504241943,6.710000038146973,7.150000095367432,6.619999885559082,7.110000133514404,21000.0
2012-06-14 00:00:00,6.025805473327637,6.71999979019165,6.960000038146973,6.579999923706055,6.699999809265137,35200.0
2012-06-15 00:00:00,6.249980926513672,6.96999979019165,7.010000228881836,6.659999847412109,6.710000038146973,57000.0
2012-06-18 00:00:00,5.972004413604736,6.659999847412109,6.980000019073486,6.570000171661377,6.909999847412109,68700.0
2012-06-19 00:00:00,6.088574409484863,6.789999961853027,6.809999942779541,6.610000133514404,6.610000133514404,38200.0
2012-06-20 00:00:00,6.124443531036377,6.829999923706055,6.900000095367432,6.650000095367432,6.760000228881836,15500.0
2012-06-21 00:00:00,5.900268077850342,6.579999923706055,6.800000190734863,6.519999980926514,6.800000190734863,28000.0
2012-06-22 00:00:00,6.070641994476318,6.769999980926514,6.849999904632568,6.590000152587891,6.590000152587891,74300.0
2012-06-25 00:00:00,5.918201923370361,6.599999904632568,6.800000190734863,6.550000190734863,6.639999866485596,16900.0
2012-06-26 00:00:00,6.151344299316406,6.860000133514404,6.920000076293945,6.610000133514404,6.610000133514404,25300.0
2012-06-27 00:00:00,6.501055717468262,7.25,7.309999942779541,6.849999904632568,6.849999904632568,39500.0
2012-06-28 00:00:00,6.429319381713867,7.170000076293945,7.46999979019165,7.059999942779541,7.170000076293945,15500.0
2012-06-29 00:00:00,6.608659744262695,7.369999885559082,7.369999885559082,7.179999828338623,7.300000190734863,34400.0
2012-07-02 00:00:00,6.644526958465576,7.409999847412109,7.409999847412109,7.170000076293945,7.329999923706055,39800.0
2012-07-03 00:00:00,6.779032230377197,7.559999942779541,7.559999942779541,7.329999923706055,7.329999923706055,5200.0
2012-07-05 00:00:00,6.770064830780029,7.550000190734863,7.630000114440918,7.309999942779541,7.53000020980835,18100.0
2012-07-06 00:00:00,6.752131938934326,7.53000020980835,7.590000152587891,7.429999828338623,7.46999979019165,13800.0
2012-07-09 00:00:00,6.7610979080200195,7.539999961853027,7.570000171661377,7.309999942779541,7.389999866485596,32200.0
2012-07-10 00:00:00,6.922502517700195,7.71999979019165,7.730000019073486,7.349999904632568,7.550000190734863,37500.0
2012-07-11 00:00:00,6.940437316894531,7.739999771118164,7.869999885559082,7.559999942779541,7.71999979019165,18600.0
2012-07-12 00:00:00,6.895603656768799,7.690000057220459,7.739999771118164,7.579999923706055,7.650000095367432,9900.0
2012-07-13 00:00:00,7.048042297363281,7.860000133514404,7.869999885559082,7.71999979019165,7.71999979019165,17800.0
2012-07-16 00:00:00,6.958370685577393,7.760000228881836,7.880000114440918,7.650000095367432,7.820000171661377,22500.0
2012-07-17 00:00:00,6.931469917297363,7.730000019073486,7.789999961853027,7.659999847412109,7.789999961853027,4800.0
2012-07-18 00:00:00,7.0121750831604,7.820000171661377,7.869999885559082,7.599999904632568,7.699999809265137,13100.0
2012-07-19 00:00:00,6.868701457977295,7.659999847412109,7.840000152587891,7.659999847412109,7.760000228881836,5500.0
2012-07-20 00:00:00,6.644526958465576,7.409999847412109,7.809999942779541,7.400000095367432,7.619999885559082,24800.0
2012-07-23 00:00:00,6.805932521820068,7.590000152587891,7.599999904632568,7.0,7.289999961853027,33900.0
2012-07-24 00:00:00,6.617626667022705,7.380000114440918,7.599999904632568,7.130000114440918,7.590000152587891,22500.0
2012-07-25 00:00:00,6.483121395111084,7.230000019073486,7.480000019073486,7.099999904632568,7.420000076293945,22600.0
2012-07-26 00:00:00,6.617626667022705,7.380000114440918,7.53000020980835,7.289999961853027,7.349999904632568,7800.0
2012-07-27 00:00:00,6.904568672180176,7.699999809265137,7.96999979019165,7.239999771118164,7.389999866485596,23500.0
2012-07-30 00:00:00,6.734198093414307,7.510000228881836,7.670000076293945,7.510000228881836,7.670000076293945,4100.0
2012-07-31 00:00:00,6.572792053222656,7.329999923706055,7.579999923706055,7.300000190734863,7.46999979019165,10200.0
2012-08-01 00:00:00,6.402419090270996,7.139999866485596,7.579999923706055,7.130000114440918,7.320000171661377,30800.0
2012-08-02 00:00:00,6.38448429107666,7.119999885559082,7.440000057220459,7.099999904632568,7.099999904632568,26200.0
2012-08-03 00:00:00,6.581758975982666,7.340000152587891,7.369999885559082,7.070000171661377,7.139999866485596,34800.0
2012-08-06 00:00:00,6.626593589782715,7.389999866485596,7.429999828338623,7.269999980926514,7.360000133514404,10500.0
2012-08-07 00:00:00,6.752131938934326,7.53000020980835,7.599999904632568,7.28000020980835,7.420000076293945,26600.0
2012-08-08 00:00:00,7.003206253051758,7.809999942779541,7.920000076293945,7.440000057220459,7.440000057220459,34400.0
2012-08-09 00:00:00,7.030107498168945,7.840000152587891,7.869999885559082,7.659999847412109,7.769999980926514,4600.0
2012-08-10 00:00:00,6.931469917297363,7.730000019073486,7.849999904632568,7.53000020980835,7.789999961853027,14100.0
2012-08-13 00:00:00,6.734198093414307,7.510000228881836,7.71999979019165,7.400000095367432,7.71999979019165,7000.0
2012-08-14 00:00:00,6.662461757659912,7.429999828338623,7.539999961853027,7.360000133514404,7.46999979019165,7700.0
2012-08-15 00:00:00,6.8776702880859375,7.670000076293945,7.710000038146973,7.360000133514404,7.360000133514404,7300.0
2012-08-16 00:00:00,6.850767135620117,7.639999866485596,7.730000019073486,7.409999847412109,7.670000076293945,19400.0
2012-08-17 00:00:00,7.128744125366211,7.949999809265137,7.949999809265137,7.539999961853027,7.579999923706055,16200.0
2012-08-20 00:00:00,6.886635780334473,7.679999828338623,7.849999904632568,7.639999866485596,7.829999923706055,8500.0
2012-08-21 00:00:00,6.904568672180176,7.699999809265137,7.760000228881836,7.510000228881836,7.730000019073486,46700.0
2012-08-22 00:00:00,6.913535118103027,7.710000038146973,7.840000152587891,7.690000057220459,7.690000057220459,1600.0
2012-08-23 00:00:00,6.9673380851745605,7.769999980926514,7.800000190734863,7.539999961853027,7.690000057220459,10700.0
2012-08-24 00:00:00,7.092877388000488,7.909999847412109,7.909999847412109,7.610000133514404,7.710000038146973,19700.0
2012-08-27 00:00:00,7.290150165557861,8.130000114440918,8.130000114440918,7.739999771118164,7.860000133514404,14900.0
2012-08-28 00:00:00,7.603993892669678,8.479999542236328,8.479999542236328,7.900000095367432,8.050000190734863,21300.0
2012-08-29 00:00:00,7.890938758850098,8.800000190734863,8.819999694824219,8.470000267028809,8.510000228881836,13600.0
2012-08-30 00:00:00,7.855069637298584,8.760000228881836,8.829999923706055,8.539999961853027,8.65999984741211,18300.0
2012-08-31 00:00:00,8.016474723815918,8.9399995803833,8.989999771118164,8.600000381469727,8.779999732971191,18200.0
2012-09-04 00:00:00,8.097176551818848,9.029999732971191,9.029999732971191,8.5600004196167,8.850000381469727,18700.0
2012-09-05 00:00:00,8.28548526763916,9.239999771118164,9.329999923706055,8.779999732971191,9.050000190734863,34800.0
2012-09-06 00:00:00,8.877305030822754,9.899999618530273,9.899999618530273,9.25,9.25,53700.0
2012-09-07 00:00:00,9.05664348602295,10.100000381469727,10.5600004196167,9.899999618530273,9.899999618530273,34800.0
2012-09-10 00:00:00,8.966974258422852,10.0,10.079999923706055,9.8100004196167,9.890000343322754,16600.0
2012-09-11 00:00:00,8.751766204833984,9.760000228881836,10.09000015258789,9.430000305175781,9.989999771118164,103700.0
2012-09-12 00:00:00,8.895238876342773,9.920000076293945,9.949999809265137,9.59000015258789,9.649999618530273,11900.0
2012-09-13 00:00:00,8.958005905151367,9.989999771118164,10.140000343322754,9.5600004196167,9.90999984741211,41000.0
2012-09-14 00:00:00,8.984909057617188,10.020000457763672,10.25,9.819999694824219,9.970000267028809,45200.0
2012-09-17 00:00:00,9.074576377868652,10.119999885559082,10.149999618530273,9.960000038146973,9.970000267028809,12200.0
2012-09-18 00:00:00,9.092510223388672,10.140000343322754,10.170000076293945,9.65999984741211,10.050000190734863,24500.0
2012-09-19 00:00:00,9.074576377868652,10.119999885559082,10.149999618530273,9.869999885559082,10.140000343322754,23200.0
2012-09-20 00:00:00,8.931106567382812,9.960000038146973,10.09000015258789,9.699999809265137,10.050000190734863,15400.0
2012-09-21 00:00:00,9.038710594177246,10.079999923706055,10.09000015258789,9.890000343322754,10.0,54200.0
2012-09-24 00:00:00,9.32564926147461,10.399999618530273,10.399999618530273,9.84000015258789,10.069999694824219,36200.0
2012-09-25 00:00:00,9.397387504577637,10.479999542236328,10.729999542236328,10.3100004196167,10.449999809265137,25700.0
2012-09-26 00:00:00,9.513957023620605,10.609999656677246,10.960000038146973,10.199999809265137,10.649999618530273,41100.0
2012-09-27 00:00:00,9.585691452026367,10.6899995803833,10.880000114440918,10.600000381469727,10.600000381469727,8500.0
2012-09-28 00:00:00,9.540863990783691,10.640000343322754,10.699999809265137,10.430000305175781,10.619999885559082,31000.0
2012-10-01 00:00:00,9.549824714660645,10.649999618530273,10.699999809265137,10.460000038146973,10.65999984741211,19900.0
2012-10-02 00:00:00,9.415324211120605,10.5,10.75,10.40999984741211,10.65999984741211,13400.0
2012-10-03 00:00:00,9.370487213134766,10.449999809265137,10.59000015258789,10.399999618530273,10.489999771118164,6900.0
2012-10-04 00:00:00,9.478092193603516,10.569999694824219,10.640000343322754,10.390000343322754,10.449999809265137,15000.0
2012-10-05 00:00:00,9.513957023620605,10.609999656677246,10.619999885559082,10.539999961853027,10.550000190734863,5700.0
2012-10-08 00:00:00,9.594660758972168,10.699999809265137,10.819999694824219,10.180000305175781,10.529999732971191,13600.0
2012-10-09 00:00:00,9.32564926147461,10.399999618530273,10.6899995803833,10.350000381469727,10.6899995803833,8100.0
2012-10-10 00:00:00,9.765035629272461,10.890000343322754,10.890000343322754,10.170000076293945,10.449999809265137,16700.0
2012-10-11 00:00:00,9.702264785766602,10.819999694824219,10.859999656677246,10.609999656677246,10.859999656677246,22500.0
2012-10-12 00:00:00,9.496024131774902,10.59000015258789,10.880000114440918,10.569999694824219,10.800000190734863,22200.0
2012-10-15 00:00:00,9.657430648803711,10.770000457763672,10.770000457763672,10.59000015258789,10.59000015258789,6600.0
2012-10-16 00:00:00,9.531891822814941,10.630000114440918,10.819999694824219,10.539999961853027,10.819999694824219,11100.0
2012-10-17 00:00:00,9.549824714660645,10.649999618530273,10.649999618530273,10.5600004196167,10.619999885559082,4700.0
2012-10-18 00:00:00,9.522924423217773,10.619999885559082,10.680000305175781,10.300000190734863,10.609999656677246,18100.0
2012-10-19 00:00:00,9.388422012329102,10.470000267028809,10.579999923706055,10.239999771118164,10.5,15300.0
2012-10-22 00:00:00,9.415324211120605,10.5,10.5,10.15999984741211,10.40999984741211,12900.0
2012-10-23 00:00:00,9.36152172088623,10.4399995803833,10.670000076293945,10.3100004196167,10.350000381469727,10300.0
2012-10-24 00:00:00,9.460159301757812,10.550000190734863,10.680000305175781,10.050000190734863,10.449999809265137,8600.0
2012-10-25 00:00:00,9.549824714660645,10.649999618530273,10.739999771118164,10.380000114440918,10.609999656677246,17400.0
2012-10-26 00:00:00,9.451189041137695,10.539999961853027,10.65999984741211,10.399999618530273,10.65999984741211,7000.0
2012-10-29 00:00:00,,,,,,
2012-10-31 00:00:00,9.101476669311523,10.149999618530273,10.600000381469727,10.0,10.579999923706055,39700.0
2012-11-01 00:00:00,9.307719230651855,10.380000114440918,10.5,10.130000114440918,10.130000114440918,31400.0
2012-11-02 00:00:00,9.262883186340332,10.329999923706055,10.4399995803833,10.069999694824219,10.390000343322754,28400.0
2012-11-05 00:00:00,9.227015495300293,10.289999961853027,10.4399995803833,10.220000267028809,10.300000190734863,9800.0
2012-11-06 00:00:00,9.621562004089355,10.729999542236328,10.819999694824219,10.359999656677246,10.359999656677246,39200.0
2012-11-07 00:00:00,9.020774841308594,10.0600004196167,10.6899995803833,10.0,10.59000015258789,17500.0
2012-11-08 00:00:00,8.697967529296875,9.699999809265137,10.319999694824219,9.699999809265137,10.010000228881836,15900.0
2012-11-09 00:00:00,8.464823722839355,9.4399995803833,9.710000038146973,9.399999618530273,9.6899995803833,13500.0
2012-11-12 00:00:00,8.563461303710938,9.550000190734863,9.680000305175781,9.489999771118164,9.489999771118164,9700.0
2012-11-13 00:00:00,8.150979042053223,9.09000015258789,9.5600004196167,9.039999961853027,9.510000228881836,10500.0
2012-11-14 00:00:00,8.21374797821045,9.15999984741211,9.369999885559082,9.09000015258789,9.119999885559082,11700.0
2012-11-15 00:00:00,8.303418159484863,9.260000228881836,9.369999885559082,9.100000381469727,9.1899995803833,13500.0
2012-11-16 00:00:00,9.702264785766602,10.819999694824219,11.90999984741211,9.199999809265137,9.199999809265137,201900.0
2012-11-19 00:00:00,9.469123840332031,10.5600004196167,10.899999618530273,10.399999618530273,10.850000381469727,29900.0
2012-11-20 00:00:00,9.36152172088623,10.4399995803833,10.600000381469727,10.3100004196167,10.5,8900.0
2012-11-21 00:00:00,9.406352996826172,10.489999771118164,10.539999961853027,10.270000457763672,10.420000076293945,6700.0
2012-11-23 00:00:00,9.809870719909668,10.9399995803833,11.010000228881836,10.600000381469727,10.600000381469727,10700.0
2012-11-26 00:00:00,9.836771965026855,10.970000267028809,11.09000015258789,10.8100004196167,11.0,15500.0
2012-11-27 00:00:00,9.774003028869629,10.899999618530273,11.09000015258789,10.829999923706055,10.920000076293945,10600.0
2012-11-28 00:00:00,9.747102737426758,10.869999885559082,11.0,10.600000381469727,10.8100004196167,15900.0
2012-11-29 00:00:00,9.854703903198242,10.989999771118164,10.989999771118164,10.760000228881836,10.9399995803833,9300.0
2012-11-30 00:00:00,9.720198631286621,10.84000015258789,11.199999809265137,10.819999694824219,11.069999694824219,21500.0
2012-12-03 00:00:00,9.92643928527832,11.069999694824219,11.180000305175781,10.609999656677246,10.770000457763672,39700.0
2012-12-04 00:00:00,9.908507347106934,11.050000190734863,11.140000343322754,10.850000381469727,10.850000381469727,8800.0
2012-12-05 00:00:00,9.854703903198242,10.989999771118164,11.119999885559082,10.899999618530273,11.079999923706055,10200.0
2012-12-06 00:00:00,9.7919340133667,10.920000076293945,11.029999732971191,10.789999961853027,10.949999809265137,7800.0
2012-12-07 00:00:00,9.78296947479248,10.90999984741211,10.989999771118164,10.760000228881836,10.989999771118164,5100.0
2012-12-10 00:00:00,9.78296947479248,10.90999984741211,10.960000038146973,10.779999732971191,10.960000038146973,9300.0
2012-12-11 00:00:00,9.899539947509766,11.039999961853027,11.079999923706055,10.84000015258789,11.020000457763672,26300.0
2012-12-12 00:00:00,9.666396141052246,10.779999732971191,11.100000381469727,10.75,11.100000381469727,27600.0
2012-12-13 00:00:00,9.729166030883789,10.850000381469727,11.0,10.760000228881836,10.829999923706055,4600.0
2012-12-14 00:00:00,9.765035629272461,10.890000343322754,11.010000228881836,10.539999961853027,10.779999732971191,29500.0
2012-12-17 00:00:00,9.854703903198242,10.989999771118164,11.220000267028809,10.680000305175781,10.989999771118164,44000.0
2012-12-18 00:00:00,10.087847709655762,11.25,11.25,10.989999771118164,11.050000190734863,29000.0
2012-12-19 00:00:00,10.213383674621582,11.390000343322754,11.5,10.970000267028809,11.220000267028809,12100.0
2012-12-20 00:00:00,10.482392311096191,11.6899995803833,11.800000190734863,11.329999923706055,11.430000305175781,23200.0
2012-12-21 00:00:00,10.249251365661621,11.430000305175781,11.720000267028809,11.350000381469727,11.720000267028809,98400.0
2012-12-24 00:00:00,10.195449829101562,11.369999885559082,11.40999984741211,11.34000015258789,11.40999984741211,1900.0
2012-12-26 00:00:00,10.078877449035645,11.239999771118164,11.569999694824219,11.0600004196167,11.279999732971191,25200.0
2012-12-27 00:00:00,10.123713493347168,11.289999961853027,11.380000114440918,11.100000381469727,11.289999961853027,12700.0
2012-12-28 00:00:00,10.01611042022705,11.170000076293945,11.329999923706055,11.130000114440918,11.260000228881836,11900.0
2012-12-31 00:00:00,10.195449829101562,11.369999885559082,11.380000114440918,10.899999618530273,11.15999984741211,31500.0
2013-01-02 00:00:00,10.823137283325195,12.069999694824219,12.09000015258789,11.260000228881836,11.649999618530273,75800.0
2013-01-03 00:00:00,10.356854438781738,11.550000190734863,12.0600004196167,11.210000038146973,12.0600004196167,30400.0
2013-01-04 00:00:00,10.59896469116211,11.819999694824219,11.920000076293945,11.420000076293945,11.630000114440918,23700.0
2013-01-07 00:00:00,10.697600364685059,11.930000305175781,11.949999809265137,11.600000381469727,11.6899995803833,14700.0
2013-01-08 00:00:00,10.796236991882324,12.039999961853027,12.229999542236328,11.770000457763672,11.949999809265137,35300.0
2013-01-09 00:00:00,10.769333839416504,12.010000228881836,12.199999809265137,11.84000015258789,12.039999961853027,24800.0
2013-01-10 00:00:00,10.867972373962402,12.119999885559082,12.1899995803833,11.920000076293945,12.0,25200.0
2013-01-11 00:00:00,10.751402854919434,11.989999771118164,12.140000343322754,11.869999885559082,12.140000343322754,7000.0
2013-01-14 00:00:00,10.652763366699219,11.880000114440918,11.960000038146973,11.859999656677246,11.920000076293945,3500.0
2013-01-15 00:00:00,10.634833335876465,11.859999656677246,11.930000305175781,11.779999732971191,11.779999732971191,4600.0
2013-01-16 00:00:00,10.572062492370605,11.789999961853027,11.859999656677246,11.729999542236328,11.729999542236328,3400.0
2013-01-17 00:00:00,10.518259048461914,11.729999542236328,11.84000015258789,11.630000114440918,11.84000015258789,10000.0
2013-01-18 00:00:00,10.303053855895996,11.489999771118164,11.989999771118164,11.470000267028809,11.6899995803833,33400.0
2013-01-22 00:00:00,10.105781555175781,11.270000457763672,11.489999771118164,11.210000038146973,11.329999923706055,89200.0
2013-01-23 00:00:00,10.240285873413086,11.420000076293945,11.479999542236328,11.199999809265137,11.260000228881836,10400.0
2013-01-24 00:00:00,10.437559127807617,11.640000343322754,11.710000038146973,11.289999961853027,11.470000267028809,13600.0
2013-01-25 00:00:00,10.55412769317627,11.770000457763672,11.920000076293945,11.649999618530273,11.65999984741211,7700.0
2013-01-28 00:00:00,10.679667472839355,11.90999984741211,11.989999771118164,11.079999923706055,11.739999771118164,18300.0
2013-01-29 00:00:00,10.697600364685059,11.930000305175781,12.050000190734863,11.199999809265137,11.869999885559082,35300.0
2013-01-30 00:00:00,10.312021255493164,11.5,11.930000305175781,11.420000076293945,11.930000305175781,7600.0
2013-01-31 00:00:00,10.043009757995605,11.199999809265137,11.630000114440918,11.180000305175781,11.479999542236328,35100.0
2013-02-01 00:00:00,10.769333839416504,12.010000228881836,12.039999961853027,11.260000228881836,11.260000228881836,18900.0
2013-02-04 00:00:00,10.536194801330566,11.75,12.0,11.670000076293945,11.970000267028809,40900.0
2013-02-05 00:00:00,10.751402854919434,11.989999771118164,12.0,11.890000343322754,11.9399995803833,15100.0
2013-02-06 00:00:00,10.661734580993652,11.890000343322754,11.989999771118164,11.84000015258789,11.90999984741211,9700.0
2013-02-07 00:00:00,10.545162200927734,11.760000228881836,11.930000305175781,11.6899995803833,11.899999618530273,2400.0
2013-02-08 00:00:00,10.383756637573242,11.579999923706055,11.75,11.5,11.75,8300.0
2013-02-11 00:00:00,10.491360664367676,11.699999809265137,11.699999809265137,11.239999771118164,11.609999656677246,10300.0
2013-02-12 00:00:00,10.563095092773438,11.779999732971191,11.779999732971191,11.59000015258789,11.699999809265137,14800.0
2013-02-13 00:00:00,10.338919639587402,11.529999732971191,12.0,11.520000457763672,11.829999923706055,8400.0
2013-02-14 00:00:00,10.383756637573242,11.579999923706055,11.600000381469727,11.5,11.529999732971191,6700.0
2013-02-15 00:00:00,10.17751407623291,11.350000381469727,11.600000381469727,11.300000190734863,11.600000381469727,12000.0
2013-02-19 00:00:00,10.312021255493164,11.5,11.550000190734863,11.3100004196167,11.3100004196167,6000.0
2013-02-20 00:00:00,10.249251365661621,11.430000305175781,11.550000190734863,11.380000114440918,11.539999961853027,23100.0
2013-02-21 00:00:00,10.096813201904297,11.260000228881836,11.420000076293945,11.140000343322754,11.369999885559082,11000.0
2013-02-22 00:00:00,10.186483383178711,11.359999656677246,11.369999885559082,11.15999984741211,11.350000381469727,188100.0
2013-02-25 00:00:00,10.034043312072754,11.1899995803833,11.5,11.109999656677246,11.420000076293945,20100.0
2013-02-26 00:00:00,10.069912910461426,11.229999542236328,11.390000343322754,10.949999809265137,11.229999542236328,21000.0
2013-02-27 00:00:00,10.204416275024414,11.380000114440918,11.470000267028809,11.199999809265137,11.229999542236328,17900.0
2013-02-28 00:00:00,10.267182350158691,11.449999809265137,11.729999542236328,11.289999961853027,11.380000114440918,51600.0
2013-03-01 00:00:00,10.195449829101562,11.369999885559082,11.539999961853027,11.15999984741211,11.390000343322754,9700.0
2013-03-04 00:00:00,10.679667472839355,11.90999984741211,11.920000076293945,11.319999694824219,11.470000267028809,19500.0
2013-03-05 00:00:00,10.715534210205078,11.949999809265137,11.989999771118164,11.760000228881836,11.960000038146973,30500.0
2013-03-06 00:00:00,10.751402854919434,11.989999771118164,11.989999771118164,11.84000015258789,11.989999771118164,10700.0
2013-03-07 00:00:00,10.742432594299316,11.979999542236328,11.989999771118164,11.899999618530273,11.949999809265137,9600.0
2013-03-08 00:00:00,10.894874572753906,12.149999618530273,12.199999809265137,11.75,11.989999771118164,26900.0
2013-03-11 00:00:00,10.939706802368164,12.199999809265137,12.199999809265137,12.010000228881836,12.010000228881836,15600.0
2013-03-12 00:00:00,10.634833335876465,11.859999656677246,12.220000267028809,11.829999923706055,12.220000267028809,13900.0
2013-03-13 00:00:00,10.670699119567871,11.899999618530273,11.970000267028809,11.789999961853027,11.899999618530273,4900.0
2013-03-14 00:00:00,10.616897583007812,11.84000015258789,11.989999771118164,11.75,11.989999771118164,7800.0
2013-03-15 00:00:00,10.536194801330566,11.75,12.029999732971191,11.6899995803833,11.859999656677246,92900.0
2013-03-18 00:00:00,10.446525573730469,11.649999618530273,11.800000190734863,11.529999732971191,11.529999732971191,23800.0
2013-03-19 00:00:00,10.607929229736328,11.829999923706055,11.949999809265137,11.619999885559082,11.649999618530273,24200.0
2013-03-20 00:00:00,10.751402854919434,11.989999771118164,11.989999771118164,11.479999542236328,11.59000015258789,17600.0
2013-03-21 00:00:00,10.9486722946167,12.210000038146973,12.229999542236328,11.850000381469727,11.850000381469727,10100.0
2013-03-22 00:00:00,10.975574493408203,12.239999771118164,12.239999771118164,12.180000305175781,12.229999542236328,1400.0
2013-03-25 00:00:00,11.101113319396973,12.380000114440918,12.399999618530273,12.15999984741211,12.25,17300.0
2013-03-26 00:00:00,11.244585990905762,12.539999961853027,12.539999961853027,12.25,12.479999542236328,4000.0
2013-03-27 00:00:00,11.074213027954102,12.350000381469727,12.470000267028809,12.319999694824219,12.470000267028809,3200.0
2013-03-28 00:00:00,11.074213027954102,12.350000381469727,12.5,12.3100004196167,12.449999809265137,16200.0
2013-04-01 00:00:00,10.715534210205078,11.949999809265137,12.390000343322754,11.890000343322754,12.289999961853027,15800.0
2013-04-02 00:00:00,10.778304100036621,12.020000457763672,12.289999961853027,11.920000076293945,12.079999923706055,12600.0
2013-04-03 00:00:00,10.966608047485352,12.229999542236328,12.489999771118164,11.979999542236328,12.09000015258789,16800.0
2013-04-04 00:00:00,11.029376029968262,12.300000190734863,12.489999771118164,12.220000267028809,12.220000267028809,13100.0
2013-04-05 00:00:00,10.769333839416504,12.010000228881836,12.09000015258789,11.859999656677246,12.09000015258789,5100.0
2013-04-08 00:00:00,10.9576416015625,12.220000267028809,12.25,11.819999694824219,11.960000038146973,13100.0
2013-04-09 00:00:00,11.029376029968262,12.300000190734863,12.430000305175781,12.0,12.279999732971191,18100.0
2013-04-10 00:00:00,10.930741310119629,12.1899995803833,12.199999809265137,11.880000114440918,11.90999984741211,10300.0
2013-04-11 00:00:00,11.056278228759766,12.329999923706055,12.34000015258789,12.140000343322754,12.210000038146973,8300.0
2013-04-12 00:00:00,10.742432594299316,11.979999542236328,12.34000015258789,11.880000114440918,12.220000267028809,15800.0
2013-04-15 00:00:00,10.204416275024414,11.380000114440918,11.920000076293945,11.25,11.920000076293945,22000.0
2013-04-16 00:00:00,10.778304100036621,12.020000457763672,12.100000381469727,11.449999809265137,11.449999809265137,19200.0
2013-04-17 00:00:00,10.679667472839355,11.90999984741211,11.989999771118164,11.739999771118164,11.880000114440918,18600.0
2013-04-18 00:00:00,10.9486722946167,12.210000038146973,12.289999961853027,11.970000267028809,11.970000267028809,11200.0
2013-04-19 00:00:00,11.163880348205566,12.449999809265137,12.5,12.170000076293945,12.180000305175781,13800.0
2013-04-22 00:00:00,11.217682838439941,12.510000228881836,12.529999732971191,12.319999694824219,12.40999984741211,15200.0
2013-04-23 00:00:00,11.280452728271484,12.579999923706055,12.640000343322754,12.4399995803833,12.640000343322754,17100.0
2013-04-24 00:00:00,11.325289726257324,12.630000114440918,12.630000114440918,12.34000015258789,12.34000015258789,4100.0
2013-04-25 00:00:00,11.208717346191406,12.5,12.640000343322754,12.449999809265137,12.640000343322754,3700.0
2013-04-26 00:00:00,10.769333839416504,12.010000228881836,12.5,12.0,12.5,12000.0
2013-04-29 00:00:00,11.128016471862793,12.40999984741211,12.510000228881836,12.3100004196167,12.5,4600.0
2013-04-30 00:00:00,11.208717346191406,12.5,12.5,12.239999771118164,12.4399995803833,8400.0
2013-05-01 00:00:00,10.625864028930664,11.850000381469727,12.489999771118164,11.829999923706055,12.399999618530273,37200.0
2013-05-02 00:00:00,10.814169883728027,12.0600004196167,12.260000228881836,11.899999618530273,11.899999618530273,11900.0
2013-05-03 00:00:00,10.733468055725098,11.970000267028809,12.3100004196167,11.899999618530273,12.210000038146973,8000.0
2013-05-06 00:00:00,10.867972373962402,12.119999885559082,12.119999885559082,11.869999885559082,12.020000457763672,5300.0
2013-05-07 00:00:00,10.724499702453613,11.960000038146973,12.109999656677246,11.850000381469727,12.109999656677246,5400.0
2013-05-08 00:00:00,10.616897583007812,11.84000015258789,11.949999809265137,11.800000190734863,11.949999809265137,7600.0
2013-05-09 00:00:00,10.625864028930664,11.850000381469727,11.970000267028809,11.800000190734863,11.850000381469727,2400.0
2013-05-10 00:00:00,10.527223587036133,11.739999771118164,12.029999732971191,11.520000457763672,11.90999984741211,7800.0
2013-05-13 00:00:00,10.446525573730469,11.649999618530273,12.1899995803833,11.640000343322754,11.680000305175781,5900.0
2013-05-14 00:00:00,10.59896469116211,11.819999694824219,12.140000343322754,11.579999923706055,12.140000343322754,9400.0
2013-05-15 00:00:00,10.581028938293457,11.800000190734863,11.800000190734863,11.649999618530273,11.6899995803833,3900.0
2013-05-16 00:00:00,10.563095092773438,11.779999732971191,11.789999961853027,11.630000114440918,11.789999961853027,9100.0
2013-05-17 00:00:00,10.473428726196289,11.680000305175781,11.989999771118164,11.680000305175781,11.8100004196167,24800.0
2013-05-20 00:00:00,10.303053855895996,11.489999771118164,11.829999923706055,11.470000267028809,11.600000381469727,16400.0
2013-05-21 00:00:00,10.213383674621582,11.390000343322754,11.789999961853027,11.149999618530273,11.529999732971191,17900.0
2013-05-22 00:00:00,10.123713493347168,11.289999961853027,11.380000114440918,11.09000015258789,11.369999885559082,17700.0
2013-05-23 00:00:00,10.249251365661621,11.430000305175781,11.4399995803833,11.199999809265137,11.199999809265137,4300.0
2013-05-24 00:00:00,10.222352027893066,11.399999618530273,11.479999542236328,11.289999961853027,11.380000114440918,5000.0
2013-05-28 00:00:00,10.733468055725098,11.970000267028809,11.979999542236328,11.489999771118164,11.619999885559082,14900.0
2013-05-29 00:00:00,10.401687622070312,11.600000381469727,11.779999732971191,11.5600004196167,11.779999732971191,4100.0
2013-05-30 00:00:00,10.312021255493164,11.5,11.619999885559082,11.40999984741211,11.619999885559082,5600.0
2013-05-31 00:00:00,10.213383674621582,11.390000343322754,11.399999618530273,11.3100004196167,11.390000343322754,10000.0
2013-06-03 00:00:00,10.123713493347168,11.289999961853027,11.5600004196167,11.25,11.479999542236328,54600.0
2013-06-04 00:00:00,10.455490112304688,11.65999984741211,11.710000038146973,11.399999618530273,11.710000038146973,9400.0
2013-06-05 00:00:00,10.186483383178711,11.359999656677246,11.770000457763672,11.34000015258789,11.65999984741211,16600.0
2013-06-06 00:00:00,10.258218765258789,11.4399995803833,11.4399995803833,11.289999961853027,11.390000343322754,7400.0
2013-06-07 00:00:00,10.15958023071289,11.329999923706055,11.539999961853027,11.25,11.539999961853027,6200.0
2013-06-10 00:00:00,9.890572547912598,11.029999732971191,11.489999771118164,10.979999542236328,11.420000076293945,15500.0
2013-06-11 00:00:00,9.684329986572266,10.800000190734863,10.899999618530273,10.800000190734863,10.859999656677246,1700.0
2013-06-12 00:00:00,9.522924423217773,10.619999885559082,10.869999885559082,10.579999923706055,10.869999885559082,8500.0
2013-06-13 00:00:00,9.406352996826172,10.489999771118164,10.619999885559082,10.25,10.619999885559082,8300.0
2013-06-14 00:00:00,9.36152172088623,10.4399995803833,10.5,10.119999885559082,10.5,61200.0
2013-06-17 00:00:00,10.222352027893066,11.399999618530273,11.489999771118164,10.399999618530273,10.399999618530273,14800.0
2013-06-18 00:00:00,10.527223587036133,11.739999771118164,11.880000114440918,11.239999771118164,11.390000343322754,20000.0
2013-06-19 00:00:00,10.437559127807617,11.640000343322754,11.829999923706055,11.520000457763672,11.770000457763672,19900.0
2013-06-20 00:00:00,10.17751407623291,11.350000381469727,11.630000114440918,11.180000305175781,11.460000038146973,10700.0
2013-06-21 00:00:00,10.060945510864258,11.220000267028809,11.470000267028809,10.930000305175781,11.40999984741211,40900.0
2013-06-24 00:00:00,9.998176574707031,11.149999618530273,11.9399995803833,10.5,11.0,16600.0
2013-06-25 00:00:00,10.437559127807617,11.640000343322754,11.6899995803833,11.40999984741211,11.40999984741211,9900.0
2013-06-26 00:00:00,9.693299293518066,10.8100004196167,11.600000381469727,10.739999771118164,11.100000381469727,13100.0
2013-06-27 00:00:00,10.141646385192871,11.3100004196167,11.34000015258789,10.869999885559082,10.899999618530273,18400.0
2013-06-28 00:00:00,10.338919639587402,11.529999732971191,11.619999885559082,11.100000381469727,11.3100004196167,125800.0
2013-07-01 00:00:00,10.679667472839355,11.90999984741211,11.970000267028809,11.529999732971191,11.600000381469727,19200.0
2013-07-02 00:00:00,10.437559127807617,11.640000343322754,11.670000076293945,11.520000457763672,11.649999618530273,11400.0
2013-07-03 00:00:00,10.294084548950195,11.479999542236328,11.84000015258789,11.329999923706055,11.600000381469727,12900.0
2013-07-05 00:00:00,10.267182350158691,11.449999809265137,11.890000343322754,11.319999694824219,11.65999984741211,21500.0
2013-07-08 00:00:00,11.083178520202637,12.359999656677246,12.359999656677246,11.529999732971191,11.529999732971191,15100.0
2013-07-09 00:00:00,11.405990600585938,12.720000267028809,12.75,12.289999961853027,12.359999656677246,16500.0
2013-07-10 00:00:00,11.414956092834473,12.729999542236328,12.84000015258789,12.489999771118164,12.670000076293945,39500.0
2013-07-11 00:00:00,11.208717346191406,12.5,12.9399995803833,12.399999618530273,12.800000190734863,21600.0
2013-07-12 00:00:00,11.092147827148438,12.369999885559082,12.550000190734863,12.279999732971191,12.4399995803833,9300.0
2013-07-15 00:00:00,11.567398071289062,12.899999618530273,12.920000076293945,12.390000343322754,12.390000343322754,15400.0
2013-07-16 00:00:00,11.683967590332031,13.029999732971191,13.079999923706055,12.670000076293945,12.880000114440918,15800.0
2013-07-17 00:00:00,11.343219757080078,12.649999618530273,13.079999923706055,12.510000228881836,13.079999923706055,19900.0
2013-07-18 00:00:00,11.208717346191406,12.5,12.729999542236328,12.270000457763672,12.729999542236328,9000.0
2013-07-19 00:00:00,11.190784454345703,12.479999542236328,12.729999542236328,12.380000114440918,12.4399995803833,23500.0
2013-07-22 00:00:00,11.289417266845703,12.59000015258789,12.699999809265137,12.399999618530273,12.399999618530273,18500.0
2013-07-23 00:00:00,11.217682838439941,12.510000228881836,12.829999923706055,12.399999618530273,12.649999618530273,15100.0
2013-07-24 00:00:00,11.298389434814453,12.600000381469727,12.869999885559082,12.5,12.520000457763672,12500.0
2013-07-25 00:00:00,11.22665023803711,12.520000457763672,12.710000038146973,12.260000228881836,12.270000457763672,25900.0
2013-07-26 00:00:00,11.199750900268555,12.489999771118164,12.550000190734863,12.229999542236328,12.399999618530273,12700.0
2013-07-29 00:00:00,11.011444091796875,12.279999732971191,12.460000038146973,12.260000228881836,12.430000305175781,10900.0
2013-07-30 00:00:00,11.235616683959961,12.529999732971191,12.529999732971191,12.34000015258789,12.369999885559082,6700.0
2013-07-31 00:00:00,11.22665023803711,12.520000457763672,12.579999923706055,12.430000305175781,12.5,55300.0
2013-08-01 00:00:00,11.450827598571777,12.770000457763672,12.770000457763672,12.520000457763672,12.680000305175781,55900.0
2013-08-02 00:00:00,11.199750900268555,12.489999771118164,12.699999809265137,12.470000267028809,12.699999809265137,44800.0
2013-08-05 00:00:00,11.190784454345703,12.479999542236328,12.529999732971191,12.270000457763672,12.489999771118164,8900.0
2013-08-06 00:00:00,11.083178520202637,12.359999656677246,12.6899995803833,12.34000015258789,12.460000038146973,15600.0
2013-08-07 00:00:00,11.083178520202637,12.359999656677246,12.630000114440918,12.300000190734863,12.359999656677246,12400.0
2013-08-08 00:00:00,11.22665023803711,12.520000457763672,12.550000190734863,12.390000343322754,12.470000267028809,3700.0
2013-08-09 00:00:00,10.9576416015625,12.220000267028809,12.609999656677246,12.220000267028809,12.529999732971191,8800.0
2013-08-12 00:00:00,11.002476692199707,12.270000457763672,12.430000305175781,12.149999618530273,12.220000267028809,10000.0
2013-08-13 00:00:00,10.894874572753906,12.149999618530273,12.210000038146973,12.010000228881836,12.199999809265137,26100.0
2013-08-14 00:00:00,10.912808418273926,12.170000076293945,12.210000038146973,12.0600004196167,12.15999984741211,7700.0
2013-08-15 00:00:00,10.706562995910645,11.9399995803833,12.380000114440918,11.829999923706055,12.020000457763672,22900.0
2013-08-16 00:00:00,10.778304100036621,12.020000457763672,12.09000015258789,11.8100004196167,11.869999885559082,16400.0
2013-08-19 00:00:00,10.213383674621582,11.390000343322754,12.079999923706055,11.260000228881836,11.9399995803833,13200.0
2013-08-20 00:00:00,10.231314659118652,11.40999984741211,11.630000114440918,11.0600004196167,11.399999618530273,15700.0
2013-08-21 00:00:00,10.634833335876465,11.859999656677246,11.880000114440918,11.170000076293945,11.350000381469727,24600.0
2013-08-22 00:00:00,10.850037574768066,12.100000381469727,12.300000190734863,11.4399995803833,11.880000114440918,19400.0
2013-08-23 00:00:00,10.859006881713867,12.109999656677246,12.34000015258789,11.899999618530273,12.100000381469727,18300.0
2013-08-26 00:00:00,10.670699119567871,11.899999618530273,12.119999885559082,11.890000343322754,12.100000381469727,9100.0
2013-08-27 00:00:00,10.652763366699219,11.880000114440918,12.170000076293945,11.720000267028809,11.800000190734863,28500.0
2013-08-28 00:00:00,10.760367393493652,12.0,12.050000190734863,11.800000190734863,11.800000190734863,20000.0
2013-08-29 00:00:00,10.724499702453613,11.960000038146973,12.109999656677246,11.899999618530273,12.010000228881836,13000.0
2013-08-30 00:00:00,10.688632011413574,11.920000076293945,12.0,11.800000190734863,11.930000305175781,17200.0
2013-09-03 00:00:00,10.724499702453613,11.960000038146973,12.020000457763672,11.760000228881836,11.930000305175781,15900.0
2013-09-04 00:00:00,10.572062492370605,11.789999961853027,11.970000267028809,11.710000038146973,11.9399995803833,13500.0
2013-09-05 00:00:00,10.545162200927734,11.760000228881836,11.829999923706055,11.720000267028809,11.770000457763672,8700.0
2013-09-06 00:00:00,10.563095092773438,11.779999732971191,11.84000015258789,11.630000114440918,11.84000015258789,10500.0
2013-09-09 00:00:00,10.536194801330566,11.75,11.800000190734863,11.569999694824219,11.640000343322754,7400.0
2013-09-10 00:00:00,10.688632011413574,11.920000076293945,11.960000038146973,11.760000228881836,11.760000228881836,7900.0
2013-09-11 00:00:00,10.724499702453613,11.960000038146973,11.979999542236328,11.8100004196167,11.9399995803833,14100.0
2013-09-12 00:00:00,10.733468055725098,11.970000267028809,12.010000228881836,11.960000038146973,11.960000038146973,10600.0
2013-09-13 00:00:00,10.778304100036621,12.020000457763672,12.079999923706055,11.920000076293945,12.050000190734863,15500.0
2013-09-16 00:00:00,10.536194801330566,11.75,12.050000190734863,11.649999618530273,12.050000190734863,15900.0
2013-09-17 00:00:00,10.751402854919434,11.989999771118164,12.0,11.510000228881836,11.789999961853027,15400.0
2013-09-18 00:00:00,10.832103729248047,12.079999923706055,12.149999618530273,11.75,11.960000038146973,14800.0
2013-09-19 00:00:00,10.661734580993652,11.890000343322754,12.079999923706055,11.789999961853027,12.079999923706055,4900.0
2013-09-20 00:00:00,10.751402854919434,11.989999771118164,12.0,11.720000267028809,11.899999618530273,33100.0
2013-09-23 00:00:00,10.867972373962402,12.119999885559082,12.119999885559082,11.75,11.989999771118164,19800.0
2013-09-24 00:00:00,10.796236991882324,12.039999961853027,12.210000038146973,11.829999923706055,12.100000381469727,17800.0
2013-09-25 00:00:00,10.670699119567871,11.899999618530273,11.979999542236328,11.760000228881836,11.979999542236328,11400.0
2013-09-26 00:00:00,10.581028938293457,11.800000190734863,11.970000267028809,11.739999771118164,11.960000038146973,11900.0
2013-09-27 00:00:00,10.518259048461914,11.729999542236328,11.899999618530273,11.720000267028809,11.770000457763672,6400.0
2013-09-30 00:00:00,10.563095092773438,11.779999732971191,11.859999656677246,11.600000381469727,11.65999984741211,17100.0
2013-10-01 00:00:00,10.697600364685059,11.930000305175781,12.0,11.739999771118164,11.8100004196167,22400.0
2013-10-02 00:00:00,10.706562995910645,11.9399995803833,12.09000015258789,11.800000190734863,11.899999618530273,47200.0
2013-10-03 00:00:00,10.715534210205078,11.949999809265137,12.029999732971191,11.75,11.9399995803833,17000.0
2013-10-04 00:00:00,10.527223587036133,11.739999771118164,12.050000190734863,11.619999885559082,11.90999984741211,47800.0
2013-10-07 00:00:00,10.572062492370605,11.789999961853027,11.880000114440918,11.630000114440918,11.630000114440918,11600.0
2013-10-08 00:00:00,10.383756637573242,11.579999923706055,11.800000190734863,11.479999542236328,11.789999961853027,16900.0
2013-10-09 00:00:00,10.64379596710205,11.869999885559082,11.979999542236328,11.619999885559082,11.619999885559082,11800.0
2013-10-10 00:00:00,10.572062492370605,11.789999961853027,11.989999771118164,11.609999656677246,11.989999771118164,27200.0
2013-10-11 00:00:00,10.796236991882324,12.039999961853027,12.050000190734863,11.600000381469727,11.779999732971191,17800.0
2013-10-14 00:00:00,10.885907173156738,12.140000343322754,12.1899995803833,11.8100004196167,12.020000457763672,44100.0
2013-10-15 00:00:00,10.814169883728027,12.0600004196167,12.140000343322754,11.90999984741211,12.100000381469727,28000.0
2013-10-16 00:00:00,10.796236991882324,12.039999961853027,12.1899995803833,11.710000038146973,12.130000114440918,42900.0
2013-10-17 00:00:00,10.679667472839355,11.90999984741211,12.109999656677246,11.710000038146973,12.029999732971191,18800.0
2013-10-18 00:00:00,10.805204391479492,12.050000190734863,12.109999656677246,11.760000228881836,12.050000190734863,26500.0
2013-10-21 00:00:00,10.796236991882324,12.039999961853027,12.180000305175781,11.9399995803833,12.039999961853027,13800.0
2013-10-22 00:00:00,10.697600364685059,11.930000305175781,12.119999885559082,11.819999694824219,12.0600004196167,15200.0
2013-10-23 00:00:00,10.563095092773438,11.779999732971191,11.930000305175781,11.75,11.880000114440918,9800.0
2013-10-24 00:00:00,10.742432594299316,11.979999542236328,12.029999732971191,11.699999809265137,11.789999961853027,8400.0
2013-10-25 00:00:00,10.607929229736328,11.829999923706055,12.029999732971191,11.479999542236328,12.029999732971191,17700.0
2013-10-28 00:00:00,10.930741310119629,12.1899995803833,12.1899995803833,11.960000038146973,12.069999694824219,7300.0
2013-10-29 00:00:00,10.966608047485352,12.229999542236328,12.6899995803833,12.1899995803833,12.1899995803833,9800.0
2013-10-30 00:00:00,10.966608047485352,12.229999542236328,12.34000015258789,12.229999542236328,12.270000457763672,9300.0
2013-10-31 00:00:00,11.029376029968262,12.300000190734863,12.350000381469727,12.210000038146973,12.220000267028809,19100.0
2013-11-01 00:00:00,10.832103729248047,12.079999923706055,12.319999694824219,11.760000228881836,12.260000228881836,66000.0
2013-11-04 00:00:00,11.002476692199707,12.270000457763672,12.479999542236328,12.239999771118164,12.260000228881836,51500.0
2013-11-05 00:00:00,10.64379596710205,11.869999885559082,12.449999809265137,11.850000381469727,12.25,19200.0
2013-11-06 00:00:00,10.92177677154541,12.180000305175781,12.25,12.0,12.029999732971191,126100.0
2013-11-07 00:00:00,10.930741310119629,12.1899995803833,12.25,12.079999923706055,12.130000114440918,12000.0
2013-11-08 00:00:00,11.011444091796875,12.279999732971191,12.520000457763672,11.970000267028809,12.130000114440918,78000.0
2013-11-11 00:00:00,10.885907173156738,12.140000343322754,12.369999885559082,12.100000381469727,12.289999961853027,18600.0
2013-11-12 00:00:00,10.823137283325195,12.069999694824219,12.300000190734863,11.970000267028809,12.229999542236328,17000.0
2013-11-13 00:00:00,10.742432594299316,11.979999542236328,12.029999732971191,11.75,12.029999732971191,13200.0
2013-11-14 00:00:00,10.814169883728027,12.0600004196167,12.09000015258789,11.75,12.010000228881836,51700.0
2013-11-15 00:00:00,10.760367393493652,12.0,12.09000015258789,11.9399995803833,12.010000228881836,30300.0
2013-11-18 00:00:00,10.670699119567871,11.899999618530273,12.109999656677246,11.869999885559082,11.979999542236328,18100.0
2013-11-19 00:00:00,10.706562995910645,11.9399995803833,12.029999732971191,11.850000381469727,11.970000267028809,26700.0
2013-11-20 00:00:00,10.661734580993652,11.890000343322754,11.970000267028809,11.800000190734863,11.800000190734863,7900.0
2013-11-21 00:00:00,10.823137283325195,12.069999694824219,12.119999885559082,11.880000114440918,11.970000267028809,127900.0
2013-11-22 00:00:00,10.92177677154541,12.180000305175781,12.1899995803833,11.84000015258789,12.0600004196167,26800.0
2013-11-25 00:00:00,10.930741310119629,12.1899995803833,12.390000343322754,11.960000038146973,12.15999984741211,20300.0
2013-11-26 00:00:00,10.903840065002441,12.15999984741211,12.25,12.0,12.220000267028809,21200.0
2013-11-27 00:00:00,10.98454475402832,12.25,12.350000381469727,12.050000190734863,12.130000114440918,15400.0
2013-11-29 00:00:00,10.724499702453613,11.960000038146973,12.260000228881836,11.899999618530273,12.260000228881836,16800.0
2013-12-02 00:00:00,10.679667472839355,11.90999984741211,12.050000190734863,11.8100004196167,11.90999984741211,33000.0
2013-12-03 00:00:00,10.634833335876465,11.859999656677246,12.119999885559082,11.510000228881836,11.930000305175781,20900.0
2013-12-04 00:00:00,10.652763366699219,11.880000114440918,12.079999923706055,11.670000076293945,11.850000381469727,16500.0
2013-12-05 00:00:00,10.482392311096191,11.6899995803833,11.979999542236328,11.640000343322754,11.760000228881836,7500.0
2013-12-06 00:00:00,10.751402854919434,11.989999771118164,12.079999923706055,11.670000076293945,11.829999923706055,18900.0
2013-12-09 00:00:00,10.55412769317627,11.770000457763672,12.039999961853027,11.720000267028809,12.039999961853027,13400.0
2013-12-10 00:00:00,10.383756637573242,11.579999923706055,11.869999885559082,11.329999923706055,11.789999961853027,33400.0
2013-12-11 00:00:00,10.482392311096191,11.6899995803833,11.739999771118164,11.550000190734863,11.550000190734863,27600.0
2013-12-12 00:00:00,10.733468055725098,11.970000267028809,12.079999923706055,11.600000381469727,11.6899995803833,38700.0
2013-12-13 00:00:00,10.751402854919434,11.989999771118164,12.050000190734863,11.800000190734863,11.960000038146973,26300.0
2013-12-16 00:00:00,10.733468055725098,11.970000267028809,12.050000190734863,11.890000343322754,12.0,13600.0
2013-12-17 00:00:00,10.787271499633789,12.029999732971191,12.229999542236328,11.829999923706055,12.0,17600.0
2013-12-18 00:00:00,10.867972373962402,12.119999885559082,12.170000076293945,11.930000305175781,12.079999923706055,16500.0
2013-12-19 00:00:00,10.706562995910645,11.9399995803833,12.149999618530273,11.899999618530273,12.149999618530273,10600.0
2013-12-20 00:00:00,10.9576416015625,12.220000267028809,12.239999771118164,11.779999732971191,11.989999771118164,121400.0
2013-12-23 00:00:00,10.778304100036621,12.020000457763672,12.25,11.90999984741211,12.220000267028809,29400.0
2013-12-24 00:00:00,10.841068267822266,12.09000015258789,12.25,11.399999618530273,11.399999618530273,19700.0
2013-12-26 00:00:00,10.805204391479492,12.050000190734863,12.1899995803833,11.949999809265137,12.109999656677246,14100.0
2013-12-27 00:00:00,10.724499702453613,11.960000038146973,12.050000190734863,11.90999984741211,12.050000190734863,9000.0
2013-12-30 00:00:00,10.670699119567871,11.899999618530273,12.0600004196167,11.84000015258789,11.949999809265137,12800.0
2013-12-31 00:00:00,10.55412769317627,11.770000457763672,12.069999694824219,11.720000267028809,11.880000114440918,14500.0
2014-01-02 00:00:00,10.428593635559082,11.630000114440918,11.960000038146973,11.630000114440918,11.770000457763672,25000.0
2014-01-03 00:00:00,10.607929229736328,11.829999923706055,11.979999542236328,11.5600004196167,11.5600004196167,20500.0
2014-01-06 00:00:00,10.59896469116211,11.819999694824219,12.039999961853027,11.699999809265137,11.90999984741211,21800.0
2014-01-07 00:00:00,10.697600364685059,11.930000305175781,12.050000190734863,11.8100004196167,11.8100004196167,44200.0
2014-01-08 00:00:00,10.455490112304688,11.65999984741211,11.949999809265137,11.600000381469727,11.949999809265137,7400.0
2014-01-09 00:00:00,10.509298324584961,11.720000267028809,11.979999542236328,11.649999618530273,11.670000076293945,9300.0
2014-01-10 00:00:00,10.625864028930664,11.850000381469727,11.859999656677246,11.649999618530273,11.760000228881836,302600.0
2014-01-13 00:00:00,10.64379596710205,11.869999885559082,11.979999542236328,11.75,11.949999809265137,49700.0
2014-01-14 00:00:00,10.894874572753906,12.149999618530273,12.329999923706055,11.859999656677246,11.890000343322754,64800.0
2014-01-15 00:00:00,11.17284870147705,12.460000038146973,12.5,12.149999618530273,12.210000038146973,44100.0
2014-01-16 00:00:00,11.495660781860352,12.819999694824219,12.850000381469727,12.489999771118164,12.489999771118164,55500.0
2014-01-17 00:00:00,11.432889938354492,12.75,12.890000343322754,12.630000114440918,12.84000015258789,47200.0
2014-01-21 00:00:00,11.352188110351562,12.65999984741211,12.75,12.569999694824219,12.75,59700.0
2014-01-22 00:00:00,11.316320419311523,12.619999885559082,12.670000076293945,12.550000190734863,12.670000076293945,32100.0
2014-01-23 00:00:00,11.280452728271484,12.579999923706055,12.630000114440918,12.300000190734863,12.630000114440918,39100.0
2014-01-24 00:00:00,11.154916763305664,12.4399995803833,12.670000076293945,12.3100004196167,12.579999923706055,28800.0
2014-01-27 00:00:00,10.92177677154541,12.180000305175781,12.609999656677246,12.149999618530273,12.479999542236328,19100.0
2014-01-28 00:00:00,11.522561073303223,12.850000381469727,12.850000381469727,12.119999885559082,12.149999618530273,59600.0
2014-01-29 00:00:00,11.432889938354492,12.75,12.989999771118164,12.75,12.850000381469727,28300.0
2014-01-30 00:00:00,11.612231254577637,12.949999809265137,13.0,12.800000190734863,12.800000190734863,21000.0
2014-01-31 00:00:00,11.441859245300293,12.760000228881836,12.859999656677246,12.729999542236328,12.729999542236328,27700.0
2014-02-03 00:00:00,11.53152847290039,12.859999656677246,12.899999618530273,12.729999542236328,12.75,55600.0
2014-02-04 00:00:00,11.674999237060547,13.020000457763672,13.899999618530273,12.390000343322754,12.850000381469727,39300.0
2014-02-05 00:00:00,11.549460411071777,12.880000114440918,13.25,12.739999771118164,13.010000228881836,22900.0
2014-02-06 00:00:00,11.558428764343262,12.890000343322754,13.149999618530273,12.75,12.75,30100.0
2014-02-07 00:00:00,11.648098945617676,12.989999771118164,13.029999732971191,12.880000114440918,12.899999618530273,23200.0
2014-02-10 00:00:00,11.58533000946045,12.920000076293945,13.0,12.760000228881836,13.0,25700.0
2014-02-11 00:00:00,11.737770080566406,13.09000015258789,13.270000457763672,12.90999984741211,12.989999771118164,22800.0
2014-02-12 00:00:00,11.71086597442627,13.0600004196167,13.1899995803833,12.9399995803833,13.149999618530273,20400.0
2014-02-13 00:00:00,11.818469047546387,13.180000305175781,13.229999542236328,12.949999809265137,13.079999923706055,31200.0
2014-02-14 00:00:00,11.755701065063477,13.109999656677246,13.359999656677246,13.100000381469727,13.210000038146973,5900.0
2014-02-18 00:00:00,11.692933082580566,13.039999961853027,13.220000267028809,12.979999542236328,13.069999694824219,14900.0
2014-02-19 00:00:00,11.513594627380371,12.84000015258789,13.050000190734863,12.800000190734863,13.050000190734863,24500.0
2014-02-20 00:00:00,11.576362609863281,12.90999984741211,13.050000190734863,12.819999694824219,12.829999923706055,20600.0
2014-02-21 00:00:00,11.5942964553833,12.930000305175781,13.0,12.819999694824219,12.989999771118164,23600.0
2014-02-24 00:00:00,11.881239891052246,13.25,13.369999885559082,12.890000343322754,12.890000343322754,19700.0
2014-02-25 00:00:00,11.5942964553833,12.930000305175781,13.350000381469727,12.90999984741211,13.25,10800.0
2014-02-26 00:00:00,11.872275352478027,13.239999771118164,13.350000381469727,12.989999771118164,12.989999771118164,22000.0
2014-02-27 00:00:00,12.464092254638672,13.899999618530273,13.90999984741211,13.180000305175781,13.180000305175781,21000.0
2014-02-28 00:00:00,12.715167045593262,14.180000305175781,14.59000015258789,14.0,14.0,89500.0
2014-03-03 00:00:00,12.580665588378906,14.029999732971191,14.300000190734863,13.520000457763672,14.109999656677246,27300.0
2014-03-04 00:00:00,12.59859561920166,14.050000190734863,14.380000114440918,14.020000457763672,14.0600004196167,84600.0
2014-03-05 00:00:00,12.66136646270752,14.119999885559082,14.420000076293945,14.0,14.329999923706055,92400.0
2014-03-06 00:00:00,12.769124031066895,14.220000267028809,14.260000228881836,13.989999771118164,14.069999694824219,18200.0
2014-03-07 00:00:00,12.769124031066895,14.220000267028809,14.300000190734863,14.119999885559082,14.25,26100.0
2014-03-10 00:00:00,12.742182731628418,14.1899995803833,14.270000457763672,14.010000228881836,14.229999542236328,37300.0
2014-03-11 00:00:00,12.553609848022461,13.979999542236328,14.25,13.899999618530273,14.199999809265137,14600.0
2014-03-12 00:00:00,12.544632911682129,13.970000267028809,14.029999732971191,13.850000381469727,13.850000381469727,16200.0
2014-03-13 00:00:00,12.374015808105469,13.779999732971191,14.029999732971191,13.75,13.75,43700.0
2014-03-14 00:00:00,12.239322662353516,13.630000114440918,13.850000381469727,13.5600004196167,13.6899995803833,16700.0
2014-03-17 00:00:00,12.33809757232666,13.739999771118164,14.0,13.65999984741211,13.670000076293945,19200.0
2014-03-18 00:00:00,12.391975402832031,13.800000190734863,13.960000038146973,13.520000457763672,13.869999885559082,24600.0
2014-03-19 00:00:00,12.329115867614746,13.729999542236328,13.899999618530273,13.649999618530273,13.859999656677246,12900.0
2014-03-20 00:00:00,12.36503791809082,13.770000457763672,14.15999984741211,13.65999984741211,13.65999984741211,18900.0
2014-03-21 00:00:00,12.284220695495605,13.680000305175781,13.850000381469727,13.649999618530273,13.75,49500.0
2014-03-24 00:00:00,12.230344772338867,13.619999885559082,13.779999732971191,13.380000114440918,13.779999732971191,31400.0
2014-03-25 00:00:00,12.266260147094727,13.65999984741211,13.720000267028809,13.510000228881836,13.670000076293945,11600.0
2014-03-26 00:00:00,12.122586250305176,13.5,13.720000267028809,13.5,13.699999809265137,23100.0
2014-03-27 00:00:00,11.844212532043457,13.1899995803833,13.470000267028809,13.170000076293945,13.449999809265137,9300.0
2014-03-28 00:00:00,11.700539588928223,13.029999732971191,13.300000190734863,12.649999618530273,13.15999984741211,14600.0
2014-03-31 00:00:00,11.925033569335938,13.279999732971191,13.399999618530273,13.149999618530273,13.149999618530273,68400.0
2014-04-01 00:00:00,12.751163482666016,14.199999809265137,14.270000457763672,13.380000114440918,13.380000114440918,44600.0
2014-04-02 00:00:00,12.939738273620605,14.40999984741211,14.550000190734863,14.079999923706055,14.300000190734863,37400.0
2014-04-03 00:00:00,12.87687873840332,14.34000015258789,14.5600004196167,14.199999809265137,14.390000343322754,16700.0
2014-04-04 00:00:00,12.356057167053223,13.760000228881836,14.710000038146973,13.609999656677246,14.420000076293945,23700.0
2014-04-07 00:00:00,12.571571350097656,14.0,14.319999694824219,13.640000343322754,13.770000457763672,22200.0
2014-04-08 00:00:00,12.688308715820312,14.130000114440918,14.229999542236328,13.109999656677246,13.170000076293945,28000.0
2014-04-09 00:00:00,12.751163482666016,14.199999809265137,14.270000457763672,13.770000457763672,14.220000267028809,19300.0
2014-04-10 00:00:00,12.221360206604004,13.609999656677246,14.079999923706055,13.350000381469727,14.079999923706055,49300.0
2014-04-11 00:00:00,12.122586250305176,13.5,14.600000381469727,13.399999618530273,13.470000267028809,19500.0
2014-04-14 00:00:00,12.140545845031738,13.520000457763672,14.029999732971191,13.079999923706055,13.670000076293945,24000.0
2014-04-15 00:00:00,12.221360206604004,13.609999656677246,14.609999656677246,13.529999732971191,13.5600004196167,7600.0
2014-04-16 00:00:00,12.490751266479492,13.90999984741211,14.039999961853027,13.75,13.75,16900.0
2014-04-17 00:00:00,12.490751266479492,13.90999984741211,14.069999694824219,13.880000114440918,13.880000114440918,9100.0
2014-04-21 00:00:00,12.52667236328125,13.949999809265137,14.229999542236328,13.890000343322754,13.890000343322754,17500.0
2014-04-22 00:00:00,12.553609848022461,13.979999542236328,14.0,13.899999618530273,13.960000038146973,12500.0
2014-04-23 00:00:00,12.14952278137207,13.529999732971191,14.0,13.5,14.0,13900.0
2014-04-24 00:00:00,12.356057167053223,13.760000228881836,13.779999732971191,13.579999923706055,13.65999984741211,8200.0
2014-04-25 00:00:00,12.320138931274414,13.720000267028809,13.90999984741211,13.550000190734863,13.65999984741211,35100.0
2014-04-28 00:00:00,12.508712768554688,13.930000305175781,14.15999984741211,13.5,13.819999694824219,10700.0
2014-04-29 00:00:00,12.418913841247559,13.829999923706055,14.34000015258789,13.579999923706055,13.859999656677246,20300.0
2014-04-30 00:00:00,12.481773376464844,13.899999618530273,14.1899995803833,13.640000343322754,13.739999771118164,49200.0
2014-05-01 00:00:00,12.40993595123291,13.819999694824219,13.899999618530273,13.619999885559082,13.899999618530273,41600.0
2014-05-02 00:00:00,12.122586250305176,13.5,13.90999984741211,13.40999984741211,13.800000190734863,22600.0
2014-05-05 00:00:00,12.104628562927246,13.479999542236328,14.470000267028809,13.4399995803833,13.4399995803833,14800.0
2014-05-06 00:00:00,12.023809432983398,13.390000343322754,13.960000038146973,13.260000228881836,13.390000343322754,40100.0
2014-05-07 00:00:00,12.104628562927246,13.479999542236328,13.489999771118164,13.359999656677246,13.359999656677246,20200.0
2014-05-08 00:00:00,11.996870994567871,13.359999656677246,13.479999542236328,13.359999656677246,13.449999809265137,18200.0
2014-05-09 00:00:00,12.122586250305176,13.5,13.5,13.279999732971191,13.279999732971191,13600.0
2014-05-12 00:00:00,12.535650253295898,13.960000038146973,14.180000305175781,13.449999809265137,13.5,17400.0
2014-05-13 00:00:00,12.266260147094727,13.65999984741211,14.220000267028809,13.449999809265137,13.890000343322754,45800.0
2014-05-14 00:00:00,11.853194236755371,13.199999809265137,13.960000038146973,13.170000076293945,13.670000076293945,28000.0
2014-05-15 00:00:00,11.727479934692383,13.0600004196167,13.199999809265137,12.949999809265137,13.100000381469727,25400.0
2014-05-16 00:00:00,11.628704071044922,12.949999809265137,13.220000267028809,12.819999694824219,13.029999732971191,21100.0
2014-05-19 00:00:00,11.799315452575684,13.140000343322754,13.229999542236328,12.989999771118164,13.029999732971191,8300.0
2014-05-20 00:00:00,11.51196575164795,12.819999694824219,13.0600004196167,12.600000381469727,13.0600004196167,34000.0
2014-05-21 00:00:00,11.628704071044922,12.949999809265137,13.119999885559082,12.710000038146973,12.850000381469727,16700.0
2014-05-22 00:00:00,11.691559791564941,13.020000457763672,13.300000190734863,12.930000305175781,13.020000457763672,14000.0
2014-05-23 00:00:00,11.826254844665527,13.170000076293945,13.239999771118164,12.970000267028809,12.970000267028809,12200.0
2014-05-27 00:00:00,12.131564140319824,13.510000228881836,13.520000457763672,13.279999732971191,13.279999732971191,9500.0
2014-05-28 00:00:00,11.808296203613281,13.149999618530273,13.520000457763672,13.119999885559082,13.420000076293945,8500.0
2014-05-29 00:00:00,11.727479934692383,13.0600004196167,13.300000190734863,13.050000190734863,13.15999984741211,4900.0
2014-05-30 00:00:00,11.61074447631836,12.930000305175781,13.300000190734863,12.920000076293945,13.119999885559082,26800.0
2014-06-02 00:00:00,11.781355857849121,13.119999885559082,13.329999923706055,12.899999618530273,13.319999694824219,26100.0
2014-06-03 00:00:00,11.700539588928223,13.029999732971191,13.140000343322754,12.729999542236328,13.010000228881836,48000.0
2014-06-04 00:00:00,11.817275047302246,13.15999984741211,13.239999771118164,13.0,13.0,32400.0
2014-06-05 00:00:00,12.212983131408691,13.579999923706055,13.619999885559082,13.0,13.109999656677246,16600.0
2014-06-06 00:00:00,12.383856773376465,13.770000457763672,13.850000381469727,13.649999618530273,13.680000305175781,19300.0
2014-06-09 00:00:00,12.257950782775879,13.630000114440918,14.1899995803833,13.479999542236328,13.949999809265137,35200.0
2014-06-10 00:00:00,12.491775512695312,13.890000343322754,13.949999809265137,13.649999618530273,13.65999984741211,18000.0
2014-06-11 00:00:00,12.221977233886719,13.59000015258789,13.899999618530273,13.380000114440918,13.5600004196167,10900.0
2014-06-12 00:00:00,12.087075233459473,13.4399995803833,13.899999618530273,13.390000343322754,13.5,15900.0
2014-06-13 00:00:00,12.015130043029785,13.359999656677246,13.600000381469727,13.289999961853027,13.5,9400.0
2014-06-16 00:00:00,11.826266288757324,13.149999618530273,13.279999732971191,13.010000228881836,13.279999732971191,24600.0
2014-06-17 00:00:00,11.95217514038086,13.289999961853027,13.489999771118164,13.050000190734863,13.479999542236328,26500.0
2014-06-18 00:00:00,12.006138801574707,13.350000381469727,13.399999618530273,13.09000015258789,13.260000228881836,23000.0
2014-06-19 00:00:00,11.898215293884277,13.229999542236328,13.420000076293945,13.119999885559082,13.350000381469727,29200.0
2014-06-20 00:00:00,12.141036987304688,13.5,13.5,13.199999809265137,13.319999694824219,57600.0
2014-06-23 00:00:00,12.150028228759766,13.510000228881836,13.59000015258789,13.3100004196167,13.5,32300.0
2014-06-24 00:00:00,12.329900741577148,13.710000038146973,13.8100004196167,13.489999771118164,13.550000190734863,44700.0
2014-06-25 00:00:00,12.365869522094727,13.75,13.850000381469727,13.529999732971191,13.710000038146973,30400.0
2014-06-26 00:00:00,12.446812629699707,13.84000015258789,13.9399995803833,13.699999809265137,13.75,16300.0
2014-06-27 00:00:00,12.932451248168945,14.380000114440918,14.5,13.729999542236328,13.729999542236328,318100.0
2014-06-30 00:00:00,13.067351341247559,14.529999732971191,14.550000190734863,14.170000076293945,14.319999694824219,26300.0
2014-07-01 00:00:00,13.013395309448242,14.470000267028809,14.979999542236328,13.899999618530273,13.899999618530273,35600.0
2014-07-02 00:00:00,12.662652015686035,14.079999923706055,14.529999732971191,13.920000076293945,14.529999732971191,21000.0
2014-07-03 00:00:00,12.707618713378906,14.130000114440918,14.140000343322754,13.949999809265137,14.0600004196167,11700.0
2014-07-07 00:00:00,12.64466667175293,14.0600004196167,14.140000343322754,14.0,14.109999656677246,18700.0
2014-07-08 00:00:00,12.608692169189453,14.020000457763672,14.119999885559082,13.710000038146973,14.100000381469727,24800.0
2014-07-09 00:00:00,12.410837173461914,13.800000190734863,14.15999984741211,13.729999542236328,14.029999732971191,6000.0
2014-07-10 00:00:00,12.383856773376465,13.770000457763672,14.149999618530273,13.359999656677246,13.739999771118164,24800.0
2014-07-11 00:00:00,12.374866485595703,13.760000228881836,13.829999923706055,13.510000228881836,13.829999923706055,9300.0
2014-07-14 00:00:00,12.527752876281738,13.930000305175781,14.0,13.649999618530273,13.800000190734863,30500.0
2014-07-15 00:00:00,12.410837173461914,13.800000190734863,13.90999984741211,13.75,13.859999656677246,18500.0
2014-07-16 00:00:00,12.114055633544922,13.470000267028809,13.850000381469727,13.359999656677246,13.850000381469727,18600.0
2014-07-17 00:00:00,12.015130043029785,13.359999656677246,13.619999885559082,13.300000190734863,13.460000038146973,32400.0
2014-07-18 00:00:00,12.230971336364746,13.600000381469727,13.619999885559082,13.289999961853027,13.289999961853027,19800.0
2014-07-21 00:00:00,12.114055633544922,13.470000267028809,13.5600004196167,13.289999961853027,13.460000038146973,21400.0
2014-07-22 00:00:00,12.150028228759766,13.510000228881836,14.050000190734863,13.359999656677246,13.479999542236328,14100.0
2014-07-23 00:00:00,12.159024238586426,13.520000457763672,13.75,13.40999984741211,13.600000381469727,11100.0
2014-07-24 00:00:00,12.0960693359375,13.449999809265137,14.039999961853027,13.430000305175781,13.529999732971191,12700.0
2014-07-25 00:00:00,12.06009578704834,13.40999984741211,13.470000267028809,13.350000381469727,13.449999809265137,19300.0
2014-07-28 00:00:00,12.03311538696289,13.380000114440918,13.600000381469727,13.369999885559082,13.489999771118164,14200.0
2014-07-29 00:00:00,12.132043838500977,13.489999771118164,13.529999732971191,13.399999618530273,13.479999542236328,9200.0
2014-07-30 00:00:00,12.159024238586426,13.520000457763672,13.640000343322754,13.5,13.529999732971191,17800.0
2014-07-31 00:00:00,12.078080177307129,13.430000305175781,13.5600004196167,13.40999984741211,13.449999809265137,31300.0
2014-08-01 00:00:00,12.284929275512695,13.65999984741211,13.770000457763672,13.4399995803833,13.5,29800.0
2014-08-04 00:00:00,12.365869522094727,13.75,13.819999694824219,13.520000457763672,13.670000076293945,43800.0
2014-08-05 00:00:00,12.320902824401855,13.699999809265137,13.710000038146973,13.619999885559082,13.649999618530273,17900.0
2014-08-06 00:00:00,12.347882270812988,13.729999542236328,13.8100004196167,13.649999618530273,13.649999618530273,22000.0
2014-08-07 00:00:00,12.221977233886719,13.59000015258789,13.760000228881836,13.529999732971191,13.739999771118164,19800.0
2014-08-08 00:00:00,12.473793029785156,13.869999885559082,13.890000343322754,13.569999694824219,13.569999694824219,9400.0
2014-08-11 00:00:00,12.56372356414795,13.970000267028809,13.970000267028809,13.670000076293945,13.899999618530273,23900.0
2014-08-12 00:00:00,12.428821563720703,13.819999694824219,13.970000267028809,13.770000457763672,13.84000015258789,8100.0
2014-08-13 00:00:00,12.428821563720703,13.819999694824219,13.890000343322754,13.739999771118164,13.890000343322754,16200.0
2014-08-14 00:00:00,12.311908721923828,13.6899995803833,13.819999694824219,13.619999885559082,13.75,8800.0
2014-08-15 00:00:00,12.257950782775879,13.630000114440918,13.869999885559082,13.399999618530273,13.869999885559082,21700.0
2014-08-18 00:00:00,12.491775512695312,13.890000343322754,13.949999809265137,13.75,13.8100004196167,10100.0
2014-08-19 00:00:00,12.554733276367188,13.960000038146973,14.0,13.829999923706055,13.859999656677246,10800.0
2014-08-20 00:00:00,12.527752876281738,13.930000305175781,13.930000305175781,13.710000038146973,13.710000038146973,11200.0
2014-08-21 00:00:00,12.590703964233398,14.0,14.0,13.869999885559082,13.869999885559082,9800.0
2014-08-22 00:00:00,12.527752876281738,13.930000305175781,14.0,13.829999923706055,13.970000267028809,9900.0
2014-08-25 00:00:00,12.518758773803711,13.920000076293945,13.979999542236328,13.760000228881836,13.899999618530273,16600.0
2014-08-26 00:00:00,12.50076961517334,13.899999618530273,13.949999809265137,13.850000381469727,13.890000343322754,16100.0
2014-08-27 00:00:00,12.518758773803711,13.920000076293945,13.9399995803833,13.899999618530273,13.899999618530273,3200.0
2014-08-28 00:00:00,12.590703964233398,14.0,14.0,13.8100004196167,13.8100004196167,16900.0
2014-08-29 00:00:00,12.608692169189453,14.020000457763672,14.100000381469727,14.0,14.0,8400.0
2014-09-02 00:00:00,12.752586364746094,14.180000305175781,14.199999809265137,13.9399995803833,14.130000114440918,29400.0
2014-09-03 00:00:00,12.626677513122559,14.039999961853027,14.1899995803833,14.0,14.1899995803833,8900.0
2014-09-04 00:00:00,12.59965991973877,13.989999771118164,14.100000381469727,13.989999771118164,14.100000381469727,1900.0
2014-09-05 00:00:00,12.554627418518066,13.9399995803833,14.010000228881836,13.899999618530273,13.9399995803833,3300.0
2014-09-08 00:00:00,12.536616325378418,13.920000076293945,14.029999732971191,13.800000190734863,13.970000267028809,18100.0
2014-09-09 00:00:00,12.4735746383667,13.850000381469727,13.899999618530273,13.770000457763672,13.899999618530273,12700.0
2014-09-10 00:00:00,12.689723014831543,14.09000015258789,14.100000381469727,13.779999732971191,13.8100004196167,11500.0
2014-09-11 00:00:00,12.752765655517578,14.15999984741211,14.15999984741211,14.0,14.0,10300.0
2014-09-12 00:00:00,12.698729515075684,14.100000381469727,14.390000343322754,13.970000267028809,14.15999984741211,11700.0
2014-09-15 00:00:00,12.446552276611328,13.819999694824219,14.0,13.789999961853027,13.920000076293945,18900.0
2014-09-16 00:00:00,12.302456855773926,13.65999984741211,13.6899995803833,13.569999694824219,13.619999885559082,13900.0
2014-09-17 00:00:00,12.302456855773926,13.65999984741211,13.890000343322754,13.5600004196167,13.890000343322754,13600.0
2014-09-18 00:00:00,12.554627418518066,13.9399995803833,14.0600004196167,13.489999771118164,13.489999771118164,22300.0
2014-09-19 00:00:00,12.536616325378418,13.920000076293945,14.149999618530273,13.649999618530273,13.979999542236328,33000.0
2014-09-22 00:00:00,12.437548637390137,13.8100004196167,14.020000457763672,13.75,13.949999809265137,17000.0
2014-09-23 00:00:00,12.383508682250977,13.75,13.989999771118164,13.75,13.829999923706055,18600.0
2014-09-24 00:00:00,12.509599685668945,13.890000343322754,13.899999618530273,13.75,13.75,15200.0
2014-09-25 00:00:00,12.16736125946045,13.510000228881836,13.729999542236328,13.260000228881836,13.729999542236328,19800.0
2014-09-26 00:00:00,12.29344654083252,13.649999618530273,13.65999984741211,13.600000381469727,13.600000381469727,12500.0
2014-09-29 00:00:00,12.410527229309082,13.779999732971191,13.800000190734863,13.539999961853027,13.539999961853027,9800.0
2014-09-30 00:00:00,12.194380760192871,13.539999961853027,13.84000015258789,13.520000457763672,13.84000015258789,20900.0
2014-10-01 00:00:00,11.71705436706543,13.010000228881836,13.579999923706055,13.0,13.579999923706055,19000.0
2014-10-02 00:00:00,12.140344619750977,13.479999542236328,13.550000190734863,13.050000190734863,13.050000190734863,10000.0
2014-10-03 00:00:00,12.068294525146484,13.399999618530273,13.640000343322754,13.34000015258789,13.640000343322754,8300.0
2014-10-06 00:00:00,12.18537425994873,13.529999732971191,13.8100004196167,13.270000457763672,13.430000305175781,15500.0
2014-10-07 00:00:00,11.987241744995117,13.3100004196167,13.479999542236328,13.079999923706055,13.420000076293945,44100.0
2014-10-08 00:00:00,12.455559730529785,13.829999923706055,13.850000381469727,13.260000228881836,13.279999732971191,28900.0
2014-10-09 00:00:00,12.140344619750977,13.479999542236328,13.800000190734863,13.40999984741211,13.600000381469727,20500.0
2014-10-10 00:00:00,12.428543090820312,13.800000190734863,14.0,13.479999542236328,13.479999542236328,22400.0
2014-10-13 00:00:00,12.824812889099121,14.239999771118164,14.470000267028809,13.6899995803833,13.789999961853027,13900.0
2014-10-14 00:00:00,13.356180191040039,14.829999923706055,14.869999885559082,13.520000457763672,14.329999923706055,24100.0
2014-10-15 00:00:00,13.5723295211792,15.069999694824219,15.25,14.220000267028809,14.489999771118164,32600.0
2014-10-16 00:00:00,13.518291473388672,15.010000228881836,15.100000381469727,14.84000015258789,14.9399995803833,18100.0
2014-10-17 00:00:00,13.221087455749512,14.680000305175781,15.279999732971191,14.40999984741211,15.220000267028809,119700.0
2014-10-20 00:00:00,13.122018814086914,14.569999694824219,15.5,14.319999694824219,14.699999809265137,138300.0
2014-10-21 00:00:00,13.122018814086914,14.569999694824219,14.729999542236328,14.369999885559082,14.600000381469727,27100.0
2014-10-22 00:00:00,13.067981719970703,14.510000228881836,14.75,14.279999732971191,14.75,21100.0
2014-10-23 00:00:00,12.959908485412598,14.390000343322754,14.760000228881836,14.25,14.75,25400.0
2014-10-24 00:00:00,12.932886123657227,14.359999656677246,14.729999542236328,14.34000015258789,14.369999885559082,8500.0
2014-10-27 00:00:00,12.842824935913086,14.260000228881836,14.319999694824219,13.9399995803833,14.319999694824219,16400.0
2014-10-28 00:00:00,13.212081909179688,14.670000076293945,14.920000076293945,13.739999771118164,13.739999771118164,26600.0
2014-10-29 00:00:00,13.500276565551758,14.989999771118164,15.0,13.600000381469727,13.600000381469727,38100.0
2014-10-30 00:00:00,13.716426849365234,15.229999542236328,15.25,14.399999618530273,14.970000267028809,36000.0
2014-10-31 00:00:00,13.608351707458496,15.109999656677246,15.449999809265137,14.949999809265137,15.449999809265137,36000.0
2014-11-03 00:00:00,13.554314613342285,15.050000190734863,15.199999809265137,14.630000114440918,15.199999809265137,55500.0
2014-11-04 00:00:00,13.518291473388672,15.010000228881836,15.180000305175781,14.40999984741211,14.920000076293945,28800.0
2014-11-05 00:00:00,13.61735725402832,15.119999885559082,15.130000114440918,14.729999542236328,15.130000114440918,17800.0
2014-11-06 00:00:00,13.644377708435059,15.149999618530273,15.210000038146973,14.829999923706055,15.069999694824219,18800.0
2014-11-07 00:00:00,13.45525074005127,14.9399995803833,15.220000267028809,14.800000190734863,15.220000267028809,26600.0
2014-11-10 00:00:00,13.66239070892334,15.170000076293945,15.1899995803833,14.760000228881836,15.0,15600.0
2014-11-11 00:00:00,13.536303520202637,15.029999732971191,15.210000038146973,14.869999885559082,15.069999694824219,23100.0
2014-11-12 00:00:00,13.671396255493164,15.180000305175781,15.199999809265137,14.760000228881836,15.199999809265137,14900.0
2014-11-13 00:00:00,13.518291473388672,15.010000228881836,15.180000305175781,14.90999984741211,15.180000305175781,9600.0
2014-11-14 00:00:00,13.347174644470215,14.819999694824219,15.15999984741211,14.819999694824219,15.0600004196167,14500.0
2014-11-17 00:00:00,13.356180191040039,14.829999923706055,15.050000190734863,14.550000190734863,14.880000114440918,13000.0
2014-11-18 00:00:00,13.383197784423828,14.859999656677246,14.979999542236328,14.630000114440918,14.899999618530273,8400.0
2014-11-19 00:00:00,13.19406795501709,14.649999618530273,15.039999961853027,14.399999618530273,15.039999961853027,23100.0
2014-11-20 00:00:00,13.32916259765625,14.800000190734863,14.859999656677246,14.5600004196167,14.5600004196167,12700.0
2014-11-21 00:00:00,13.221087455749512,14.680000305175781,15.0600004196167,14.539999961853027,14.970000267028809,22100.0
2014-11-24 00:00:00,13.2481050491333,14.710000038146973,14.859999656677246,14.539999961853027,14.649999618530273,13700.0
2014-11-25 00:00:00,13.284131050109863,14.75,14.890000343322754,14.600000381469727,14.649999618530273,6400.0
2014-11-26 00:00:00,13.293136596679688,14.760000228881836,14.970000267028809,14.670000076293945,14.920000076293945,4200.0
2014-11-28 00:00:00,13.02295207977295,14.460000038146973,14.869999885559082,14.430000305175781,14.869999885559082,9500.0
2014-12-01 00:00:00,13.02295207977295,14.460000038146973,14.670000076293945,14.430000305175781,14.4399995803833,11700.0
2014-12-02 00:00:00,13.509284973144531,15.0,15.0600004196167,14.380000114440918,14.40999984741211,21200.0
2014-12-03 00:00:00,13.500276565551758,14.989999771118164,15.380000114440918,14.729999542236328,14.960000038146973,14800.0
2014-12-04 00:00:00,13.500276565551758,14.960000038146973,15.220000267028809,14.640000343322754,14.640000343322754,17900.0
2014-12-05 00:00:00,13.590522766113281,15.0600004196167,15.130000114440918,14.819999694824219,14.819999694824219,12000.0
2014-12-08 00:00:00,13.256622314453125,14.6899995803833,14.970000267028809,14.680000305175781,14.970000267028809,6900.0
2014-12-09 00:00:00,13.662713050842285,15.140000343322754,15.149999618530273,14.510000228881836,14.510000228881836,7600.0
2014-12-10 00:00:00,13.590522766113281,15.0600004196167,15.130000114440918,14.6899995803833,15.020000457763672,26000.0
2014-12-11 00:00:00,13.861247062683105,15.359999656677246,15.489999771118164,15.119999885559082,15.119999885559082,14400.0
2014-12-12 00:00:00,13.635642051696777,15.109999656677246,15.399999618530273,14.899999618530273,15.170000076293945,44600.0
2014-12-15 00:00:00,13.671738624572754,15.149999618530273,15.220000267028809,15.010000228881836,15.119999885559082,10700.0
2014-12-16 00:00:00,13.771004676818848,15.260000228881836,15.34000015258789,15.0600004196167,15.1899995803833,19100.0
2014-12-17 00:00:00,13.933441162109375,15.4399995803833,15.5,15.359999656677246,15.369999885559082,23900.0
2014-12-18 00:00:00,14.204169273376465,15.739999771118164,15.75,15.390000343322754,15.5,33500.0
2014-12-19 00:00:00,13.725884437561035,15.210000038146973,15.930000305175781,15.15999984741211,15.6899995803833,60500.0
2014-12-22 00:00:00,14.294411659240723,15.84000015258789,15.869999885559082,15.220000267028809,15.220000267028809,16000.0
2014-12-23 00:00:00,14.222219467163086,15.760000228881836,15.859999656677246,15.539999961853027,15.859999656677246,20900.0
2014-12-24 00:00:00,14.27636432647705,15.819999694824219,15.84000015258789,15.720000267028809,15.829999923706055,4400.0
2014-12-26 00:00:00,14.267338752746582,15.8100004196167,15.829999923706055,15.680000305175781,15.739999771118164,9500.0
2014-12-29 00:00:00,14.339533805847168,15.890000343322754,15.989999771118164,15.670000076293945,15.819999694824219,34000.0
2014-12-30 00:00:00,14.32148551940918,15.869999885559082,16.0,15.680000305175781,15.8100004196167,9700.0
2014-12-31 00:00:00,14.023683547973633,15.539999961853027,15.979999542236328,15.40999984741211,15.979999542236328,12200.0
2015-01-02 00:00:00,14.168072700500488,15.699999809265137,15.770000457763672,15.399999618530273,15.6899995803833,48800.0
2015-01-05 00:00:00,14.186120986938477,15.720000267028809,15.84000015258789,15.579999923706055,15.59000015258789,14800.0
2015-01-06 00:00:00,13.42808723449707,14.880000114440918,15.670000076293945,14.829999923706055,15.670000076293945,23400.0
2015-01-07 00:00:00,13.536375045776367,15.0,15.130000114440918,14.640000343322754,15.050000190734863,11400.0
2015-01-08 00:00:00,13.752958297729492,15.239999771118164,15.359999656677246,15.029999732971191,15.119999885559082,10600.0
2015-01-09 00:00:00,13.617596626281738,15.09000015258789,15.369999885559082,14.970000267028809,15.279999732971191,13700.0
2015-01-12 00:00:00,13.328819274902344,14.770000457763672,14.90999984741211,14.75,14.899999618530273,8300.0
2015-01-13 00:00:00,13.419061660766602,14.869999885559082,15.199999809265137,14.770000457763672,14.899999618530273,7600.0
2015-01-14 00:00:00,13.211503982543945,14.640000343322754,14.949999809265137,14.40999984741211,14.859999656677246,11400.0
2015-01-15 00:00:00,13.012970924377441,14.420000076293945,14.770000457763672,14.140000343322754,14.760000228881836,16800.0
2015-01-16 00:00:00,13.482231140136719,14.9399995803833,14.970000267028809,14.229999542236328,14.329999923706055,11400.0
2015-01-20 00:00:00,13.184430122375488,14.609999656677246,15.300000190734863,14.489999771118164,14.880000114440918,16200.0
2015-01-21 00:00:00,12.958824157714844,14.359999656677246,14.6899995803833,14.220000267028809,14.630000114440918,10700.0
2015-01-22 00:00:00,13.410035133361816,14.859999656677246,14.9399995803833,13.15999984741211,14.520000457763672,15700.0
2015-01-23 00:00:00,13.355891227722168,14.800000190734863,14.829999923706055,14.390000343322754,14.8100004196167,6900.0
2015-01-26 00:00:00,13.36491584777832,14.8100004196167,14.84000015258789,14.270000457763672,14.649999618530273,10400.0
2015-01-27 00:00:00,13.328819274902344,14.770000457763672,14.850000381469727,13.890000343322754,13.899999618530273,21200.0
2015-01-28 00:00:00,13.283695220947266,14.720000267028809,14.979999542236328,14.59000015258789,14.869999885559082,27500.0
2015-01-29 00:00:00,13.798080444335938,15.289999961853027,15.390000343322754,14.619999885559082,14.789999961853027,19400.0
2015-01-30 00:00:00,13.536375045776367,15.0,15.289999961853027,14.920000076293945,15.140000343322754,21000.0
2015-02-02 00:00:00,13.626617431640625,15.100000381469727,15.170000076293945,14.979999542236328,15.140000343322754,25400.0
2015-02-03 00:00:00,13.852225303649902,15.350000381469727,15.479999542236328,15.119999885559082,15.149999618530273,10600.0
2015-02-04 00:00:00,13.825149536132812,15.319999694824219,15.470000267028809,15.210000038146973,15.390000343322754,16700.0
2015-02-05 00:00:00,13.897345542907715,15.399999618530273,15.420000076293945,15.149999618530273,15.420000076293945,12300.0
2015-02-06 00:00:00,13.915392875671387,15.420000076293945,15.489999771118164,15.229999542236328,15.4399995803833,15700.0
2015-02-09 00:00:00,13.780033111572266,15.270000457763672,15.59000015258789,15.260000228881836,15.420000076293945,15900.0
2015-02-10 00:00:00,13.635642051696777,15.109999656677246,15.449999809265137,15.0600004196167,15.329999923706055,29500.0
2015-02-11 00:00:00,13.536375045776367,15.0,15.380000114440918,14.930000305175781,15.350000381469727,13900.0
2015-02-12 00:00:00,13.707837104797363,15.1899995803833,15.319999694824219,15.119999885559082,15.239999771118164,9900.0
2015-02-13 00:00:00,13.761981010437012,15.25,15.4399995803833,15.029999732971191,15.149999618530273,20600.0
2015-02-17 00:00:00,13.897345542907715,15.399999618530273,15.550000190734863,15.140000343322754,15.260000228881836,7300.0
2015-02-18 00:00:00,13.933441162109375,15.4399995803833,15.539999961853027,15.260000228881836,15.359999656677246,6700.0
2015-02-19 00:00:00,13.825149536132812,15.319999694824219,15.470000267028809,15.260000228881836,15.380000114440918,32100.0
2015-02-20 00:00:00,14.032708168029785,15.550000190734863,15.579999923706055,15.34000015258789,15.390000343322754,12300.0
2015-02-23 00:00:00,14.050759315490723,15.569999694824219,15.579999923706055,15.470000267028809,15.550000190734863,10800.0
2015-02-24 00:00:00,13.825149536132812,15.319999694824219,15.75,15.260000228881836,15.75,9300.0
2015-02-25 00:00:00,14.041731834411621,15.5600004196167,15.710000038146973,15.359999656677246,15.449999809265137,11100.0
2015-02-26 00:00:00,14.086854934692383,15.609999656677246,15.770000457763672,15.420000076293945,15.5,8400.0
2015-02-27 00:00:00,13.960517883300781,15.470000267028809,15.989999771118164,15.430000305175781,15.630000114440918,7700.0
2015-03-02 00:00:00,14.050759315490723,15.569999694824219,15.850000381469727,15.470000267028809,15.5,14200.0
2015-03-03 00:00:00,14.014659881591797,15.529999732971191,15.789999961853027,15.479999542236328,15.6899995803833,9700.0
2015-03-04 00:00:00,13.996615409851074,15.510000228881836,15.699999809265137,15.470000267028809,15.470000267028809,10800.0
2015-03-05 00:00:00,14.014695167541504,15.5,15.630000114440918,15.279999732971191,15.5,13600.0
2015-03-06 00:00:00,13.969487190246582,15.449999809265137,15.729999542236328,15.34000015258789,15.460000038146973,15800.0
2015-03-09 00:00:00,14.177446365356445,15.680000305175781,15.850000381469727,15.479999542236328,15.5,6000.0
2015-03-10 00:00:00,13.870028495788574,15.34000015258789,15.65999984741211,15.34000015258789,15.399999618530273,15400.0
2015-03-11 00:00:00,13.987570762634277,15.470000267028809,15.5600004196167,15.369999885559082,15.449999809265137,15600.0
2015-03-12 00:00:00,14.28594970703125,15.800000190734863,15.850000381469727,15.539999961853027,15.539999961853027,21000.0
2015-03-13 00:00:00,14.27690601348877,15.789999961853027,15.960000038146973,15.789999961853027,15.84000015258789,9500.0
2015-03-16 00:00:00,14.204573631286621,15.710000038146973,15.800000190734863,15.520000457763672,15.630000114440918,9200.0
2015-03-17 00:00:00,14.358283042907715,15.880000114440918,16.0,15.5600004196167,15.5600004196167,9300.0
2015-03-18 00:00:00,14.385405540466309,15.90999984741211,16.200000762939453,15.90999984741211,16.0,11700.0
2015-03-19 00:00:00,14.141279220581055,15.640000343322754,15.890000343322754,15.470000267028809,15.890000343322754,14100.0
2015-03-20 00:00:00,14.15936279296875,15.65999984741211,15.979999542236328,15.4399995803833,15.670000076293945,43300.0
2015-03-23 00:00:00,14.493907928466797,16.030000686645508,16.100000381469727,15.630000114440918,15.710000038146973,18000.0
2015-03-24 00:00:00,14.511991500854492,16.049999237060547,16.149999618530273,15.970000267028809,16.059999465942383,11000.0
2015-03-25 00:00:00,14.358283042907715,15.880000114440918,16.25,15.8100004196167,16.25,12600.0
2015-03-26 00:00:00,14.394451141357422,15.920000076293945,16.100000381469727,15.699999809265137,15.8100004196167,12100.0
2015-03-27 00:00:00,14.466784477233887,16.0,16.100000381469727,15.899999618530273,15.899999618530273,14200.0
2015-03-30 00:00:00,14.638574600219727,16.190000534057617,16.329999923706055,15.470000267028809,16.149999618530273,10900.0
2015-03-31 00:00:00,14.692828178405762,16.25,16.25,16.059999465942383,16.200000762939453,8800.0
2015-04-01 00:00:00,14.58432674407959,16.1299991607666,16.209999084472656,15.729999542236328,16.209999084472656,18400.0
2015-04-02 00:00:00,14.683783531188965,16.239999771118164,16.290000915527344,16.079999923706055,16.190000534057617,29300.0
2015-04-06 00:00:00,14.683783531188965,16.239999771118164,16.25,15.890000343322754,16.020000457763672,10100.0
2015-04-07 00:00:00,14.58432674407959,16.1299991607666,16.31999969482422,16.040000915527344,16.280000686645508,7800.0
2015-04-08 00:00:00,14.647619247436523,16.200000762939453,16.31999969482422,15.920000076293945,16.31999969482422,236400.0
2015-04-09 00:00:00,14.466784477233887,16.0,16.18000030517578,15.899999618530273,16.1200008392334,12600.0
2015-04-10 00:00:00,14.421574592590332,15.949999809265137,16.100000381469727,15.800000190734863,16.079999923706055,28800.0
2015-04-13 00:00:00,14.511991500854492,16.049999237060547,16.25,15.899999618530273,15.960000038146973,58200.0
2015-04-14 00:00:00,14.45773983001709,15.989999771118164,16.020000457763672,15.90999984741211,15.949999809265137,148300.0
2015-04-15 00:00:00,14.43966007232666,15.970000267028809,16.0,15.890000343322754,16.0,56800.0
2015-04-16 00:00:00,14.43966007232666,15.970000267028809,16.0,15.760000228881836,15.760000228881836,28900.0
2015-04-17 00:00:00,14.240737915039062,15.75,15.949999809265137,15.630000114440918,15.84000015258789,53100.0
2015-04-20 00:00:00,14.30402946472168,15.819999694824219,15.899999618530273,15.420000076293945,15.789999961853027,47400.0
2015-04-21 00:00:00,14.087031364440918,15.579999923706055,15.869999885559082,15.510000228881836,15.850000381469727,8400.0
2015-04-22 00:00:00,14.31307315826416,15.829999923706055,15.850000381469727,15.359999656677246,15.59000015258789,45200.0
2015-04-23 00:00:00,14.231698036193848,15.739999771118164,15.869999885559082,15.609999656677246,15.609999656677246,7300.0
2015-04-24 00:00:00,14.421574592590332,15.949999809265137,15.949999809265137,15.550000190734863,15.550000190734863,10600.0
2015-04-27 00:00:00,13.671109199523926,15.119999885559082,15.920000076293945,15.010000228881836,15.779999732971191,20800.0
2015-04-28 00:00:00,13.73440170288086,15.1899995803833,15.510000228881836,14.979999542236328,15.270000457763672,11400.0
2015-04-29 00:00:00,13.273275375366211,14.680000305175781,15.399999618530273,14.680000305175781,15.289999961853027,16100.0
2015-04-30 00:00:00,12.721728324890137,14.069999694824219,14.569999694824219,14.0,14.569999694824219,32500.0
2015-05-01 00:00:00,13.047231674194336,14.430000305175781,14.779999732971191,14.149999618530273,14.149999618530273,395700.0
2015-05-04 00:00:00,13.029145240783691,14.40999984741211,14.949999809265137,14.380000114440918,14.520000457763672,19100.0
2015-05-05 00:00:00,13.119563102722168,14.510000228881836,14.609999656677246,14.3100004196167,14.489999771118164,33400.0
2015-05-06 00:00:00,13.110523223876953,14.5,15.050000190734863,14.350000381469727,14.5600004196167,26000.0
2015-05-07 00:00:00,13.14669132232666,14.539999961853027,14.880000114440918,14.380000114440918,14.550000190734863,12600.0
2015-05-08 00:00:00,13.327522277832031,14.739999771118164,14.779999732971191,14.59000015258789,14.729999542236328,25400.0
2015-05-11 00:00:00,13.336566925048828,14.75,14.890000343322754,14.680000305175781,14.770000457763672,13800.0
2015-05-12 00:00:00,13.363689422607422,14.779999732971191,14.850000381469727,14.539999961853027,14.760000228881836,19400.0
2015-05-13 00:00:00,13.14669132232666,14.539999961853027,14.75,14.470000267028809,14.699999809265137,11100.0
2015-05-14 00:00:00,13.291354179382324,14.699999809265137,14.75,14.539999961853027,14.539999961853027,6600.0
2015-05-15 00:00:00,13.282315254211426,14.6899995803833,14.739999771118164,14.59000015258789,14.720000267028809,13300.0
2015-05-18 00:00:00,13.228065490722656,14.630000114440918,14.75,14.529999732971191,14.529999732971191,7800.0
2015-05-19 00:00:00,13.219024658203125,14.619999885559082,14.670000076293945,14.609999656677246,14.619999885559082,5600.0
2015-05-20 00:00:00,13.209980010986328,14.609999656677246,14.75,14.3100004196167,14.6899995803833,11900.0
2015-05-21 00:00:00,13.219024658203125,14.619999885559082,14.710000038146973,14.510000228881836,14.510000228881836,5000.0
2015-05-22 00:00:00,12.974895477294922,14.350000381469727,14.65999984741211,14.3100004196167,14.569999694824219,8600.0
2015-05-26 00:00:00,12.676518440246582,14.020000457763672,14.390000343322754,14.010000228881836,14.390000343322754,20200.0
2015-05-27 00:00:00,12.803099632263184,14.15999984741211,14.170000076293945,14.0,14.029999732971191,10400.0
2015-05-28 00:00:00,12.848310470581055,14.210000038146973,14.260000228881836,13.9399995803833,13.949999809265137,10100.0
2015-05-29 00:00:00,13.047231674194336,14.430000305175781,14.470000267028809,14.170000076293945,14.170000076293945,12800.0
2015-06-01 00:00:00,12.920644760131836,14.289999961853027,14.529999732971191,14.1899995803833,14.529999732971191,9400.0
2015-06-02 00:00:00,12.983936309814453,14.359999656677246,14.569999694824219,14.25,14.270000457763672,16800.0
2015-06-03 00:00:00,13.137642860412598,14.529999732971191,14.529999732971191,14.239999771118164,14.319999694824219,6200.0
2015-06-04 00:00:00,12.983621597290039,14.329999923706055,14.369999885559082,14.289999961853027,14.350000381469727,4900.0
2015-06-05 00:00:00,13.155769348144531,14.520000457763672,14.680000305175781,14.359999656677246,14.369999885559082,17600.0
2015-06-08 00:00:00,13.065163612365723,14.420000076293945,14.75,14.270000457763672,14.4399995803833,12000.0
2015-06-09 00:00:00,13.047043800354004,14.399999618530273,14.550000190734863,14.390000343322754,14.390000343322754,7600.0
2015-06-10 00:00:00,13.164827346801758,14.529999732971191,14.75,14.510000228881836,14.59000015258789,38700.0
2015-06-11 00:00:00,13.137643814086914,14.5,14.550000190734863,14.489999771118164,14.489999771118164,68900.0
2015-06-12 00:00:00,13.092342376708984,14.449999809265137,14.579999923706055,14.449999809265137,14.510000228881836,4300.0
2015-06-15 00:00:00,12.965497970581055,14.3100004196167,14.4399995803833,14.100000381469727,14.210000038146973,9900.0
2015-06-16 00:00:00,13.137643814086914,14.5,14.5,14.260000228881836,14.260000228881836,7300.0
2015-06-17 00:00:00,13.074225425720215,14.430000305175781,14.510000228881836,14.350000381469727,14.510000228881836,8500.0
2015-06-18 00:00:00,13.255433082580566,14.630000114440918,14.630000114440918,14.369999885559082,14.449999809265137,23700.0
2015-06-19 00:00:00,13.228253364562988,14.600000381469727,14.8100004196167,14.40999984741211,14.489999771118164,23900.0
2015-06-22 00:00:00,13.6812744140625,15.100000381469727,15.270000457763672,14.720000267028809,14.720000267028809,20500.0
2015-06-23 00:00:00,13.780938148498535,15.210000038146973,15.25,15.039999961853027,15.199999809265137,17100.0
2015-06-24 00:00:00,13.925905227661133,15.369999885559082,15.4399995803833,14.960000038146973,15.1899995803833,21100.0
2015-06-25 00:00:00,14.043693542480469,15.5,15.649999618530273,14.989999771118164,14.989999771118164,31300.0
2015-06-26 00:00:00,13.789998054504395,15.220000267028809,15.699999809265137,15.180000305175781,15.5600004196167,151500.0
2015-06-29 00:00:00,13.753759384155273,15.180000305175781,15.569999694824219,14.829999923706055,15.199999809265137,24500.0
2015-06-30 00:00:00,13.835301399230957,15.270000457763672,15.539999961853027,15.149999618530273,15.180000305175781,19300.0
2015-07-01 00:00:00,14.098055839538574,15.5600004196167,15.65999984741211,15.3100004196167,15.390000343322754,19400.0
2015-07-02 00:00:00,14.11617374420166,15.579999923706055,15.6899995803833,15.5,15.579999923706055,7400.0
2015-07-06 00:00:00,14.007450103759766,15.460000038146973,15.75,15.3100004196167,15.40999984741211,14100.0
2015-07-07 00:00:00,13.9440279006958,15.390000343322754,15.5,15.25,15.5,21700.0
2015-07-08 00:00:00,13.844362258911133,15.279999732971191,15.470000267028809,15.09000015258789,15.4399995803833,18300.0
2015-07-09 00:00:00,13.871542930603027,15.3100004196167,15.489999771118164,15.039999961853027,15.279999732971191,16200.0
2015-07-10 00:00:00,14.034632682800293,15.489999771118164,15.5,15.380000114440918,15.390000343322754,7800.0
2015-07-13 00:00:00,14.025568962097168,15.479999542236328,15.550000190734863,15.289999961853027,15.5,14900.0
2015-07-14 00:00:00,14.016509056091309,15.470000267028809,15.550000190734863,15.289999961853027,15.420000076293945,26100.0
2015-07-15 00:00:00,14.016509056091309,15.470000267028809,15.5,15.420000076293945,15.4399995803833,7900.0
2015-07-16 00:00:00,14.043693542480469,15.5,15.550000190734863,15.4399995803833,15.5,19800.0
2015-07-17 00:00:00,14.043693542480469,15.5,15.550000190734863,15.399999618530273,15.550000190734863,19600.0
2015-07-20 00:00:00,13.699396133422852,15.119999885559082,15.680000305175781,15.100000381469727,15.550000190734863,6500.0
2015-07-21 00:00:00,13.9440279006958,15.390000343322754,15.75,14.890000343322754,15.75,26700.0
2015-07-22 00:00:00,14.043693542480469,15.5,15.699999809265137,15.25,15.300000190734863,8000.0
2015-07-23 00:00:00,13.826241493225098,15.260000228881836,15.710000038146973,15.260000228881836,15.569999694824219,10700.0
2015-07-24 00:00:00,13.971207618713379,15.420000076293945,15.579999923706055,14.390000343322754,15.300000190734863,27200.0
2015-07-27 00:00:00,14.034632682800293,15.489999771118164,15.670000076293945,15.079999923706055,15.5,28300.0
2015-07-28 00:00:00,13.962146759033203,15.40999984741211,15.6899995803833,15.220000267028809,15.5600004196167,29600.0
2015-07-29 00:00:00,14.11617374420166,15.579999923706055,15.710000038146973,15.369999885559082,15.600000381469727,12400.0
2015-07-30 00:00:00,14.043693542480469,15.5,15.640000343322754,15.199999809265137,15.529999732971191,14500.0
2015-07-31 00:00:00,13.98932933807373,15.4399995803833,15.5600004196167,15.390000343322754,15.539999961853027,9300.0
2015-08-03 00:00:00,13.789998054504395,15.220000267028809,15.520000457763672,15.199999809265137,15.430000305175781,7800.0
2015-08-04 00:00:00,13.780938148498535,15.210000038146973,15.4399995803833,15.029999732971191,15.029999732971191,7500.0
2015-08-05 00:00:00,13.808119773864746,15.239999771118164,15.260000228881836,15.039999961853027,15.229999542236328,7800.0
2015-08-06 00:00:00,13.663152694702148,15.079999923706055,15.420000076293945,15.039999961853027,15.149999618530273,15100.0
2015-08-07 00:00:00,13.518187522888184,14.920000076293945,15.09000015258789,14.890000343322754,15.029999732971191,7500.0
2015-08-10 00:00:00,13.780938148498535,15.210000038146973,15.239999771118164,14.949999809265137,14.949999809265137,14100.0
2015-08-11 00:00:00,13.699396133422852,15.119999885559082,15.359999656677246,14.880000114440918,14.880000114440918,37600.0
2015-08-12 00:00:00,13.853422164916992,15.289999961853027,15.359999656677246,15.020000457763672,15.100000381469727,12500.0
2015-08-13 00:00:00,13.617850303649902,15.029999732971191,15.300000190734863,15.029999732971191,15.239999771118164,7100.0
2015-08-14 00:00:00,13.7628173828125,15.1899995803833,15.300000190734863,15.039999961853027,15.039999961853027,10000.0
2015-08-17 00:00:00,13.73563289642334,15.15999984741211,15.300000190734863,15.079999923706055,15.119999885559082,22200.0
2015-08-18 00:00:00,13.599730491638184,15.010000228881836,15.199999809265137,15.0,15.15999984741211,5300.0
2015-08-19 00:00:00,13.599730491638184,15.010000228881836,15.220000267028809,15.0,15.039999961853027,8600.0
2015-08-20 00:00:00,13.599730491638184,15.010000228881836,15.239999771118164,14.979999542236328,15.039999961853027,18900.0
2015-08-21 00:00:00,13.744697570800781,15.170000076293945,15.300000190734863,14.8100004196167,14.8100004196167,26100.0
2015-08-24 00:00:00,13.146708488464355,14.510000228881836,14.729999542236328,14.5,14.729999542236328,36600.0
2015-08-25 00:00:00,13.309793472290039,14.6899995803833,14.970000267028809,14.5,14.970000267028809,11600.0
2015-08-26 00:00:00,13.382280349731445,14.770000457763672,14.989999771118164,14.670000076293945,14.989999771118164,19300.0
2015-08-27 00:00:00,13.382280349731445,14.770000457763672,14.970000267028809,14.6899995803833,14.869999885559082,12400.0
2015-08-28 00:00:00,13.581607818603516,14.989999771118164,15.069999694824219,14.510000228881836,14.649999618530273,21100.0
2015-08-31 00:00:00,13.536308288574219,14.9399995803833,15.199999809265137,14.789999961853027,14.90999984741211,10300.0
2015-09-01 00:00:00,13.554428100585938,14.960000038146973,15.279999732971191,14.609999656677246,14.729999542236328,35500.0
2015-09-02 00:00:00,13.69033432006836,15.109999656677246,15.25,14.899999618530273,15.09000015258789,22500.0
2015-09-03 00:00:00,13.56323528289795,14.9399995803833,15.149999618530273,14.640000343322754,14.84000015258789,10100.0
2015-09-04 00:00:00,13.54507827758789,14.920000076293945,15.130000114440918,14.819999694824219,14.819999694824219,8300.0
2015-09-08 00:00:00,13.726648330688477,15.119999885559082,15.25,15.050000190734863,15.050000190734863,15600.0
2015-09-09 00:00:00,13.363508224487305,14.720000267028809,15.239999771118164,14.619999885559082,15.140000343322754,15800.0
2015-09-10 00:00:00,13.626786231994629,15.010000228881836,15.130000114440918,14.6899995803833,14.6899995803833,11800.0
2015-09-11 00:00:00,13.762962341308594,15.15999984741211,15.1899995803833,14.789999961853027,14.890000343322754,10800.0
2015-09-14 00:00:00,13.608627319335938,14.989999771118164,15.220000267028809,14.770000457763672,15.140000343322754,11400.0
2015-09-15 00:00:00,13.726648330688477,15.119999885559082,15.15999984741211,14.819999694824219,14.970000267028809,13600.0
2015-09-16 00:00:00,13.66309928894043,15.050000190734863,15.149999618530273,14.819999694824219,15.140000343322754,10100.0
2015-09-17 00:00:00,13.617706298828125,15.0,15.239999771118164,14.899999618530273,15.069999694824219,16000.0
2015-09-18 00:00:00,13.299958229064941,14.649999618530273,15.069999694824219,14.529999732971191,14.800000190734863,23600.0
2015-09-21 00:00:00,13.481532096862793,14.850000381469727,15.0,14.699999809265137,14.729999542236328,13900.0
2015-09-22 00:00:00,13.472452163696289,14.84000015258789,14.979999542236328,14.65999984741211,14.729999542236328,16300.0
2015-09-23 00:00:00,13.517844200134277,14.890000343322754,15.069999694824219,14.739999771118164,14.789999961853027,11300.0
2015-09-24 00:00:00,13.744805335998535,15.140000343322754,15.180000305175781,14.539999961853027,14.859999656677246,10800.0
2015-09-25 00:00:00,13.436136245727539,14.800000190734863,15.220000267028809,14.75,15.210000038146973,25400.0
2015-09-28 00:00:00,13.44521713256836,14.8100004196167,15.069999694824219,14.649999618530273,14.899999618530273,15000.0
2015-09-29 00:00:00,13.427058219909668,14.789999961853027,15.1899995803833,14.609999656677246,14.8100004196167,14000.0
2015-09-30 00:00:00,13.54507827758789,14.920000076293945,15.100000381469727,14.720000267028809,14.859999656677246,22400.0
2015-10-01 00:00:00,13.281804084777832,14.630000114440918,14.9399995803833,14.569999694824219,14.9399995803833,16800.0
2015-10-02 00:00:00,13.327197074890137,14.680000305175781,14.680000305175781,14.449999809265137,14.59000015258789,13600.0
2015-10-05 00:00:00,13.463373184204102,14.829999923706055,15.020000457763672,14.640000343322754,14.680000305175781,11500.0
2015-10-06 00:00:00,13.309038162231445,14.65999984741211,15.100000381469727,14.640000343322754,14.779999732971191,12400.0
2015-10-07 00:00:00,13.53600025177002,14.90999984741211,14.949999809265137,13.5600004196167,14.800000190734863,21000.0
2015-10-08 00:00:00,13.835588455200195,15.239999771118164,15.25,14.989999771118164,14.989999771118164,21100.0
2015-10-09 00:00:00,13.853748321533203,15.260000228881836,15.460000038146973,15.079999923706055,15.239999771118164,28400.0
2015-10-12 00:00:00,14.071627616882324,15.5,15.5,15.09000015258789,15.239999771118164,10500.0
2015-10-13 00:00:00,14.026238441467285,15.449999809265137,15.600000381469727,15.350000381469727,15.350000381469727,20000.0
2015-10-14 00:00:00,13.635865211486816,15.020000457763672,15.649999618530273,15.010000228881836,15.640000343322754,10900.0
2015-10-15 00:00:00,14.280435562133789,15.729999542236328,15.739999771118164,14.970000267028809,15.0,16800.0
2015-10-16 00:00:00,14.171492576599121,15.609999656677246,15.739999771118164,15.579999923706055,15.699999809265137,6700.0
2015-10-19 00:00:00,14.026238441467285,15.449999809265137,15.729999542236328,15.319999694824219,15.600000381469727,10600.0
2015-10-20 00:00:00,13.89006233215332,15.300000190734863,15.5,14.25,14.25,26800.0
2015-10-21 00:00:00,13.82651138305664,15.229999542236328,15.739999771118164,14.619999885559082,15.229999542236328,44900.0
2015-10-22 00:00:00,14.135178565979004,15.569999694824219,15.649999618530273,15.170000076293945,15.170000076293945,34400.0
2015-10-23 00:00:00,14.144258499145508,15.579999923706055,15.600000381469727,15.100000381469727,15.600000381469727,36400.0
2015-10-26 00:00:00,14.089787483215332,15.520000457763672,15.579999923706055,15.34000015258789,15.550000190734863,23500.0
2015-10-27 00:00:00,14.053473472595215,15.479999542236328,15.579999923706055,15.25,15.420000076293945,22100.0
2015-10-28 00:00:00,14.362140655517578,15.819999694824219,15.920000076293945,15.520000457763672,15.569999694824219,38200.0
2015-10-29 00:00:00,14.2350435256958,15.680000305175781,15.920000076293945,15.600000381469727,15.699999809265137,7700.0
2015-10-30 00:00:00,14.017158508300781,15.4399995803833,15.75,15.319999694824219,15.699999809265137,11900.0
2015-11-02 00:00:00,14.253199577331543,15.699999809265137,15.710000038146973,15.260000228881836,15.550000190734863,60100.0
2015-11-03 00:00:00,14.10794448852539,15.539999961853027,15.859999656677246,15.40999984741211,15.40999984741211,16100.0
2015-11-04 00:00:00,14.153336524963379,15.59000015258789,15.6899995803833,15.359999656677246,15.59000015258789,25100.0
2015-11-05 00:00:00,14.253199577331543,15.699999809265137,15.920000076293945,15.520000457763672,15.520000457763672,11600.0
2015-11-06 00:00:00,14.434767723083496,15.899999618530273,15.920000076293945,15.699999809265137,15.699999809265137,15800.0
2015-11-09 00:00:00,14.471083641052246,15.9399995803833,15.970000267028809,15.800000190734863,15.84000015258789,20500.0
2015-11-10 00:00:00,14.525553703308105,16.0,16.049999237060547,15.890000343322754,15.920000076293945,13200.0
2015-11-11 00:00:00,14.452927589416504,15.920000076293945,16.049999237060547,15.920000076293945,16.049999237060547,5200.0
2015-11-12 00:00:00,14.162412643432617,15.600000381469727,15.949999809265137,15.600000381469727,15.800000190734863,6300.0
2015-11-13 00:00:00,14.434767723083496,15.899999618530273,15.960000038146973,15.539999961853027,15.539999961853027,21700.0
2015-11-16 00:00:00,14.425689697265625,15.890000343322754,15.949999809265137,15.40999984741211,15.449999809265137,40000.0
2015-11-17 00:00:00,14.389376640319824,15.850000381469727,15.930000305175781,15.550000190734863,15.890000343322754,8300.0
2015-11-18 00:00:00,14.434767723083496,15.899999618530273,16.0,15.680000305175781,15.850000381469727,30300.0
2015-11-19 00:00:00,14.398453712463379,15.859999656677246,15.949999809265137,15.800000190734863,15.899999618530273,11000.0
2015-11-20 00:00:00,14.398453712463379,15.859999656677246,15.989999771118164,15.829999923706055,15.9399995803833,11200.0
2015-11-23 00:00:00,14.434767723083496,15.899999618530273,15.899999618530273,15.800000190734863,15.859999656677246,8500.0
2015-11-24 00:00:00,14.434767723083496,15.899999618530273,15.899999618530273,15.84000015258789,15.850000381469727,6800.0
2015-11-25 00:00:00,14.380298614501953,15.84000015258789,16.040000915527344,15.710000038146973,16.040000915527344,11000.0
2015-11-27 00:00:00,14.407533645629883,15.869999885559082,15.899999618530273,15.760000228881836,15.760000228881836,3500.0
2015-11-30 00:00:00,14.298592567443848,15.75,15.880000114440918,15.600000381469727,15.880000114440918,14100.0
2015-12-01 00:00:00,14.153336524963379,15.59000015258789,15.779999732971191,15.430000305175781,15.779999732971191,43800.0
2015-12-02 00:00:00,14.062551498413086,15.489999771118164,15.850000381469727,15.470000267028809,15.5600004196167,9600.0
2015-12-03 00:00:00,14.162672996520996,15.5600004196167,15.779999732971191,15.4399995803833,15.4399995803833,16100.0
2015-12-04 00:00:00,14.217286109924316,15.619999885559082,15.850000381469727,15.460000038146973,15.630000114440918,14100.0
2015-12-07 00:00:00,14.12626838684082,15.520000457763672,15.649999618530273,15.460000038146973,15.600000381469727,23700.0
2015-12-08 00:00:00,14.108060836791992,15.5,15.619999885559082,15.449999809265137,15.5,15100.0
2015-12-09 00:00:00,14.117164611816406,15.510000228881836,15.569999694824219,15.449999809265137,15.569999694824219,22700.0
2015-12-10 00:00:00,14.080756187438965,15.470000267028809,15.619999885559082,15.40999984741211,15.520000457763672,14400.0
2015-12-11 00:00:00,13.825900077819824,15.1899995803833,15.680000305175781,14.40999984741211,15.220000267028809,20200.0
2015-12-14 00:00:00,13.898716926574707,15.270000457763672,15.569999694824219,14.979999542236328,15.25,10900.0
2015-12-15 00:00:00,14.071651458740234,15.460000038146973,15.579999923706055,15.119999885559082,15.359999656677246,14200.0
2015-12-16 00:00:00,14.353816032409668,15.770000457763672,15.770000457763672,15.420000076293945,15.430000305175781,15700.0
2015-12-17 00:00:00,14.262795448303223,15.670000076293945,15.800000190734863,15.649999618530273,15.800000190734863,9700.0
2015-12-18 00:00:00,14.472140312194824,15.899999618530273,15.899999618530273,15.489999771118164,15.579999923706055,62800.0
2015-12-21 00:00:00,14.463038444519043,15.890000343322754,15.899999618530273,15.619999885559082,15.899999618530273,8400.0
2015-12-22 00:00:00,14.463038444519043,15.890000343322754,15.899999618530273,15.609999656677246,15.899999618530273,77000.0
2015-12-23 00:00:00,14.499445915222168,15.930000305175781,15.930000305175781,15.8100004196167,15.899999618530273,8400.0
2015-12-24 00:00:00,14.453936576843262,15.880000114440918,15.970000267028809,15.770000457763672,15.949999809265137,5400.0
2015-12-28 00:00:00,14.135367393493652,15.529999732971191,15.979999542236328,15.430000305175781,15.829999923706055,6900.0
2015-12-29 00:00:00,14.299205780029297,15.710000038146973,15.960000038146973,15.369999885559082,15.520000457763672,15800.0
2015-12-30 00:00:00,14.062551498413086,15.449999809265137,15.720000267028809,15.369999885559082,15.720000267028809,11200.0
2015-12-31 00:00:00,13.971529960632324,15.350000381469727,15.6899995803833,15.350000381469727,15.489999771118164,20800.0
2016-01-04 00:00:00,13.671168327331543,15.020000457763672,15.319999694824219,14.479999542236328,15.319999694824219,46500.0
2016-01-05 00:00:00,13.953327178955078,15.329999923706055,15.65999984741211,15.0,15.020000457763672,75600.0
2016-01-06 00:00:00,14.071651458740234,15.460000038146973,15.670000076293945,15.09000015258789,15.109999656677246,26500.0
2016-01-07 00:00:00,13.853205680847168,15.220000267028809,15.6899995803833,15.140000343322754,15.239999771118164,26400.0
2016-01-08 00:00:00,13.625657081604004,14.970000267028809,15.470000267028809,14.970000267028809,15.279999732971191,30000.0
2016-01-11 00:00:00,13.889615058898926,15.260000228881836,15.5600004196167,14.630000114440918,14.630000114440918,25300.0
2016-01-12 00:00:00,13.69847297668457,15.050000190734863,15.550000190734863,14.880000114440918,15.289999961853027,26200.0
2016-01-13 00:00:00,13.225170135498047,14.529999732971191,15.149999618530273,14.489999771118164,14.979999542236328,20200.0
2016-01-14 00:00:00,13.034029006958008,14.319999694824219,14.789999961853027,14.0,14.680000305175781,21700.0
2016-01-15 00:00:00,12.342280387878418,13.5600004196167,14.069999694824219,13.319999694824219,14.0,21800.0
2016-01-19 00:00:00,12.214851379394531,13.420000076293945,13.789999961853027,13.260000228881836,13.390000343322754,15700.0
2016-01-20 00:00:00,12.451502799987793,13.680000305175781,13.789999961853027,13.0,13.34000015258789,31600.0
2016-01-21 00:00:00,12.360482215881348,13.579999923706055,14.329999923706055,13.569999694824219,13.609999656677246,17100.0
2016-01-22 00:00:00,12.396889686584473,13.619999885559082,13.729999542236328,13.510000228881836,13.680000305175781,23400.0
2016-01-25 00:00:00,11.932689666748047,13.109999656677246,14.100000381469727,12.829999923706055,13.600000381469727,21100.0
2016-01-26 00:00:00,12.560725212097168,13.800000190734863,14.670000076293945,13.130000114440918,13.130000114440918,24700.0
2016-01-27 00:00:00,12.287667274475098,13.5,13.850000381469727,13.479999542236328,13.8100004196167,14600.0
2016-01-28 00:00:00,12.506114959716797,13.739999771118164,13.9399995803833,13.569999694824219,13.619999885559082,21200.0
2016-01-29 00:00:00,12.87929630279541,14.149999618530273,14.180000305175781,13.739999771118164,13.739999771118164,27300.0
2016-02-01 00:00:00,12.679051399230957,13.930000305175781,14.180000305175781,13.859999656677246,14.0600004196167,15300.0
2016-02-02 00:00:00,12.833785057067871,14.100000381469727,14.1899995803833,13.65999984741211,13.850000381469727,19800.0
2016-02-03 00:00:00,12.870195388793945,14.140000343322754,14.260000228881836,13.979999542236328,14.15999984741211,14700.0
2016-02-04 00:00:00,12.897499084472656,14.170000076293945,14.489999771118164,13.949999809265137,13.970000267028809,6400.0
2016-02-05 00:00:00,12.560725212097168,13.800000190734863,14.220000267028809,13.800000190734863,14.140000343322754,33700.0
2016-02-08 00:00:00,12.952112197875977,14.229999542236328,14.319999694824219,13.779999732971191,13.779999732971191,11500.0
2016-02-09 00:00:00,13.206966400146484,14.510000228881836,14.699999809265137,13.960000038146973,14.09000015258789,20100.0
2016-02-10 00:00:00,13.043132781982422,14.329999923706055,15.380000114440918,14.329999923706055,15.300000190734863,8100.0
2016-02-11 00:00:00,13.206966400146484,14.510000228881836,14.680000305175781,13.9399995803833,14.260000228881836,10800.0
2016-02-12 00:00:00,13.225170135498047,14.529999732971191,14.630000114440918,14.1899995803833,14.630000114440918,7400.0
2016-02-16 00:00:00,13.307085990905762,14.619999885559082,14.789999961853027,14.329999923706055,14.640000343322754,14700.0
2016-02-17 00:00:00,13.161456108093262,14.460000038146973,14.75,14.369999885559082,14.640000343322754,14800.0
2016-02-18 00:00:00,13.143253326416016,14.4399995803833,14.6899995803833,14.260000228881836,14.4399995803833,13200.0
2016-02-19 00:00:00,13.225170135498047,14.529999732971191,15.100000381469727,14.390000343322754,14.460000038146973,34800.0
2016-02-22 00:00:00,13.188762664794922,14.489999771118164,14.75,14.430000305175781,14.710000038146973,19900.0
2016-02-23 00:00:00,12.970314025878906,14.25,14.479999542236328,14.229999542236328,14.479999542236328,15300.0
2016-02-24 00:00:00,13.225170135498047,14.529999732971191,14.699999809265137,14.25,14.510000228881836,29500.0
2016-02-25 00:00:00,13.361700057983398,14.680000305175781,14.75,14.59000015258789,14.59000015258789,10900.0
2016-02-26 00:00:00,13.489127159118652,14.819999694824219,14.819999694824219,14.460000038146973,14.619999885559082,14400.0
2016-02-29 00:00:00,13.106844902038574,14.399999618530273,15.180000305175781,14.399999618530273,14.75,11000.0
2016-03-01 00:00:00,13.288886070251465,14.600000381469727,14.600000381469727,14.390000343322754,14.420000076293945,8000.0
2016-03-02 00:00:00,13.789491653442383,15.149999618530273,15.15999984741211,14.350000381469727,14.510000228881836,31600.0
2016-03-03 00:00:00,14.09065055847168,15.4399995803833,15.569999694824219,14.789999961853027,15.260000228881836,29300.0
2016-03-04 00:00:00,14.017644882202148,15.359999656677246,15.880000114440918,15.079999923706055,15.489999771118164,18500.0
2016-03-07 00:00:00,13.917257308959961,15.25,15.65999984741211,15.100000381469727,15.229999542236328,15600.0
2016-03-08 00:00:00,13.871626853942871,15.199999809265137,15.270000457763672,15.09000015258789,15.210000038146973,15800.0
2016-03-09 00:00:00,13.725610733032227,15.039999961853027,15.40999984741211,14.899999618530273,15.40999984741211,20800.0
2016-03-10 00:00:00,13.506583213806152,14.800000190734863,15.34000015258789,14.789999961853027,15.020000457763672,47000.0
2016-03-11 00:00:00,13.506583213806152,14.800000190734863,15.039999961853027,14.770000457763672,14.770000457763672,42100.0
2016-03-14 00:00:00,13.269305229187012,14.539999961853027,14.899999618530273,14.489999771118164,14.899999618530273,16700.0
2016-03-15 00:00:00,13.00464916229248,14.25,14.739999771118164,14.15999984741211,14.569999694824219,21300.0
2016-03-16 00:00:00,13.187171936035156,14.449999809265137,14.699999809265137,13.979999542236328,14.699999809265137,59100.0
2016-03-17 00:00:00,13.387945175170898,14.670000076293945,14.710000038146973,14.1899995803833,14.600000381469727,18700.0
2016-03-18 00:00:00,13.570466041564941,14.869999885559082,14.979999542236328,14.609999656677246,14.75,57500.0
2016-03-21 00:00:00,13.178046226501465,14.4399995803833,15.140000343322754,14.430000305175781,14.8100004196167,24700.0
2016-03-22 00:00:00,12.940766334533691,14.180000305175781,14.65999984741211,14.050000190734863,14.40999984741211,17000.0
2016-03-23 00:00:00,12.959019660949707,14.199999809265137,14.399999618530273,14.199999809265137,14.199999809265137,23900.0
2016-03-24 00:00:00,12.977272987365723,14.220000267028809,14.4399995803833,14.1899995803833,14.199999809265137,14900.0
2016-03-28 00:00:00,12.959019660949707,14.199999809265137,14.460000038146973,14.180000305175781,14.279999732971191,11700.0
2016-03-29 00:00:00,13.287556648254395,14.5600004196167,14.59000015258789,14.199999809265137,14.199999809265137,12900.0
2016-03-30 00:00:00,13.223676681518555,14.489999771118164,14.739999771118164,14.399999618530273,14.470000267028809,8500.0
2016-03-31 00:00:00,13.314936637878418,14.59000015258789,14.670000076293945,14.489999771118164,14.569999694824219,15300.0
2016-04-01 00:00:00,13.187171936035156,14.449999809265137,14.699999809265137,14.359999656677246,14.699999809265137,9400.0
2016-04-04 00:00:00,12.986397743225098,14.229999542236328,14.460000038146973,14.1899995803833,14.380000114440918,20400.0
2016-04-05 00:00:00,12.995522499084473,14.239999771118164,14.350000381469727,14.09000015258789,14.09000015258789,10600.0
2016-04-06 00:00:00,13.05028247833252,14.300000190734863,14.359999656677246,14.170000076293945,14.199999809265137,9300.0
2016-04-07 00:00:00,12.922513008117676,14.15999984741211,14.329999923706055,14.149999618530273,14.229999542236328,11100.0
2016-04-08 00:00:00,12.959019660949707,14.199999809265137,14.5,14.149999618530273,14.25,12600.0
2016-04-11 00:00:00,13.00464916229248,14.25,14.510000228881836,14.15999984741211,14.239999771118164,8800.0
2016-04-12 00:00:00,13.114163398742676,14.369999885559082,14.449999809265137,14.25,14.25,11700.0
2016-04-13 00:00:00,13.187171936035156,14.449999809265137,14.630000114440918,14.25,14.25,27200.0
2016-04-14 00:00:00,13.187171936035156,14.449999809265137,14.800000190734863,14.399999618530273,14.5,27600.0
2016-04-15 00:00:00,13.159793853759766,14.420000076293945,14.670000076293945,14.380000114440918,14.380000114440918,11000.0
2016-04-18 00:00:00,13.305810928344727,14.579999923706055,14.65999984741211,14.420000076293945,14.449999809265137,6800.0
2016-04-19 00:00:00,13.205423355102539,14.470000267028809,14.579999923706055,14.449999809265137,14.449999809265137,57500.0
2016-04-20 00:00:00,13.442699432373047,14.729999542236328,14.800000190734863,14.470000267028809,14.520000457763672,10400.0
2016-04-21 00:00:00,13.433574676513672,14.720000267028809,14.789999961853027,14.670000076293945,14.789999961853027,15300.0
2016-04-22 00:00:00,13.460955619812012,14.75,14.859999656677246,14.699999809265137,14.800000190734863,30100.0
2016-04-25 00:00:00,13.752986907958984,15.069999694824219,15.170000076293945,14.670000076293945,14.75,12100.0
2016-04-26 00:00:00,13.835122108459473,15.15999984741211,15.199999809265137,15.079999923706055,15.109999656677246,13100.0
2016-04-27 00:00:00,13.844250679016113,15.170000076293945,15.239999771118164,14.949999809265137,15.1899995803833,14800.0
2016-04-28 00:00:00,13.616097450256348,14.920000076293945,15.34000015258789,14.899999618530273,15.050000190734863,17900.0
2016-04-29 00:00:00,13.524835586547852,14.819999694824219,15.529999732971191,14.75,15.529999732971191,10700.0
2016-05-02 00:00:00,13.47007942199707,14.760000228881836,15.020000457763672,14.579999923706055,14.890000343322754,10900.0
2016-05-03 00:00:00,13.269305229187012,14.539999961853027,14.930000305175781,14.539999961853027,14.930000305175781,10500.0
2016-05-04 00:00:00,13.34231185913086,14.619999885559082,14.6899995803833,14.300000190734863,14.550000190734863,13300.0
2016-05-05 00:00:00,13.132415771484375,14.390000343322754,14.680000305175781,14.279999732971191,14.680000305175781,25000.0
2016-05-06 00:00:00,13.241929054260254,14.510000228881836,14.619999885559082,14.319999694824219,14.369999885559082,20500.0
2016-05-09 00:00:00,13.369691848754883,14.649999618530273,14.65999984741211,14.399999618530273,14.5,31200.0
2016-05-10 00:00:00,13.698233604431152,15.010000228881836,15.119999885559082,14.649999618530273,14.649999618530273,22000.0
2016-05-11 00:00:00,13.543088912963867,14.84000015258789,15.050000190734863,14.829999923706055,15.050000190734863,9100.0
2016-05-12 00:00:00,13.679977416992188,14.989999771118164,15.010000228881836,14.680000305175781,14.960000038146973,16100.0
2016-05-13 00:00:00,13.679977416992188,14.989999771118164,15.020000457763672,14.949999809265137,15.0,9800.0
2016-05-16 00:00:00,13.752986907958984,15.069999694824219,15.100000381469727,14.880000114440918,15.079999923706055,10100.0
2016-05-17 00:00:00,13.415323257446289,14.699999809265137,15.100000381469727,14.609999656677246,15.09000015258789,15300.0
2016-05-18 00:00:00,13.807746887207031,15.130000114440918,15.239999771118164,14.75,14.75,14900.0
2016-05-19 00:00:00,13.707358360290527,15.020000457763672,15.140000343322754,14.899999618530273,15.0,12500.0
2016-05-20 00:00:00,13.944635391235352,15.279999732971191,15.300000190734863,15.100000381469727,15.100000381469727,16500.0
2016-05-23 00:00:00,13.962886810302734,15.300000190734863,15.460000038146973,15.229999542236328,15.329999923706055,9700.0
2016-05-24 00:00:00,14.428319931030273,15.8100004196167,15.850000381469727,15.4399995803833,15.449999809265137,20100.0
2016-05-25 00:00:00,14.081528663635254,15.430000305175781,15.960000038146973,15.390000343322754,15.770000457763672,24900.0
2016-05-26 00:00:00,14.081528663635254,15.430000305175781,15.760000228881836,15.220000267028809,15.479999542236328,31400.0
2016-05-27 00:00:00,14.099778175354004,15.449999809265137,15.680000305175781,15.329999923706055,15.420000076293945,11800.0
2016-05-31 00:00:00,14.14540958404541,15.5,15.5,15.270000457763672,15.460000038146973,13000.0
2016-06-01 00:00:00,14.136282920837402,15.489999771118164,15.670000076293945,15.229999542236328,15.390000343322754,9900.0
2016-06-02 00:00:00,14.182031631469727,15.5,15.600000381469727,15.210000038146973,15.300000190734863,16200.0
2016-06-03 00:00:00,13.99903678894043,15.300000190734863,15.449999809265137,15.15999984741211,15.449999809265137,110100.0
2016-06-06 00:00:00,14.099681854248047,15.40999984741211,15.550000190734863,15.329999923706055,15.359999656677246,17400.0
2016-06-07 00:00:00,13.953290939331055,15.25,15.399999618530273,15.170000076293945,15.300000190734863,34000.0
2016-06-08 00:00:00,13.834342002868652,15.119999885559082,15.550000190734863,15.079999923706055,15.550000190734863,25600.0
2016-06-09 00:00:00,13.706249237060547,14.979999542236328,15.109999656677246,14.65999984741211,14.859999656677246,15100.0
2016-06-10 00:00:00,13.504953384399414,14.760000228881836,14.960000038146973,14.609999656677246,14.960000038146973,10800.0
2016-06-13 00:00:00,13.623900413513184,14.890000343322754,15.5,14.460000038146973,14.779999732971191,22200.0
2016-06-14 00:00:00,13.687950134277344,14.960000038146973,15.1899995803833,14.800000190734863,15.1899995803833,15600.0
2016-06-15 00:00:00,13.578150749206543,14.84000015258789,15.069999694824219,14.680000305175781,14.680000305175781,23400.0
2016-06-16 00:00:00,13.605598449707031,14.869999885559082,15.0,14.600000381469727,14.789999961853027,25100.0
2016-06-17 00:00:00,13.687950134277344,14.960000038146973,15.010000228881836,14.729999542236328,14.920000076293945,33800.0
2016-06-20 00:00:00,13.962440490722656,15.260000228881836,15.3100004196167,14.960000038146973,15.010000228881836,15100.0
2016-06-21 00:00:00,14.063084602355957,15.369999885559082,15.449999809265137,14.989999771118164,14.989999771118164,13700.0
2016-06-22 00:00:00,13.770297050476074,15.050000190734863,15.600000381469727,14.880000114440918,15.479999542236328,39800.0
2016-06-23 00:00:00,14.099681854248047,15.40999984741211,15.449999809265137,14.899999618530273,15.100000381469727,30600.0
2016-06-24 00:00:00,13.175564765930176,14.399999618530273,15.170000076293945,14.270000457763672,14.9399995803833,64200.0
2016-06-27 00:00:00,12.8187255859375,14.010000228881836,14.399999618530273,13.960000038146973,14.399999618530273,17000.0
2016-06-28 00:00:00,12.589985847473145,13.760000228881836,14.239999771118164,13.15999984741211,14.130000114440918,14800.0
2016-06-29 00:00:00,12.61743450164795,13.789999961853027,14.199999809265137,13.239999771118164,13.869999885559082,16100.0
2016-06-30 00:00:00,12.736377716064453,13.920000076293945,13.979999542236328,13.65999984741211,13.75,13900.0
2016-07-01 00:00:00,12.489336013793945,13.649999618530273,13.829999923706055,13.600000381469727,13.819999694824219,9500.0
2016-07-05 00:00:00,12.39784049987793,13.550000190734863,13.65999984741211,13.319999694824219,13.319999694824219,16400.0
2016-07-06 00:00:00,12.443587303161621,13.600000381469727,13.710000038146973,13.539999961853027,13.630000114440918,8200.0
2016-07-07 00:00:00,12.333792686462402,13.479999542236328,13.65999984741211,13.449999809265137,13.569999694824219,7900.0
2016-07-08 00:00:00,12.452737808227539,13.609999656677246,13.899999618530273,13.479999542236328,13.539999961853027,14300.0
2016-07-11 00:00:00,12.910224914550781,14.109999656677246,14.329999923706055,13.5600004196167,13.670000076293945,18900.0
2016-07-12 00:00:00,13.239612579345703,14.470000267028809,14.680000305175781,13.819999694824219,14.210000038146973,18700.0
2016-07-13 00:00:00,13.28536319732666,14.520000457763672,14.680000305175781,13.539999961853027,14.369999885559082,15200.0
2016-07-14 00:00:00,13.431756973266602,14.680000305175781,14.729999542236328,13.630000114440918,14.670000076293945,5800.0
2016-07-15 00:00:00,13.569001197814941,14.829999923706055,14.920000076293945,14.199999809265137,14.789999961853027,12000.0
2016-07-18 00:00:00,13.642197608947754,14.90999984741211,14.90999984741211,14.180000305175781,14.779999732971191,7000.0
2016-07-19 00:00:00,13.633051872253418,14.899999618530273,15.0,14.779999732971191,14.829999923706055,7100.0
2016-07-20 00:00:00,13.514103889465332,14.770000457763672,14.899999618530273,14.59000015258789,14.800000190734863,5000.0
2016-07-21 00:00:00,13.312810897827148,14.550000190734863,14.789999961853027,14.40999984741211,14.789999961853027,6700.0
2016-07-22 00:00:00,13.395157814025879,14.640000343322754,14.75,14.5,14.699999809265137,10900.0
2016-07-25 00:00:00,13.404305458068848,14.649999618530273,14.800000190734863,14.380000114440918,14.569999694824219,13600.0
2016-07-26 00:00:00,13.239612579345703,14.470000267028809,15.350000381469727,14.449999809265137,14.550000190734863,73700.0
2016-07-27 00:00:00,13.065770149230957,14.279999732971191,14.5600004196167,14.210000038146973,14.5,26100.0
2016-07-28 00:00:00,12.88277530670166,14.079999923706055,14.180000305175781,13.8100004196167,14.100000381469727,10400.0
2016-07-29 00:00:00,13.093216896057129,14.3100004196167,14.699999809265137,14.130000114440918,14.130000114440918,17900.0
2016-08-01 00:00:00,12.763826370239258,13.949999809265137,14.399999618530273,13.949999809265137,14.390000343322754,13000.0
2016-08-02 00:00:00,12.708929061889648,13.890000343322754,14.069999694824219,13.8100004196167,14.069999694824219,7700.0
2016-08-03 00:00:00,12.69978141784668,13.880000114440918,13.960000038146973,13.699999809265137,13.779999732971191,42000.0
2016-08-04 00:00:00,12.434438705444336,13.59000015258789,13.960000038146973,13.569999694824219,13.8100004196167,4800.0
2016-08-05 00:00:00,12.66318416595459,13.84000015258789,13.989999771118164,13.699999809265137,13.699999809265137,16800.0
2016-08-08 00:00:00,12.690631866455078,13.869999885559082,13.979999542236328,13.6899995803833,13.84000015258789,8400.0
2016-08-09 00:00:00,12.809578895568848,14.0,14.079999923706055,13.880000114440918,13.949999809265137,15300.0
2016-08-10 00:00:00,12.772979736328125,13.960000038146973,14.029999732971191,13.819999694824219,14.0,6900.0
2016-08-11 00:00:00,12.782125473022461,13.970000267028809,14.149999618530273,13.770000457763672,13.920000076293945,30900.0
2016-08-12 00:00:00,12.891924858093262,14.09000015258789,14.229999542236328,13.800000190734863,14.029999732971191,14700.0
2016-08-15 00:00:00,12.928522109985352,14.130000114440918,14.270000457763672,13.850000381469727,13.850000381469727,13000.0
2016-08-16 00:00:00,12.827877044677734,14.020000457763672,14.25,14.0,14.079999923706055,10600.0
2016-08-17 00:00:00,12.8187255859375,14.010000228881836,14.1899995803833,13.880000114440918,14.0,6400.0
2016-08-18 00:00:00,12.809578895568848,14.0,14.100000381469727,13.949999809265137,14.100000381469727,14500.0
2016-08-19 00:00:00,12.718076705932617,13.899999618530273,14.0,13.869999885559082,14.0,15200.0
2016-08-22 00:00:00,12.708929061889648,13.890000343322754,13.979999542236328,13.729999542236328,13.819999694824219,11500.0
2016-08-23 00:00:00,12.66318416595459,13.84000015258789,13.960000038146973,13.829999923706055,13.960000038146973,6600.0
2016-08-24 00:00:00,12.69978141784668,13.880000114440918,14.0,13.84000015258789,13.899999618530273,26300.0
2016-08-25 00:00:00,12.69978141784668,13.880000114440918,14.09000015258789,13.869999885559082,14.09000015258789,14600.0
2016-08-26 00:00:00,12.727228164672852,13.90999984741211,14.09000015258789,13.8100004196167,14.09000015258789,6000.0
2016-08-29 00:00:00,12.763826370239258,13.949999809265137,14.130000114440918,13.880000114440918,14.079999923706055,25800.0
2016-08-30 00:00:00,12.782125473022461,13.970000267028809,14.229999542236328,13.899999618530273,14.1899995803833,30700.0
2016-08-31 00:00:00,12.800427436828613,13.989999771118164,14.119999885559082,13.960000038146973,14.119999885559082,21200.0
2016-09-01 00:00:00,12.818778038024902,13.970000267028809,14.199999809265137,13.880000114440918,13.880000114440918,15200.0
2016-09-02 00:00:00,13.029825210571289,14.199999809265137,14.199999809265137,14.010000228881836,14.050000190734863,12800.0
2016-09-06 00:00:00,13.341806411743164,14.539999961853027,14.550000190734863,14.170000076293945,14.170000076293945,10700.0
2016-09-07 00:00:00,13.488621711730957,14.699999809265137,14.899999618530273,14.479999542236328,14.520000457763672,13900.0
2016-09-08 00:00:00,13.938240051269531,15.1899995803833,15.199999809265137,14.760000228881836,14.770000457763672,16200.0
2016-09-09 00:00:00,13.653787612915039,14.880000114440918,15.220000267028809,14.770000457763672,15.210000038146973,41200.0
2016-09-12 00:00:00,13.644611358642578,14.869999885559082,15.069999694824219,14.5600004196167,14.930000305175781,22400.0
2016-09-13 00:00:00,13.653787612915039,14.880000114440918,14.979999542236328,14.510000228881836,14.720000267028809,18900.0
2016-09-14 00:00:00,13.91071605682373,15.15999984741211,15.289999961853027,14.800000190734863,14.9399995803833,16800.0
2016-09-15 00:00:00,13.846484184265137,15.09000015258789,15.279999732971191,15.0,15.0600004196167,11900.0
2016-09-16 00:00:00,13.571205139160156,14.789999961853027,15.239999771118164,14.720000267028809,15.140000343322754,73100.0
2016-09-19 00:00:00,13.626260757446289,14.850000381469727,15.050000190734863,14.640000343322754,14.930000305175781,13700.0
2016-09-20 00:00:00,13.727197647094727,14.960000038146973,15.069999694824219,14.84000015258789,14.9399995803833,4900.0
2016-09-21 00:00:00,13.88318920135498,15.130000114440918,15.149999618530273,15.010000228881836,15.069999694824219,9300.0
2016-09-22 00:00:00,13.974946975708008,15.229999542236328,15.260000228881836,15.050000190734863,15.1899995803833,12500.0
2016-09-23 00:00:00,13.956594467163086,15.210000038146973,15.279999732971191,15.149999618530273,15.149999618530273,5000.0
2016-09-26 00:00:00,13.580379486083984,14.800000190734863,15.239999771118164,14.800000190734863,15.079999923706055,13100.0
2016-09-27 00:00:00,13.323456764221191,14.520000457763672,14.779999732971191,14.130000114440918,14.779999732971191,27800.0
2016-09-28 00:00:00,13.534502029418945,14.75,14.800000190734863,14.270000457763672,14.640000343322754,73800.0
2016-09-29 00:00:00,13.350983619689941,14.550000190734863,14.800000190734863,14.489999771118164,14.680000305175781,43100.0
2016-09-30 00:00:00,13.552855491638184,14.770000457763672,15.069999694824219,14.609999656677246,14.609999656677246,121100.0
2016-10-03 00:00:00,13.506973266601562,14.720000267028809,14.949999809265137,14.510000228881836,14.800000190734863,11700.0
2016-10-04 00:00:00,13.635435104370117,14.859999656677246,14.989999771118164,14.649999618530273,14.6899995803833,11000.0
2016-10-05 00:00:00,13.708845138549805,14.9399995803833,15.210000038146973,14.84000015258789,14.869999885559082,9300.0
2016-10-06 00:00:00,13.635435104370117,14.859999656677246,15.109999656677246,14.760000228881836,14.760000228881836,14800.0
2016-10-07 00:00:00,13.644611358642578,14.869999885559082,14.970000267028809,14.720000267028809,14.800000190734863,5700.0
2016-10-10 00:00:00,13.745550155639648,14.979999542236328,15.079999923706055,14.770000457763672,14.770000457763672,17100.0
2016-10-11 00:00:00,13.782255172729492,15.020000457763672,15.229999542236328,14.930000305175781,14.979999542236328,20400.0
2016-10-12 00:00:00,13.901537895202637,15.149999618530273,15.199999809265137,14.989999771118164,14.989999771118164,7100.0
2016-10-13 00:00:00,13.809778213500977,15.050000190734863,15.170000076293945,15.0,15.020000457763672,11200.0
2016-10-14 00:00:00,13.855659484863281,15.100000381469727,15.1899995803833,15.010000228881836,15.100000381469727,8500.0
2016-10-17 00:00:00,13.901537895202637,15.149999618530273,15.25,14.9399995803833,15.25,20000.0
2016-10-18 00:00:00,13.965771675109863,15.220000267028809,15.300000190734863,15.039999961853027,15.300000190734863,12800.0
2016-10-19 00:00:00,13.956594467163086,15.210000038146973,15.300000190734863,15.170000076293945,15.300000190734863,6400.0
2016-10-20 00:00:00,14.011649131774902,15.270000457763672,15.300000190734863,15.1899995803833,15.270000457763672,4800.0
2016-10-21 00:00:00,14.039177894592285,15.300000190734863,15.380000114440918,15.029999732971191,15.119999885559082,9600.0
2016-10-24 00:00:00,14.167638778686523,15.4399995803833,15.470000267028809,15.319999694824219,15.399999618530273,3200.0
2016-10-25 00:00:00,14.176817893981934,15.449999809265137,15.489999771118164,15.359999656677246,15.489999771118164,12300.0
2016-10-26 00:00:00,14.029999732971191,15.289999961853027,15.470000267028809,15.279999732971191,15.390000343322754,4500.0
2016-10-27 00:00:00,13.901537895202637,15.149999618530273,15.4399995803833,15.140000343322754,15.4399995803833,6600.0
2016-10-28 00:00:00,13.81895637512207,15.0600004196167,15.100000381469727,14.989999771118164,15.0600004196167,4700.0
2016-10-31 00:00:00,13.800603866577148,15.039999961853027,15.149999618530273,14.869999885559082,15.100000381469727,11500.0
2016-11-01 00:00:00,13.745550155639648,14.979999542236328,15.430000305175781,14.899999618530273,15.100000381469727,13200.0
2016-11-02 00:00:00,13.277575492858887,14.470000267028809,15.029999732971191,14.430000305175781,15.029999732971191,18400.0
2016-11-03 00:00:00,13.461095809936523,14.670000076293945,14.699999809265137,14.449999809265137,14.510000228881836,27400.0
2016-11-04 00:00:00,13.488621711730957,14.699999809265137,14.9399995803833,14.609999656677246,14.609999656677246,9400.0
2016-11-07 00:00:00,13.791425704956055,15.029999732971191,15.079999923706055,14.880000114440918,14.949999809265137,7900.0
2016-11-08 00:00:00,13.81895637512207,15.0600004196167,15.100000381469727,14.989999771118164,14.989999771118164,4900.0
2016-11-09 00:00:00,14.176817893981934,15.449999809265137,15.470000267028809,14.979999542236328,15.09000015258789,27200.0
2016-11-10 00:00:00,14.865012168884277,16.200000762939453,17.1299991607666,14.289999961853027,15.539999961853027,67800.0
2016-11-11 00:00:00,15.498152732849121,16.889999389648438,17.149999618530273,15.989999771118164,16.18000030517578,48800.0
2016-11-14 00:00:00,15.406392097473145,16.790000915527344,17.239999771118164,16.479999542236328,17.190000534057617,28000.0
2016-11-15 00:00:00,15.87436580657959,17.299999237060547,17.479999542236328,16.6200008392334,16.6200008392334,12500.0
2016-11-16 00:00:00,15.72754955291748,17.139999389648438,17.25,15.550000190734863,17.209999084472656,25700.0
2016-11-17 00:00:00,16.33315658569336,17.799999237060547,18.110000610351562,17.139999389648438,17.139999389648438,14800.0
2016-11-18 00:00:00,16.213871002197266,17.670000076293945,17.829999923706055,17.190000534057617,17.829999923706055,23900.0
2016-11-21 00:00:00,16.663494110107422,18.15999984741211,18.25,17.3700008392334,17.6299991607666,33000.0
2016-11-22 00:00:00,17.241579055786133,18.790000915527344,18.889999389648438,17.809999465942383,18.290000915527344,22900.0
2016-11-23 00:00:00,17.819664001464844,19.420000076293945,19.68000030517578,18.559999465942383,18.559999465942383,47200.0
2016-11-25 00:00:00,17.84719467163086,19.450000762939453,19.610000610351562,18.93000030517578,19.149999618530273,30700.0
2016-11-28 00:00:00,17.168170928955078,18.709999084472656,19.149999618530273,18.309999465942383,19.149999618530273,29900.0
2016-11-29 00:00:00,17.489328384399414,19.059999465942383,19.360000610351562,17.700000762939453,18.739999771118164,26500.0
2016-11-30 00:00:00,17.2966365814209,18.850000381469727,19.18000030517578,18.739999771118164,19.18000030517578,22400.0
2016-12-01 00:00:00,17.121826171875,18.610000610351562,18.899999618530273,18.489999771118164,18.899999618530273,13600.0
2016-12-02 00:00:00,16.98381805419922,18.459999084472656,18.739999771118164,18.280000686645508,18.56999969482422,54400.0
2016-12-05 00:00:00,17.848651885986328,19.399999618530273,19.450000762939453,18.3799991607666,18.540000915527344,67600.0
2016-12-06 00:00:00,18.400671005249023,20.0,20.34000015258789,19.729999542236328,19.729999542236328,67100.0
2016-12-07 00:00:00,18.63068199157715,20.25,20.489999771118164,19.809999465942383,19.809999465942383,11800.0
2016-12-08 00:00:00,19.467912673950195,21.15999984741211,21.5,19.760000228881836,19.760000228881836,19100.0
2016-12-09 00:00:00,20.489152908325195,22.270000457763672,22.610000610351562,20.5,21.059999465942383,37300.0
2016-12-12 00:00:00,19.716323852539062,21.43000030517578,23.149999618530273,21.25,22.09000015258789,20200.0
2016-12-13 00:00:00,19.743919372558594,21.459999084472656,23.110000610351562,21.100000381469727,21.65999984741211,18300.0
2016-12-14 00:00:00,19.54151725769043,21.239999771118164,21.889999389648438,21.020000457763672,21.450000762939453,20200.0
2016-12-15 00:00:00,19.228702545166016,20.899999618530273,21.3799991607666,20.18000030517578,21.3799991607666,33200.0
2016-12-16 00:00:00,18.67668914794922,20.299999237060547,20.90999984741211,20.209999084472656,20.850000381469727,123600.0
2016-12-19 00:00:00,19.164302825927734,20.829999923706055,20.889999389648438,20.09000015258789,20.520000457763672,28100.0
2016-12-20 00:00:00,19.247106552124023,20.920000076293945,20.950000762939453,20.299999237060547,20.950000762939453,18200.0
2016-12-21 00:00:00,18.980295181274414,20.6299991607666,20.920000076293945,19.649999618530273,20.219999313354492,81400.0
2016-12-22 00:00:00,19.145898818969727,20.809999465942383,20.860000610351562,20.520000457763672,20.520000457763672,29200.0
2016-12-23 00:00:00,19.201101303100586,20.8700008392334,20.950000762939453,20.84000015258789,20.84000015258789,8400.0
2016-12-27 00:00:00,19.293106079101562,20.969999313354492,21.0,20.40999984741211,20.790000915527344,14500.0
2016-12-28 00:00:00,19.109100341796875,20.770000457763672,20.979999542236328,20.639999389648438,20.979999542236328,13900.0
2016-12-29 00:00:00,18.92509651184082,20.56999969482422,20.889999389648438,20.229999542236328,20.700000762939453,16000.0
2016-12-30 00:00:00,18.8422908782959,20.479999542236328,20.700000762939453,20.25,20.56999969482422,13100.0
2017-01-03 00:00:00,19.18270492553711,20.850000381469727,21.0,20.440000534057617,20.700000762939453,21100.0
2017-01-04 00:00:00,19.219507217407227,20.889999389648438,21.0,20.549999237060547,20.959999084472656,12900.0
2017-01-05 00:00:00,18.823888778686523,20.459999084472656,20.93000030517578,20.420000076293945,20.829999923706055,8300.0
2017-01-06 00:00:00,18.685884475708008,20.309999465942383,20.65999984741211,20.079999923706055,20.65999984741211,9300.0
2017-01-09 00:00:00,18.35467529296875,19.950000762939453,20.1200008392334,19.809999465942383,20.1200008392334,12300.0
2017-01-10 00:00:00,18.538681030273438,20.149999618530273,20.18000030517578,19.309999465942383,19.600000381469727,13900.0
2017-01-11 00:00:00,18.80548858642578,20.440000534057617,20.6200008392334,19.959999084472656,19.989999771118164,15200.0
2017-01-12 00:00:00,18.419076919555664,20.020000457763672,20.25,19.729999542236328,20.040000915527344,9000.0
2017-01-13 00:00:00,18.50187873840332,20.110000610351562,20.389999389648438,20.040000915527344,20.100000381469727,9800.0
2017-01-17 00:00:00,18.20747184753418,19.790000915527344,19.899999618530273,19.350000381469727,19.899999618530273,16300.0
2017-01-18 00:00:00,18.35467529296875,19.950000762939453,20.209999084472656,19.700000762939453,19.920000076293945,21300.0
2017-01-19 00:00:00,18.18906593322754,19.770000457763672,20.290000915527344,19.489999771118164,19.940000534057617,12700.0
2017-01-20 00:00:00,18.262672424316406,19.850000381469727,20.06999969482422,19.690000534057617,19.899999618530273,12600.0
2017-01-23 00:00:00,17.977458953857422,19.540000915527344,20.040000915527344,19.440000534057617,19.8799991607666,7800.0
2017-01-24 00:00:00,18.621484756469727,20.239999771118164,20.389999389648438,20.0,20.0,83600.0
2017-01-25 00:00:00,19.12750244140625,20.790000915527344,20.950000762939453,20.219999313354492,20.219999313354492,21600.0
2017-01-26 00:00:00,19.145898818969727,20.809999465942383,20.850000381469727,20.489999771118164,20.790000915527344,8900.0
2017-01-27 00:00:00,19.0906982421875,20.75,20.889999389648438,20.649999618530273,20.68000030517578,17800.0
2017-01-30 00:00:00,18.943492889404297,20.59000015258789,20.709999084472656,20.399999618530273,20.709999084472656,19700.0
2017-01-31 00:00:00,19.03549575805664,20.690000534057617,20.770000457763672,20.459999084472656,20.600000381469727,16900.0
2017-02-01 00:00:00,19.228702545166016,20.899999618530273,20.979999542236328,20.700000762939453,20.770000457763672,18300.0
2017-02-02 00:00:00,19.145898818969727,20.809999465942383,20.899999618530273,20.719999313354492,20.780000686645508,16100.0
2017-02-03 00:00:00,19.329910278320312,21.010000228881836,21.010000228881836,20.860000610351562,20.989999771118164,36700.0
2017-02-06 00:00:00,19.54151725769043,21.239999771118164,21.469999313354492,20.989999771118164,20.989999771118164,28300.0
2017-02-07 00:00:00,18.989498138427734,20.639999389648438,21.5,20.610000610351562,21.18000030517578,16700.0
2017-02-08 00:00:00,18.28107261657715,19.8700008392334,20.760000228881836,19.399999618530273,20.5,67300.0
2017-02-09 00:00:00,18.529483795166016,20.139999389648438,20.420000076293945,19.8799991607666,20.309999465942383,51400.0
2017-02-10 00:00:00,18.7410888671875,20.3700008392334,20.579999923706055,20.190000534057617,20.270000457763672,14700.0
2017-02-13 00:00:00,19.118303298950195,20.780000686645508,21.040000915527344,20.510000228881836,20.549999237060547,12500.0
2017-02-14 00:00:00,19.219507217407227,20.889999389648438,21.190000534057617,20.56999969482422,20.889999389648438,19600.0
2017-02-15 00:00:00,19.38511085510254,21.06999969482422,21.149999618530273,20.65999984741211,20.850000381469727,24100.0
2017-02-16 00:00:00,19.357511520385742,21.040000915527344,21.149999618530273,20.8700008392334,20.979999542236328,11400.0
2017-02-17 00:00:00,19.651920318603516,21.360000610351562,21.559999465942383,20.899999618530273,20.989999771118164,45400.0
2017-02-20 00:00:00,,,,,,
2017-02-21 00:00:00,19.743919372558594,21.459999084472656,21.459999084472656,21.299999237060547,21.31999969482422,7400.0
2017-02-22 00:00:00,19.734722137451172,21.450000762939453,21.5,21.010000228881836,21.309999465942383,13500.0
2017-02-23 00:00:00,19.835927963256836,21.559999465942383,21.790000915527344,21.299999237060547,21.5,16900.0
2017-02-24 00:00:00,19.76232147216797,21.479999542236328,21.790000915527344,21.3799991607666,21.6299991607666,33900.0
2017-02-27 00:00:00,19.40351104736328,21.09000015258789,21.579999923706055,20.829999923706055,21.360000610351562,26400.0
2017-02-28 00:00:00,18.79629135131836,20.43000030517578,20.989999771118164,20.34000015258789,20.90999984741211,29100.0
2017-03-01 00:00:00,19.283910751342773,20.959999084472656,20.989999771118164,20.68000030517578,20.850000381469727,19800.0
2017-03-02 00:00:00,19.034902572631836,20.639999389648438,20.850000381469727,20.049999237060547,20.5,19500.0
2017-03-03 00:00:00,18.887346267700195,20.479999542236328,21.030000686645508,20.280000686645508,20.540000915527344,13200.0
2017-03-06 00:00:00,18.656789779663086,20.229999542236328,20.690000534057617,20.190000534057617,20.690000534057617,11400.0
2017-03-07 00:00:00,18.45389747619629,20.010000228881836,21.329999923706055,19.889999389648438,20.350000381469727,31100.0
2017-03-08 00:00:00,18.564563751220703,20.1299991607666,20.43000030517578,20.010000228881836,20.299999237060547,17700.0
2017-03-09 00:00:00,18.51845359802246,20.079999923706055,20.530000686645508,20.06999969482422,20.3700008392334,11900.0
2017-03-10 00:00:00,18.444673538208008,20.0,20.270000457763672,19.850000381469727,20.270000457763672,23000.0
2017-03-13 00:00:00,18.444673538208008,20.0,20.200000762939453,19.850000381469727,19.8700008392334,13300.0
2017-03-14 00:00:00,18.260225296020508,19.799999237060547,20.15999984741211,19.579999923706055,20.079999923706055,6600.0
2017-03-15 00:00:00,18.35245132446289,19.899999618530273,20.239999771118164,19.81999969482422,20.049999237060547,101300.0
2017-03-16 00:00:00,18.370893478393555,19.920000076293945,19.989999771118164,19.59000015258789,19.719999313354492,21700.0
2017-03-17 00:00:00,18.896570205688477,20.489999771118164,20.90999984741211,19.770000457763672,19.770000457763672,50800.0
2017-03-20 00:00:00,18.619901657104492,20.190000534057617,20.719999313354492,20.1299991607666,20.56999969482422,17800.0
2017-03-21 00:00:00,17.992780685424805,19.510000228881836,19.860000610351562,19.450000762939453,19.700000762939453,30000.0
2017-03-22 00:00:00,18.094223022460938,19.6200008392334,19.75,19.219999313354492,19.43000030517578,26000.0
2017-03-23 00:00:00,18.463119506835938,20.020000457763672,20.1200008392334,19.809999465942383,19.809999465942383,4300.0
2017-03-24 00:00:00,18.841232299804688,20.43000030517578,20.860000610351562,20.270000457763672,20.84000015258789,20000.0
2017-03-27 00:00:00,19.053346633911133,20.65999984741211,20.700000762939453,19.950000762939453,19.950000762939453,18500.0
2017-03-28 00:00:00,19.486799240112305,21.1299991607666,21.31999969482422,20.549999237060547,20.549999237060547,14100.0
2017-03-29 00:00:00,19.403797149658203,21.040000915527344,21.290000915527344,20.75,20.979999542236328,73900.0
2017-03-30 00:00:00,19.791133880615234,21.459999084472656,21.6299991607666,20.719999313354492,21.079999923706055,23800.0
2017-03-31 00:00:00,19.726579666137695,21.389999389648438,21.700000762939453,20.889999389648438,20.889999389648438,12600.0
2017-04-03 00:00:00,19.50524139404297,21.149999618530273,21.549999237060547,20.969999313354492,21.510000228881836,18200.0
2017-04-04 00:00:00,19.090242385864258,20.700000762939453,21.25,20.43000030517578,21.25,20300.0
2017-04-05 00:00:00,18.315563201904297,19.860000610351562,21.020000457763672,19.690000534057617,20.93000030517578,29900.0
2017-04-06 00:00:00,18.527679443359375,20.09000015258789,20.579999923706055,19.59000015258789,19.600000381469727,20200.0
2017-04-07 00:00:00,18.795120239257812,20.3799991607666,20.5,19.979999542236328,20.030000686645508,11800.0
2017-04-10 00:00:00,18.951908111572266,20.549999237060547,20.68000030517578,20.239999771118164,20.31999969482422,22200.0
2017-04-11 00:00:00,19.283910751342773,20.90999984741211,21.079999923706055,20.489999771118164,20.489999771118164,14000.0
2017-04-12 00:00:00,19.025684356689453,20.6299991607666,20.8799991607666,20.559999465942383,20.8799991607666,8200.0
2017-04-13 00:00:00,19.053346633911133,20.65999984741211,21.1200008392334,20.25,20.969999313354492,39500.0
2017-04-17 00:00:00,19.090242385864258,20.700000762939453,21.0,20.450000762939453,20.84000015258789,15200.0
2017-04-18 00:00:00,19.025684356689453,20.6299991607666,20.709999084472656,20.389999389648438,20.43000030517578,23100.0
2017-04-19 00:00:00,19.164020538330078,20.780000686645508,20.950000762939453,20.399999618530273,20.399999618530273,15000.0
2017-04-20 00:00:00,19.468353271484375,21.110000610351562,21.649999618530273,20.479999542236328,20.84000015258789,16500.0
2017-04-21 00:00:00,19.265459060668945,20.889999389648438,21.219999313354492,20.610000610351562,21.030000686645508,33800.0
2017-04-24 00:00:00,19.52368927001953,21.170000076293945,21.780000686645508,20.110000610351562,21.5,20600.0
2017-04-25 00:00:00,19.357683181762695,20.989999771118164,21.34000015258789,20.520000457763672,21.139999389648438,25700.0
2017-04-26 00:00:00,20.33525276184082,22.049999237060547,22.389999389648438,20.700000762939453,20.799999237060547,33600.0
2017-04-27 00:00:00,19.33001708984375,20.959999084472656,21.959999084472656,20.850000381469727,21.959999084472656,23800.0
2017-04-28 00:00:00,19.007238388061523,20.610000610351562,21.049999237060547,20.459999084472656,20.850000381469727,18000.0
2017-05-01 00:00:00,19.18246078491211,20.799999237060547,21.030000686645508,20.1200008392334,20.520000457763672,25100.0
2017-05-02 00:00:00,18.951908111572266,20.549999237060547,20.969999313354492,20.40999984741211,20.969999313354492,16700.0
2017-05-03 00:00:00,18.83201026916504,20.420000076293945,20.959999084472656,20.200000762939453,20.3799991607666,30700.0
2017-05-04 00:00:00,19.081012725830078,20.690000534057617,21.229999542236328,20.40999984741211,20.520000457763672,21300.0
2017-05-05 00:00:00,19.016462326049805,20.6200008392334,21.09000015258789,20.489999771118164,20.850000381469727,17400.0
2017-05-08 00:00:00,19.2377986907959,20.860000610351562,20.940000534057617,20.600000381469727,20.8700008392334,12100.0
2017-05-09 00:00:00,18.77667808532715,20.360000610351562,20.899999618530273,20.350000381469727,20.850000381469727,12900.0
2017-05-10 00:00:00,18.693679809570312,20.270000457763672,20.510000228881836,20.219999313354492,20.309999465942383,14400.0
2017-05-11 00:00:00,18.35245132446289,19.899999618530273,20.469999313354492,19.899999618530273,20.329999923706055,6700.0
2017-05-12 00:00:00,17.974334716796875,19.489999771118164,19.969999313354492,19.40999984741211,19.850000381469727,47300.0
2017-05-15 00:00:00,17.98356056213379,19.5,19.790000915527344,19.350000381469727,19.690000534057617,16900.0
2017-05-16 00:00:00,17.928224563598633,19.440000534057617,19.5,19.299999237060547,19.299999237060547,11600.0
2017-05-17 00:00:00,16.821537017822266,18.239999771118164,19.15999984741211,17.799999237060547,19.0,17500.0
2017-05-18 00:00:00,16.886096954345703,18.309999465942383,18.920000076293945,18.100000381469727,18.600000381469727,13900.0
2017-05-19 00:00:00,16.544876098632812,17.940000534057617,18.360000610351562,17.68000030517578,18.200000762939453,21300.0
2017-05-22 00:00:00,17.061325073242188,18.5,18.5,17.8799991607666,17.8799991607666,9800.0
2017-05-23 00:00:00,16.913768768310547,18.34000015258789,18.489999771118164,18.219999313354492,18.270000457763672,15600.0
2017-05-24 00:00:00,17.301103591918945,18.760000228881836,18.8700008392334,18.5,18.5,10900.0
2017-05-25 00:00:00,17.319549560546875,18.780000686645508,18.889999389648438,18.700000762939453,18.799999237060547,11200.0
2017-05-26 00:00:00,17.227327346801758,18.68000030517578,18.780000686645508,18.360000610351562,18.459999084472656,8600.0
2017-05-30 00:00:00,17.20888328552246,18.65999984741211,18.780000686645508,18.3700008392334,18.639999389648438,12600.0
2017-05-31 00:00:00,17.301103591918945,18.760000228881836,19.290000915527344,18.760000228881836,19.229999542236328,3900.0
2017-06-01 00:00:00,17.800443649291992,19.25,19.389999389648438,18.799999237060547,18.860000610351562,23400.0
2017-06-02 00:00:00,18.096345901489258,19.56999969482422,19.719999313354492,19.25,19.25,65900.0
2017-06-05 00:00:00,18.1795711517334,19.65999984741211,20.329999923706055,19.559999465942383,19.65999984741211,43800.0
2017-06-06 00:00:00,18.031620025634766,19.5,19.799999237060547,19.420000076293945,19.459999084472656,3400.0
2017-06-07 00:00:00,17.939146041870117,19.399999618530273,20.260000228881836,18.93000030517578,20.260000228881836,16700.0
2017-06-08 00:00:00,18.817609786987305,20.350000381469727,20.530000686645508,19.309999465942383,19.309999465942383,31200.0
2017-06-09 00:00:00,20.1861629486084,21.829999923706055,21.93000030517578,20.84000015258789,20.84000015258789,22700.0
2017-06-12 00:00:00,19.437156677246094,21.020000457763672,22.31999969482422,20.809999465942383,22.0,41000.0
2017-06-13 00:00:00,19.871763229370117,21.489999771118164,21.579999923706055,21.079999923706055,21.18000030517578,33100.0
2017-06-14 00:00:00,19.58510971069336,21.18000030517578,21.790000915527344,21.0,21.440000534057617,42900.0
2017-06-15 00:00:00,19.677579879760742,21.280000686645508,21.459999084472656,20.719999313354492,21.010000228881836,9700.0
2017-06-16 00:00:00,19.14125633239746,20.700000762939453,21.59000015258789,20.3700008392334,21.049999237060547,64600.0
2017-06-19 00:00:00,18.780620574951172,20.309999465942383,21.31999969482422,19.989999771118164,20.979999542236328,31200.0
2017-06-20 00:00:00,18.392248153686523,19.889999389648438,20.290000915527344,19.889999389648438,20.260000228881836,9000.0
2017-06-21 00:00:00,17.85592269897461,19.309999465942383,19.950000762939453,19.190000534057617,19.950000762939453,11100.0
2017-06-22 00:00:00,17.985382080078125,19.450000762939453,19.5,19.34000015258789,19.450000762939453,6200.0
2017-06-23 00:00:00,17.976133346557617,19.440000534057617,19.549999237060547,19.030000686645508,19.549999237060547,80900.0
2017-06-26 00:00:00,17.94839096069336,19.40999984741211,19.719999313354492,19.25,19.5,51400.0
2017-06-27 00:00:00,17.9576416015625,19.420000076293945,21.1299991607666,18.959999084472656,19.440000534057617,52300.0
2017-06-28 00:00:00,18.623422622680664,20.139999389648438,20.649999618530273,19.5,19.5,24900.0
2017-06-29 00:00:00,18.854598999023438,20.389999389648438,20.440000534057617,19.530000686645508,20.389999389648438,16700.0
2017-06-30 00:00:00,18.882335662841797,20.420000076293945,20.56999969482422,20.299999237060547,20.5,11200.0
2017-07-03 00:00:00,19.659082412719727,21.260000228881836,21.440000534057617,19.600000381469727,20.360000610351562,23600.0
2017-07-05 00:00:00,19.353933334350586,20.93000030517578,21.360000610351562,20.829999923706055,21.020000457763672,15400.0
2017-07-06 00:00:00,19.427913665771484,21.010000228881836,21.079999923706055,20.440000534057617,20.920000076293945,9500.0
2017-07-07 00:00:00,19.6313419342041,21.229999542236328,21.399999618530273,20.75,21.010000228881836,9500.0
2017-07-10 00:00:00,19.751558303833008,21.360000610351562,21.5,20.639999389648438,21.170000076293945,23300.0
2017-07-11 00:00:00,19.733064651489258,21.34000015258789,21.559999465942383,20.350000381469727,21.350000381469727,25600.0
2017-07-12 00:00:00,19.48339080810547,21.06999969482422,21.5,20.75,21.5,35300.0
2017-07-13 00:00:00,19.25221824645996,20.81999969482422,21.059999465942383,20.559999465942383,21.059999465942383,31500.0
2017-07-14 00:00:00,18.98405647277832,20.530000686645508,20.700000762939453,20.469999313354492,20.520000457763672,22300.0
2017-07-17 00:00:00,18.808359146118164,20.34000015258789,20.610000610351562,20.200000762939453,20.3799991607666,33200.0
2017-07-18 00:00:00,18.891582489013672,20.43000030517578,20.459999084472656,20.059999465942383,20.1200008392334,6600.0
2017-07-19 00:00:00,18.75288200378418,20.280000686645508,20.700000762939453,20.139999389648438,20.450000762939453,13500.0
2017-07-20 00:00:00,18.82685661315918,20.360000610351562,20.389999389648438,20.06999969482422,20.190000534057617,17500.0
2017-07-21 00:00:00,18.697402954101562,20.219999313354492,20.610000610351562,20.06999969482422,20.530000686645508,33800.0
2017-07-24 00:00:00,18.37375259399414,19.8700008392334,20.670000076293945,19.790000915527344,20.010000228881836,26200.0
2017-07-25 00:00:00,19.61284637451172,21.209999084472656,21.3799991607666,20.190000534057617,20.270000457763672,58100.0
2017-07-26 00:00:00,19.6313419342041,21.229999542236328,21.850000381469727,21.229999542236328,21.440000534057617,17400.0
2017-07-27 00:00:00,19.5573673248291,21.149999618530273,21.639999389648438,21.049999237060547,21.510000228881836,11500.0
2017-07-28 00:00:00,19.668333053588867,21.270000457763672,21.399999618530273,21.139999389648438,21.139999389648438,6600.0
2017-07-31 00:00:00,19.751558303833008,21.360000610351562,21.489999771118164,20.690000534057617,21.200000762939453,46500.0
2017-08-01 00:00:00,19.760805130004883,21.3700008392334,21.510000228881836,21.139999389648438,21.489999771118164,13400.0
2017-08-02 00:00:00,19.68682289123535,21.290000915527344,21.510000228881836,21.020000457763672,21.200000762939453,9500.0
2017-08-03 00:00:00,19.344688415527344,20.920000076293945,21.450000762939453,20.8700008392334,21.399999618530273,12900.0
2017-08-04 00:00:00,19.714567184448242,21.31999969482422,21.520000457763672,21.010000228881836,21.149999618530273,36000.0
2017-08-07 00:00:00,19.723814010620117,21.329999923706055,21.559999465942383,20.959999084472656,21.559999465942383,12400.0
2017-08-08 00:00:00,19.705320358276367,21.309999465942383,21.520000457763672,21.09000015258789,21.260000228881836,10000.0
2017-08-09 00:00:00,19.31694221496582,20.889999389648438,21.299999237060547,20.81999969482422,21.209999084472656,14000.0
2017-08-10 00:00:00,19.326189041137695,20.899999618530273,21.049999237060547,20.790000915527344,20.8700008392334,38900.0
2017-08-11 00:00:00,19.233722686767578,20.799999237060547,21.030000686645508,20.520000457763672,20.959999084472656,22900.0
2017-08-14 00:00:00,19.603605270385742,21.200000762939453,21.209999084472656,20.729999542236328,20.920000076293945,22800.0
2017-08-15 00:00:00,19.742307662963867,21.350000381469727,21.399999618530273,21.239999771118164,21.239999771118164,5900.0
2017-08-16 00:00:00,19.58510971069336,21.18000030517578,21.489999771118164,21.149999618530273,21.420000076293945,5500.0
2017-08-17 00:00:00,19.132003784179688,20.690000534057617,21.1299991607666,20.610000610351562,21.1299991607666,13700.0
2017-08-18 00:00:00,18.780620574951172,20.309999465942383,20.610000610351562,20.239999771118164,20.510000228881836,28000.0
2017-08-21 00:00:00,19.011791229248047,20.559999465942383,20.739999771118164,20.059999465942383,20.25,49700.0
2017-08-22 00:00:00,19.011791229248047,20.559999465942383,20.790000915527344,20.510000228881836,20.639999389648438,9900.0
2017-08-23 00:00:00,18.854598999023438,20.389999389648438,20.649999618530273,20.34000015258789,20.420000076293945,21300.0
2017-08-24 00:00:00,18.854598999023438,20.389999389648438,20.450000762939453,20.34000015258789,20.40999984741211,9200.0
2017-08-25 00:00:00,19.30769920349121,20.8799991607666,21.209999084472656,20.399999618530273,20.399999618530273,49000.0
2017-08-28 00:00:00,19.104263305664062,20.65999984741211,21.110000610351562,20.350000381469727,20.950000762939453,33200.0
2017-08-29 00:00:00,19.09501838684082,20.649999618530273,20.84000015258789,20.3700008392334,20.3700008392334,27500.0
2017-08-30 00:00:00,18.909446716308594,20.3799991607666,20.899999618530273,20.329999923706055,20.600000381469727,28800.0
2017-08-31 00:00:00,19.26324462890625,20.690000534057617,20.959999084472656,20.399999618530273,20.399999618530273,19000.0
2017-09-01 00:00:00,19.207382202148438,20.6299991607666,20.790000915527344,20.540000915527344,20.649999618530273,12600.0
2017-09-05 00:00:00,18.983928680419922,20.389999389648438,20.989999771118164,20.280000686645508,20.479999542236328,24600.0
2017-09-06 00:00:00,19.207382202148438,20.6299991607666,20.8799991607666,20.469999313354492,20.600000381469727,14000.0
2017-09-07 00:00:00,18.63013458251953,20.010000228881836,20.6299991607666,19.760000228881836,20.420000076293945,39400.0
2017-09-08 00:00:00,18.620824813842773,20.0,20.149999618530273,19.8799991607666,20.049999237060547,43100.0
2017-09-11 00:00:00,19.132898330688477,20.549999237060547,20.75,20.100000381469727,20.170000076293945,31700.0
2017-09-12 00:00:00,19.374971389770508,20.809999465942383,20.899999618530273,20.75,20.75,39100.0
2017-09-13 00:00:00,19.551868438720703,21.0,21.09000015258789,20.899999618530273,20.899999618530273,25000.0
2017-09-14 00:00:00,19.53324317932129,20.979999542236328,21.1200008392334,20.969999313354492,21.0,28000.0
2017-09-15 00:00:00,19.347042083740234,20.780000686645508,21.040000915527344,20.530000686645508,20.989999771118164,100900.0
2017-09-18 00:00:00,19.514623641967773,20.959999084472656,21.049999237060547,20.690000534057617,20.889999389648438,44700.0
2017-09-19 00:00:00,19.598419189453125,21.049999237060547,21.229999542236328,20.959999084472656,21.0,55300.0
2017-09-20 00:00:00,19.56117820739746,21.010000228881836,21.170000076293945,20.920000076293945,21.049999237060547,80000.0
2017-09-21 00:00:00,20.06393814086914,21.549999237060547,21.579999923706055,20.989999771118164,21.100000381469727,59000.0
2017-09-22 00:00:00,20.967052459716797,22.520000457763672,22.639999389648438,21.5,21.510000228881836,103200.0
2017-09-25 00:00:00,21.302230834960938,22.8799991607666,22.969999313354492,22.049999237060547,22.530000686645508,64100.0
2017-09-26 00:00:00,21.656024932861328,23.260000228881836,23.420000076293945,22.889999389648438,22.899999618530273,35100.0
2017-09-27 00:00:00,22.652236938476562,24.329999923706055,24.579999923706055,23.270000457763672,23.549999237060547,38300.0
2017-09-28 00:00:00,22.708097457885742,24.389999389648438,24.450000762939453,23.860000610351562,24.1200008392334,17200.0
2017-09-29 00:00:00,22.354307174682617,24.010000228881836,24.540000915527344,24.0,24.43000030517578,39700.0
2017-10-02 00:00:00,22.34499168395996,24.0,24.229999542236328,23.709999084472656,23.950000762939453,46000.0
2017-10-03 00:00:00,22.51258087158203,24.18000030517578,24.219999313354492,23.809999465942383,24.100000381469727,14700.0
2017-10-04 00:00:00,22.196025848388672,23.84000015258789,24.469999313354492,23.649999618530273,24.469999313354492,17100.0
2017-10-05 00:00:00,22.326374053955078,23.979999542236328,24.1200008392334,23.559999465942383,23.829999923706055,13000.0
2017-10-06 00:00:00,22.52189064025879,24.190000534057617,24.25,23.8799991607666,24.0,15100.0
2017-10-09 00:00:00,22.763959884643555,24.450000762939453,24.530000686645508,24.200000762939453,24.260000228881836,17300.0
2017-10-10 00:00:00,23.127071380615234,24.84000015258789,24.959999084472656,24.43000030517578,24.610000610351562,17600.0
2017-10-11 00:00:00,23.17361831665039,24.889999389648438,25.1200008392334,24.549999237060547,24.690000534057617,29000.0
2017-10-12 00:00:00,22.922237396240234,24.6200008392334,25.350000381469727,24.56999969482422,25.350000381469727,21100.0
2017-10-13 00:00:00,22.83844757080078,24.530000686645508,24.700000762939453,24.469999313354492,24.610000610351562,12100.0
2017-10-16 00:00:00,22.968788146972656,24.670000076293945,24.729999542236328,24.200000762939453,24.540000915527344,12900.0
2017-10-17 00:00:00,22.549823760986328,24.219999313354492,24.790000915527344,24.200000762939453,24.549999237060547,35600.0
2017-10-18 00:00:00,22.857067108154297,24.549999237060547,24.65999984741211,24.3700008392334,24.3700008392334,8400.0
2017-10-19 00:00:00,23.024648666381836,24.729999542236328,24.75,24.389999389648438,24.489999771118164,7300.0
2017-10-20 00:00:00,23.238792419433594,24.959999084472656,25.079999923706055,24.81999969482422,25.079999923706055,30800.0
2017-10-23 00:00:00,22.91292953491211,24.610000610351562,24.90999984741211,24.600000381469727,24.889999389648438,14000.0
2017-10-24 00:00:00,22.13085174560547,23.770000457763672,24.799999237060547,23.639999389648438,24.799999237060547,23700.0
2017-10-25 00:00:00,22.708097457885742,24.389999389648438,24.43000030517578,23.270000457763672,23.729999542236328,15800.0
2017-10-26 00:00:00,23.499488830566406,25.239999771118164,25.34000015258789,24.520000457763672,24.520000457763672,29500.0
2017-10-27 00:00:00,24.151214599609375,25.940000534057617,26.010000228881836,25.010000228881836,25.219999313354492,26800.0
2017-10-30 00:00:00,22.456722259521484,24.1200008392334,25.920000076293945,24.040000915527344,25.920000076293945,42800.0
2017-10-31 00:00:00,22.959484100341797,24.65999984741211,25.110000610351562,24.149999618530273,24.149999618530273,32700.0
2017-11-01 00:00:00,22.531200408935547,24.200000762939453,24.989999771118164,24.030000686645508,24.889999389648438,24300.0
2017-11-02 00:00:00,22.996721267700195,24.700000762939453,24.790000915527344,24.200000762939453,24.25,13500.0
2017-11-03 00:00:00,22.689476013183594,24.3700008392334,24.68000030517578,24.31999969482422,24.68000030517578,12100.0
2017-11-06 00:00:00,22.52189064025879,24.190000534057617,24.700000762939453,24.09000015258789,24.3799991607666,14900.0
2017-11-07 00:00:00,21.777057647705078,23.389999389648438,24.219999313354492,23.3700008392334,24.219999313354492,13500.0
2017-11-08 00:00:00,21.330154418945312,22.90999984741211,23.309999465942383,22.549999237060547,23.190000534057617,21100.0
2017-11-09 00:00:00,21.311534881591797,22.889999389648438,23.170000076293945,22.25,22.780000686645508,22500.0
2017-11-10 00:00:00,21.23705291748047,22.809999465942383,23.200000762939453,22.75,22.8799991607666,15600.0
2017-11-13 00:00:00,21.432575225830078,23.020000457763672,23.09000015258789,22.209999084472656,22.770000457763672,24600.0
2017-11-14 00:00:00,21.683956146240234,23.290000915527344,23.329999923706055,23.09000015258789,23.329999923706055,20500.0
2017-11-15 00:00:00,21.926023483276367,23.549999237060547,23.739999771118164,23.059999465942383,23.059999465942383,19700.0
2017-11-16 00:00:00,22.233264923095703,23.8799991607666,24.190000534057617,23.450000762939453,23.649999618530273,15700.0
2017-11-17 00:00:00,22.037750244140625,23.670000076293945,23.790000915527344,23.149999618530273,23.700000762939453,20600.0
2017-11-20 00:00:00,22.540512084960938,24.209999084472656,24.229999542236328,23.579999923706055,23.579999923706055,12000.0
2017-11-21 00:00:00,22.726722717285156,24.40999984741211,24.5,24.209999084472656,24.209999084472656,14900.0
2017-11-22 00:00:00,22.540512084960938,24.209999084472656,24.59000015258789,24.1200008392334,24.200000762939453,21500.0
2017-11-24 00:00:00,22.307750701904297,23.959999084472656,24.34000015258789,23.799999237060547,24.34000015258789,3700.0
2017-11-27 00:00:00,22.466028213500977,24.1299991607666,24.350000381469727,23.850000381469727,23.850000381469727,10200.0
2017-11-28 00:00:00,23.341205596923828,25.06999969482422,25.15999984741211,24.18000030517578,24.25,18200.0
2017-11-29 00:00:00,24.086040496826172,25.8700008392334,25.989999771118164,24.770000457763672,24.93000030517578,9200.0
2017-11-30 00:00:00,23.536727905273438,25.280000686645508,26.0,25.079999923706055,26.0,31600.0
2017-12-01 00:00:00,23.265974044799805,24.920000076293945,25.290000915527344,24.1200008392334,25.290000915527344,16700.0
2017-12-04 00:00:00,23.4433650970459,25.110000610351562,25.459999084472656,22.68000030517578,25.420000076293945,12500.0
2017-12-05 00:00:00,22.84583854675293,24.469999313354492,25.270000457763672,24.469999313354492,24.93000030517578,18800.0
2017-12-06 00:00:00,22.668453216552734,24.280000686645508,25.0,24.170000076293945,24.31999969482422,15500.0
2017-12-07 00:00:00,22.52840805053711,24.1299991607666,24.739999771118164,24.020000457763672,24.079999923706055,18500.0
2017-12-08 00:00:00,22.369691848754883,23.959999084472656,24.229999542236328,23.81999969482422,24.229999542236328,22100.0
2017-12-11 00:00:00,22.397701263427734,23.989999771118164,24.3799991607666,23.889999389648438,24.3700008392334,15000.0
2017-12-12 00:00:00,22.631107330322266,24.239999771118164,25.149999618530273,23.8799991607666,24.100000381469727,10400.0
2017-12-13 00:00:00,22.780487060546875,24.399999618530273,24.93000030517578,23.950000762939453,23.950000762939453,15100.0
2017-12-14 00:00:00,21.986906051635742,23.549999237060547,24.850000381469727,23.549999237060547,24.299999237060547,13700.0
2017-12-15 00:00:00,22.88319206237793,24.510000228881836,24.81999969482422,23.469999313354492,23.469999313354492,70600.0
2017-12-18 00:00:00,23.293983459472656,24.950000762939453,25.020000457763672,24.139999389648438,24.670000076293945,18200.0
2017-12-19 00:00:00,22.733806610107422,24.350000381469727,24.959999084472656,24.059999465942383,24.90999984741211,15200.0
2017-12-20 00:00:00,23.265974044799805,24.920000076293945,25.25,24.139999389648438,24.239999771118164,17700.0
2017-12-21 00:00:00,23.209957122802734,24.860000610351562,25.25,24.84000015258789,25.020000457763672,18700.0
2017-12-22 00:00:00,22.86451530456543,24.489999771118164,25.049999237060547,24.399999618530273,25.049999237060547,9700.0
2017-12-26 00:00:00,22.238983154296875,23.81999969482422,24.3799991607666,23.729999542236328,24.3799991607666,10300.0
2017-12-27 00:00:00,22.042926788330078,23.610000610351562,24.049999237060547,22.540000915527344,23.889999389648438,13900.0
2017-12-28 00:00:00,22.126949310302734,23.700000762939453,23.899999618530273,23.6200008392334,23.729999542236328,6300.0
2017-12-29 00:00:00,21.417394638061523,22.940000534057617,23.600000381469727,22.93000030517578,23.489999771118164,15400.0
2018-01-02 00:00:00,21.454740524291992,22.979999542236328,23.65999984741211,22.90999984741211,23.190000534057617,25600.0
2018-01-03 00:00:00,21.80951690673828,23.360000610351562,24.040000915527344,23.0,23.0,15600.0
2018-01-04 00:00:00,21.75349998474121,23.299999237060547,23.81999969482422,23.290000915527344,23.43000030517578,15000.0
2018-01-05 00:00:00,21.80017852783203,23.350000381469727,23.420000076293945,22.8700008392334,23.3700008392334,28200.0
2018-01-08 00:00:00,21.89354133605957,23.450000762939453,23.6200008392334,23.309999465942383,23.350000381469727,7500.0
2018-01-09 00:00:00,21.86553382873535,23.420000076293945,23.8799991607666,22.860000610351562,23.549999237060547,7100.0
2018-01-10 00:00:00,21.912216186523438,23.469999313354492,23.649999618530273,23.34000015258789,23.34000015258789,11600.0
2018-01-11 00:00:00,22.435047149658203,24.030000686645508,24.139999389648438,23.59000015258789,23.59000015258789,10800.0
2018-01-12 00:00:00,22.397701263427734,23.989999771118164,24.309999465942383,23.770000457763672,23.969999313354492,10400.0
2018-01-16 00:00:00,22.50973892211914,24.110000610351562,24.489999771118164,23.940000534057617,24.260000228881836,11300.0
2018-01-17 00:00:00,22.38836669921875,23.979999542236328,24.100000381469727,23.75,24.100000381469727,14600.0
2018-01-18 00:00:00,21.93088722229004,23.489999771118164,24.329999923706055,23.479999542236328,24.040000915527344,6800.0
2018-01-19 00:00:00,22.4163761138916,24.010000228881836,24.010000228881836,22.8700008392334,23.420000076293945,22500.0
2018-01-22 00:00:00,22.173627853393555,23.75,24.010000228881836,22.799999237060547,24.010000228881836,7400.0
2018-01-23 00:00:00,21.790843963623047,23.34000015258789,24.450000762939453,23.030000686645508,23.690000534057617,21700.0
2018-01-24 00:00:00,22.005577087402344,23.56999969482422,24.31999969482422,23.530000686645508,24.190000534057617,12700.0
2018-01-25 00:00:00,21.52942657470703,23.059999465942383,23.770000457763672,23.0,23.770000457763672,18400.0
2018-01-26 00:00:00,21.88421058654785,23.440000534057617,23.670000076293945,23.229999542236328,23.31999969482422,10300.0
2018-01-29 00:00:00,21.902877807617188,23.459999084472656,23.649999618530273,23.139999389648438,23.350000381469727,12700.0
2018-01-30 00:00:00,22.136287689208984,23.709999084472656,23.829999923706055,23.399999618530273,23.399999618530273,11300.0
2018-01-31 00:00:00,22.901859283447266,24.530000686645508,26.329999923706055,23.649999618530273,23.829999923706055,54400.0
2018-02-01 00:00:00,23.30331802368164,24.959999084472656,25.110000610351562,24.360000610351562,24.360000610351562,19700.0
2018-02-02 00:00:00,23.293983459472656,24.950000762939453,25.170000076293945,24.799999237060547,25.100000381469727,27700.0
2018-02-05 00:00:00,22.50973892211914,24.110000610351562,25.049999237060547,24.0,24.559999465942383,17500.0
2018-02-06 00:00:00,22.463054656982422,24.059999465942383,25.5,23.530000686645508,23.530000686645508,37000.0
2018-02-07 00:00:00,22.481727600097656,24.079999923706055,24.290000915527344,22.829999923706055,24.1299991607666,7700.0
2018-02-08 00:00:00,21.996240615844727,23.559999465942383,24.260000228881836,23.549999237060547,24.260000228881836,15800.0
2018-02-09 00:00:00,22.771150588989258,24.389999389648438,24.489999771118164,23.899999618530273,24.059999465942383,32400.0
2018-02-12 00:00:00,22.547082901000977,24.149999618530273,24.440000534057617,24.09000015258789,24.40999984741211,20800.0
2018-02-13 00:00:00,22.491064071655273,24.09000015258789,24.329999923706055,24.0,24.06999969482422,12000.0
2018-02-14 00:00:00,22.547082901000977,24.149999618530273,24.3700008392334,23.829999923706055,23.829999923706055,42600.0
2018-02-15 00:00:00,22.771150588989258,24.389999389648438,24.450000762939453,24.200000762939453,24.299999237060547,7300.0
2018-02-16 00:00:00,22.89252471923828,24.520000457763672,24.850000381469727,24.40999984741211,24.40999984741211,15900.0
2018-02-20 00:00:00,22.6871280670166,24.299999237060547,24.459999084472656,23.860000610351562,24.360000610351562,15600.0
2018-02-21 00:00:00,22.72447395324707,24.34000015258789,24.809999465942383,24.100000381469727,24.290000915527344,17800.0
2018-02-22 00:00:00,22.57508659362793,24.18000030517578,24.510000228881836,24.030000686645508,24.360000610351562,9000.0
2018-02-23 00:00:00,22.957876205444336,24.59000015258789,24.600000381469727,24.190000534057617,24.190000534057617,7500.0
2018-02-26 00:00:00,23.013893127441406,24.649999618530273,24.75,24.360000610351562,24.75,9800.0
2018-02-27 00:00:00,22.62177085876465,24.229999542236328,24.700000762939453,24.15999984741211,24.350000381469727,20000.0
2018-02-28 00:00:00,22.40703773498535,24.0,24.229999542236328,23.979999542236328,24.229999542236328,36500.0
2018-03-01 00:00:00,22.593765258789062,24.200000762939453,24.329999923706055,24.0,24.0,16800.0
2018-03-02 00:00:00,22.987022399902344,24.549999237060547,24.65999984741211,24.0,24.010000228881836,17300.0
2018-03-05 00:00:00,23.221101760864258,24.799999237060547,24.969999313354492,24.31999969482422,24.540000915527344,18600.0
2018-03-06 00:00:00,23.42710304260254,25.020000457763672,25.049999237060547,24.649999618530273,24.649999618530273,23700.0
2018-03-07 00:00:00,23.586278915405273,25.190000534057617,25.239999771118164,24.790000915527344,24.81999969482422,29200.0
2018-03-08 00:00:00,23.258563995361328,24.84000015258789,25.079999923706055,24.760000228881836,24.959999084472656,15300.0
2018-03-09 00:00:00,23.867176055908203,25.489999771118164,25.5,24.889999389648438,25.139999389648438,36500.0
2018-03-12 00:00:00,24.25107765197754,25.899999618530273,26.0,25.489999771118164,25.489999771118164,28200.0
2018-03-13 00:00:00,24.316617965698242,25.969999313354492,26.280000686645508,25.700000762939453,26.0,34000.0
2018-03-14 00:00:00,23.867176055908203,25.489999771118164,26.0,25.25,26.0,16200.0
2018-03-15 00:00:00,24.335346221923828,25.989999771118164,26.0,25.399999618530273,25.540000915527344,15100.0
2018-03-16 00:00:00,24.76605987548828,26.450000762939453,26.489999771118164,25.700000762939453,25.93000030517578,68100.0
2018-03-19 00:00:00,24.812877655029297,26.5,26.5,25.989999771118164,26.459999084472656,13100.0
2018-03-20 00:00:00,24.35407257080078,26.010000228881836,26.469999313354492,25.950000762939453,26.469999313354492,14800.0
2018-03-21 00:00:00,24.24170684814453,25.889999389648438,26.200000762939453,25.850000381469727,26.200000762939453,20800.0
2018-03-22 00:00:00,23.502010345458984,25.100000381469727,25.8799991607666,25.09000015258789,25.760000228881836,17600.0
2018-03-23 00:00:00,22.86530113220215,24.420000076293945,25.18000030517578,24.290000915527344,25.18000030517578,32600.0
2018-03-26 00:00:00,23.399011611938477,24.989999771118164,25.239999771118164,24.610000610351562,24.899999618530273,48100.0
2018-03-27 00:00:00,23.42710304260254,25.020000457763672,25.899999618530273,25.020000457763672,25.649999618530273,18300.0
2018-03-28 00:00:00,23.67991065979004,25.290000915527344,25.68000030517578,23.950000762939453,25.219999313354492,21100.0
2018-03-29 00:00:00,23.17428970336914,24.75,25.559999465942383,24.549999237060547,25.329999923706055,62100.0
2018-04-02 00:00:00,22.54694366455078,24.079999923706055,25.579999923706055,23.90999984741211,24.719999313354492,103700.0
2018-04-03 00:00:00,22.631214141845703,24.170000076293945,24.31999969482422,24.049999237060547,24.149999618530273,41700.0
2018-04-04 00:00:00,23.099380493164062,24.670000076293945,24.899999618530273,24.020000457763672,24.020000457763672,32100.0
2018-04-05 00:00:00,23.464555740356445,25.059999465942383,25.209999084472656,24.489999771118164,24.75,28200.0
2018-04-06 00:00:00,23.05256462097168,24.6200008392334,25.06999969482422,24.389999389648438,24.8799991607666,16000.0
2018-04-09 00:00:00,23.09002113342285,24.65999984741211,24.889999389648438,24.489999771118164,24.799999237060547,5500.0
2018-04-10 00:00:00,23.520732879638672,25.1200008392334,25.200000762939453,24.540000915527344,24.760000228881836,20000.0
2018-04-11 00:00:00,23.324106216430664,24.90999984741211,25.940000534057617,24.75,25.059999465942383,15900.0
2018-04-12 00:00:00,23.42710304260254,25.020000457763672,25.25,24.979999542236328,25.229999542236328,12800.0
2018-04-13 00:00:00,23.127471923828125,24.700000762939453,25.200000762939453,24.65999984741211,25.200000762939453,7000.0
2018-04-16 00:00:00,23.42710304260254,25.020000457763672,25.25,24.719999313354492,24.93000030517578,13000.0
2018-04-17 00:00:00,23.211742401123047,24.790000915527344,25.280000686645508,24.610000610351562,24.950000762939453,22000.0
2018-04-18 00:00:00,23.193021774291992,24.770000457763672,25.030000686645508,24.719999313354492,24.90999984741211,10300.0
2018-04-19 00:00:00,23.502010345458984,25.100000381469727,25.229999542236328,24.799999237060547,24.799999237060547,8800.0
2018-04-20 00:00:00,23.66118621826172,25.270000457763672,25.760000228881836,24.950000762939453,25.049999237060547,13200.0
2018-04-23 00:00:00,23.267925262451172,24.850000381469727,25.260000228881836,24.799999237060547,25.260000228881836,9600.0
2018-04-24 00:00:00,22.76230239868164,24.309999465942383,24.90999984741211,24.100000381469727,24.90999984741211,16900.0
2018-04-25 00:00:00,22.03196144104004,23.530000686645508,24.06999969482422,23.350000381469727,24.06999969482422,28200.0
2018-04-26 00:00:00,22.50012969970703,24.030000686645508,24.209999084472656,23.43000030517578,23.579999923706055,23500.0
2018-04-27 00:00:00,22.434587478637695,23.959999084472656,25.989999771118164,23.920000076293945,25.989999771118164,9300.0
2018-04-30 00:00:00,20.955175399780273,22.3799991607666,24.610000610351562,22.329999923706055,24.100000381469727,48200.0
2018-05-01 00:00:00,21.85405921936035,23.34000015258789,23.479999542236328,22.280000686645508,22.389999389648438,23500.0
2018-05-02 00:00:00,21.704246520996094,23.18000030517578,23.729999542236328,23.139999389648438,23.34000015258789,35600.0
2018-05-03 00:00:00,21.329710006713867,22.780000686645508,23.1299991607666,22.540000915527344,23.110000610351562,9500.0
2018-05-04 00:00:00,21.282894134521484,22.729999542236328,22.959999084472656,22.56999969482422,22.56999969482422,6400.0
2018-05-07 00:00:00,21.413982391357422,22.8700008392334,23.1299991607666,22.450000762939453,22.559999465942383,12300.0
2018-05-08 00:00:00,21.891508102416992,23.3799991607666,23.520000457763672,22.75,22.75,24700.0
2018-05-09 00:00:00,22.3128604888916,23.829999923706055,23.950000762939453,23.3799991607666,23.3799991607666,14900.0
2018-05-10 00:00:00,22.4720401763916,24.0,24.049999237060547,23.6200008392334,23.65999984741211,21900.0
2018-05-11 00:00:00,21.994510650634766,23.489999771118164,24.1299991607666,23.280000686645508,23.899999618530273,11900.0
2018-05-14 00:00:00,21.573158264160156,23.040000915527344,23.65999984741211,22.93000030517578,23.399999618530273,12700.0
2018-05-15 00:00:00,21.704246520996094,23.18000030517578,23.450000762939453,22.780000686645508,22.950000762939453,8500.0
2018-05-16 00:00:00,21.84469223022461,23.329999923706055,23.649999618530273,23.209999084472656,23.270000457763672,20900.0
2018-05-17 00:00:00,22.11623191833496,23.6200008392334,23.700000762939453,23.260000228881836,23.450000762939453,9100.0
2018-05-18 00:00:00,21.985139846801758,23.479999542236328,24.06999969482422,23.420000076293945,23.75,12500.0
2018-05-21 00:00:00,22.09750747680664,23.600000381469727,23.670000076293945,23.219999313354492,23.479999542236328,14800.0
2018-05-22 00:00:00,21.928966522216797,23.420000076293945,23.790000915527344,23.149999618530273,23.559999465942383,29100.0
2018-05-23 00:00:00,21.863422393798828,23.350000381469727,23.829999923706055,22.93000030517578,23.350000381469727,37500.0
2018-05-24 00:00:00,21.797876358032227,23.280000686645508,24.020000457763672,23.06999969482422,24.020000457763672,33100.0
2018-05-25 00:00:00,21.638696670532227,23.110000610351562,23.610000610351562,23.059999465942383,23.209999084472656,23400.0
2018-05-29 00:00:00,21.2641658782959,22.709999084472656,23.1299991607666,22.479999542236328,22.989999771118164,16400.0
2018-05-30 00:00:00,21.086261749267578,22.520000457763672,22.899999618530273,22.3700008392334,22.780000686645508,68100.0
2018-05-31 00:00:00,21.104990005493164,22.540000915527344,22.950000762939453,22.3799991607666,22.56999969482422,29200.0
2018-06-01 00:00:00,21.34843635559082,22.799999237060547,22.899999618530273,22.639999389648438,22.639999389648438,18800.0
2018-06-04 00:00:00,21.638696670532227,23.110000610351562,23.18000030517578,22.56999969482422,22.729999542236328,19100.0
2018-06-05 00:00:00,21.872785568237305,23.360000610351562,23.459999084472656,22.93000030517578,22.989999771118164,13200.0
2018-06-06 00:00:00,22.4720401763916,24.0,24.100000381469727,23.350000381469727,23.350000381469727,24900.0
2018-06-07 00:00:00,22.18177604675293,23.690000534057617,24.1200008392334,23.549999237060547,24.1200008392334,31100.0
2018-06-08 00:00:00,22.322643280029297,23.770000457763672,23.90999984741211,23.549999237060547,23.68000030517578,19000.0
2018-06-11 00:00:00,22.20995330810547,23.649999618530273,24.170000076293945,23.510000228881836,24.139999389648438,23100.0
2018-06-12 00:00:00,22.20995330810547,23.649999618530273,23.65999984741211,23.489999771118164,23.600000381469727,37000.0
2018-06-13 00:00:00,22.482288360595703,23.940000534057617,24.06999969482422,23.549999237060547,23.549999237060547,24900.0
2018-06-14 00:00:00,22.482288360595703,23.940000534057617,24.139999389648438,23.610000610351562,24.139999389648438,20300.0
2018-06-15 00:00:00,22.867324829101562,24.350000381469727,24.510000228881836,23.729999542236328,23.799999237060547,48400.0
2018-06-18 00:00:00,22.914281845092773,24.399999618530273,24.690000534057617,24.260000228881836,24.549999237060547,30600.0
2018-06-19 00:00:00,23.22418975830078,24.729999542236328,24.989999771118164,24.18000030517578,24.34000015258789,23800.0
2018-06-20 00:00:00,23.449575424194336,24.969999313354492,25.0,24.25,24.860000610351562,27600.0
2018-06-21 00:00:00,23.449575424194336,24.969999313354492,25.290000915527344,24.700000762939453,24.8799991607666,23100.0
2018-06-22 00:00:00,23.24296760559082,24.75,25.219999313354492,24.469999313354492,25.190000534057617,103000.0
2018-06-25 00:00:00,23.036365509033203,24.530000686645508,24.959999084472656,24.43000030517578,24.760000228881836,29900.0
2018-06-26 00:00:00,23.196012496948242,24.700000762939453,24.889999389648438,24.399999618530273,24.639999389648438,16800.0
2018-06-27 00:00:00,22.717069625854492,24.190000534057617,25.559999465942383,24.149999618530273,25.559999465942383,42100.0
2018-06-28 00:00:00,22.632551193237305,24.100000381469727,24.489999771118164,23.690000534057617,24.15999984741211,36100.0
2018-06-29 00:00:00,22.1911678314209,23.6299991607666,24.200000762939453,23.559999465942383,24.190000534057617,32400.0
2018-07-02 00:00:00,22.7546329498291,24.229999542236328,24.229999542236328,23.610000610351562,23.610000610351562,24400.0
2018-07-03 00:00:00,22.7546329498291,24.229999542236328,24.549999237060547,24.15999984741211,24.239999771118164,7600.0
2018-07-05 00:00:00,22.942455291748047,24.43000030517578,24.59000015258789,24.139999389648438,24.270000457763672,14600.0
2018-07-06 00:00:00,23.045757293701172,24.540000915527344,24.6200008392334,24.479999542236328,24.559999465942383,14700.0
2018-07-09 00:00:00,23.628002166748047,25.15999984741211,25.25,24.639999389648438,24.639999389648438,17900.0
2018-07-10 00:00:00,23.496530532836914,25.020000457763672,25.399999618530273,24.780000686645508,25.399999618530273,28200.0
2018-07-11 00:00:00,23.35566520690918,24.8700008392334,25.200000762939453,24.829999923706055,24.889999389648438,17000.0
2018-07-12 00:00:00,23.365055084228516,24.8799991607666,24.969999313354492,24.540000915527344,24.739999771118164,31800.0
2018-07-13 00:00:00,23.24296760559082,24.75,25.34000015258789,24.6200008392334,24.809999465942383,16900.0
2018-07-16 00:00:00,23.336881637573242,24.850000381469727,24.90999984741211,24.6200008392334,24.809999465942383,17100.0
2018-07-17 00:00:00,23.496530532836914,25.020000457763672,25.309999465942383,24.959999084472656,24.969999313354492,19600.0
2018-07-18 00:00:00,23.47774887084961,25.0,25.25,24.899999618530273,25.059999465942383,15700.0
2018-07-19 00:00:00,23.47774887084961,25.0,25.270000457763672,24.889999389648438,24.920000076293945,7700.0
2018-07-20 00:00:00,23.9942569732666,25.549999237060547,25.709999084472656,24.93000030517578,24.93000030517578,13900.0
2018-07-23 00:00:00,24.097558975219727,25.65999984741211,25.90999984741211,25.459999084472656,25.459999084472656,10300.0
2018-07-24 00:00:00,23.383832931518555,24.899999618530273,25.84000015258789,24.860000610351562,25.65999984741211,26500.0
2018-07-25 00:00:00,23.383832931518555,24.899999618530273,25.09000015258789,24.780000686645508,24.93000030517578,18500.0
2018-07-26 00:00:00,23.69373893737793,25.229999542236328,25.600000381469727,24.510000228881836,24.979999542236328,15000.0
2018-07-27 00:00:00,22.67950439453125,24.149999618530273,25.040000915527344,23.940000534057617,25.040000915527344,28500.0
2018-07-30 00:00:00,22.717069625854492,24.190000534057617,24.350000381469727,24.030000686645508,24.18000030517578,18700.0
2018-07-31 00:00:00,22.745241165161133,24.219999313354492,24.329999923706055,24.110000610351562,24.15999984741211,9300.0
2018-08-01 00:00:00,22.67011070251465,24.139999389648438,24.420000076293945,23.920000076293945,24.170000076293945,20900.0
2018-08-02 00:00:00,22.707677841186523,24.18000030517578,24.299999237060547,23.979999542236328,23.989999771118164,14000.0
2018-08-03 00:00:00,22.46350860595703,23.920000076293945,24.6200008392334,23.90999984741211,24.170000076293945,11900.0
2018-08-06 00:00:00,22.623157501220703,24.09000015258789,24.229999542236328,23.84000015258789,24.020000457763672,16400.0
2018-08-07 00:00:00,22.566810607910156,24.030000686645508,24.3799991607666,23.40999984741211,24.3700008392334,43000.0
2018-08-08 00:00:00,22.980018615722656,24.469999313354492,24.610000610351562,23.920000076293945,24.059999465942383,14500.0
2018-08-09 00:00:00,22.857934951782227,24.34000015258789,24.6299991607666,24.18000030517578,24.18000030517578,12500.0
2018-08-10 00:00:00,22.8767147064209,24.360000610351562,24.420000076293945,24.0,24.190000534057617,12100.0
2018-08-13 00:00:00,22.867324829101562,24.350000381469727,24.540000915527344,24.329999923706055,24.459999084472656,13000.0
2018-08-14 00:00:00,23.149059295654297,24.649999618530273,24.75,24.229999542236328,24.450000762939453,12000.0
2018-08-15 00:00:00,22.782804489135742,24.260000228881836,24.56999969482422,24.15999984741211,24.56999969482422,12600.0
2018-08-16 00:00:00,23.233579635620117,24.739999771118164,24.75,24.459999084472656,24.459999084472656,11900.0
2018-08-17 00:00:00,23.449575424194336,24.969999313354492,25.0,24.56999969482422,24.56999969482422,29000.0
2018-08-20 00:00:00,23.149059295654297,24.649999618530273,24.8799991607666,24.6200008392334,24.84000015258789,6800.0
2018-08-21 00:00:00,23.35566520690918,24.8700008392334,25.079999923706055,24.579999923706055,24.600000381469727,13600.0
2018-08-22 00:00:00,23.646785736083984,25.18000030517578,25.25,24.950000762939453,24.950000762939453,14000.0
2018-08-23 00:00:00,23.552873611450195,25.079999923706055,25.270000457763672,24.979999542236328,25.270000457763672,5700.0
2018-08-24 00:00:00,23.346271514892578,24.860000610351562,25.239999771118164,24.770000457763672,25.200000762939453,10200.0
2018-08-27 00:00:00,23.026973724365234,24.520000457763672,25.1299991607666,24.520000457763672,25.1299991607666,14700.0
2018-08-28 00:00:00,22.829761505126953,24.309999465942383,24.700000762939453,24.260000228881836,24.530000686645508,12200.0
2018-08-29 00:00:00,22.951845169067383,24.440000534057617,24.56999969482422,24.100000381469727,24.420000076293945,9400.0
2018-08-30 00:00:00,22.933063507080078,24.420000076293945,24.559999465942383,24.25,24.360000610351562,9400.0
2018-08-31 00:00:00,23.112152099609375,24.520000457763672,24.6200008392334,24.239999771118164,24.31999969482422,14400.0
2018-09-04 00:00:00,22.8199520111084,24.209999084472656,24.639999389648438,24.200000762939453,24.399999618530273,14700.0
2018-09-05 00:00:00,22.81052589416504,24.200000762939453,24.469999313354492,24.15999984741211,24.469999313354492,11900.0
2018-09-06 00:00:00,22.64086151123047,24.020000457763672,24.280000686645508,23.889999389648438,24.219999313354492,21600.0
2018-09-07 00:00:00,22.848230361938477,24.239999771118164,24.350000381469727,23.540000915527344,23.8799991607666,17400.0
2018-09-10 00:00:00,22.76340103149414,24.149999618530273,24.65999984741211,24.100000381469727,24.450000762939453,16500.0
2018-09-11 00:00:00,22.565454483032227,23.940000534057617,24.299999237060547,23.899999618530273,24.0,19200.0
2018-09-12 00:00:00,22.54660415649414,23.920000076293945,24.0,23.770000457763672,24.0,22700.0
2018-09-13 00:00:00,22.650287628173828,24.030000686645508,24.229999542236328,23.8700008392334,24.049999237060547,5600.0
2018-09-14 00:00:00,22.7728214263916,24.15999984741211,24.360000610351562,23.950000762939453,23.950000762939453,10600.0
2018-09-17 00:00:00,22.63143539428711,24.010000228881836,24.350000381469727,23.770000457763672,24.1299991607666,19300.0
2018-09-18 00:00:00,22.433490753173828,23.799999237060547,24.260000228881836,23.790000915527344,24.229999542236328,11200.0
2018-09-19 00:00:00,22.433490753173828,23.799999237060547,24.049999237060547,23.760000228881836,23.84000015258789,18400.0
2018-09-20 00:00:00,22.735122680664062,24.1200008392334,24.329999923706055,23.84000015258789,24.030000686645508,18200.0
2018-09-21 00:00:00,22.650287628173828,24.030000686645508,24.299999237060547,23.899999618530273,24.030000686645508,35200.0
2018-09-24 00:00:00,22.386363983154297,23.75,24.15999984741211,23.649999618530273,24.15999984741211,16400.0
2018-09-25 00:00:00,22.141292572021484,23.489999771118164,23.950000762939453,23.280000686645508,23.950000762939453,25500.0
2018-09-26 00:00:00,22.056459426879883,23.399999618530273,23.770000457763672,23.329999923706055,23.600000381469727,11600.0
2018-09-27 00:00:00,21.924501419067383,23.260000228881836,23.780000686645508,23.190000534057617,23.450000762939453,15200.0
2018-09-28 00:00:00,21.99990463256836,23.34000015258789,23.59000015258789,23.219999313354492,23.59000015258789,12700.0
2018-10-01 00:00:00,21.726552963256836,23.049999237060547,23.809999465942383,22.989999771118164,23.399999618530273,26000.0
2018-10-02 00:00:00,21.78310775756836,23.110000610351562,23.3700008392334,20.219999313354492,20.219999313354492,17500.0
2018-10-03 00:00:00,22.226123809814453,23.579999923706055,23.639999389648438,22.0,23.040000915527344,14100.0
2018-10-04 00:00:00,22.2921085357666,23.649999618530273,24.149999618530273,23.31999969482422,23.360000610351562,20000.0
2018-10-05 00:00:00,22.207273483276367,23.559999465942383,23.969999313354492,23.34000015258789,23.34000015258789,10700.0
2018-10-08 00:00:00,22.471195220947266,23.84000015258789,23.940000534057617,23.079999923706055,23.649999618530273,15400.0
2018-10-09 00:00:00,22.74454689025879,24.1299991607666,24.31999969482422,23.479999542236328,23.479999542236328,16400.0
2018-10-10 00:00:00,22.7728214263916,24.15999984741211,24.420000076293945,24.1299991607666,24.25,20100.0
2018-10-11 00:00:00,22.310958862304688,23.670000076293945,24.149999618530273,23.649999618530273,24.020000457763672,15100.0
2018-10-12 00:00:00,21.78310775756836,23.110000610351562,23.809999465942383,22.559999465942383,23.809999465942383,29800.0
2018-10-15 00:00:00,21.877365112304688,23.209999084472656,23.899999618530273,22.959999084472656,22.969999313354492,19100.0
2018-10-16 00:00:00,22.197847366333008,23.549999237060547,23.639999389648438,22.889999389648438,23.200000762939453,14700.0
2018-10-17 00:00:00,22.160144805908203,23.510000228881836,23.84000015258789,23.360000610351562,23.360000610351562,11900.0
2018-10-18 00:00:00,21.933923721313477,23.270000457763672,23.600000381469727,23.149999618530273,23.3700008392334,8900.0
2018-10-19 00:00:00,21.37779998779297,22.68000030517578,23.440000534057617,22.68000030517578,23.110000610351562,14000.0
2018-10-22 00:00:00,21.095022201538086,22.3799991607666,23.520000457763672,22.290000915527344,22.700000762939453,19900.0
2018-10-23 00:00:00,20.897083282470703,22.170000076293945,22.809999465942383,19.920000076293945,22.729999542236328,14500.0
2018-10-24 00:00:00,21.27411460876465,22.56999969482422,24.280000686645508,22.290000915527344,22.309999465942383,18700.0
2018-10-25 00:00:00,21.971628189086914,23.309999465942383,23.309999465942383,21.979999542236328,22.34000015258789,20700.0
2018-10-26 00:00:00,22.00933074951172,23.350000381469727,23.959999084472656,22.8799991607666,22.959999084472656,12400.0
2018-10-29 00:00:00,22.565454483032227,23.940000534057617,24.709999084472656,22.479999542236328,23.610000610351562,21200.0
2018-10-30 00:00:00,22.838804244995117,24.229999542236328,24.40999984741211,24.0,24.1200008392334,11100.0
2018-10-31 00:00:00,22.339235305786133,23.700000762939453,24.489999771118164,23.6299991607666,24.459999084472656,15100.0
2018-11-01 00:00:00,22.678565979003906,24.059999465942383,24.200000762939453,23.579999923706055,23.579999923706055,17200.0
2018-11-02 00:00:00,22.801101684570312,24.190000534057617,24.3799991607666,24.0,24.010000228881836,14500.0
2018-11-05 00:00:00,22.904783248901367,24.299999237060547,24.43000030517578,23.709999084472656,24.110000610351562,10400.0
2018-11-06 00:00:00,23.02732276916504,24.43000030517578,24.649999618530273,24.43000030517578,24.6299991607666,2500.0
2018-11-07 00:00:00,23.328947067260742,24.75,24.75,24.56999969482422,24.56999969482422,10200.0
2018-11-08 00:00:00,23.705984115600586,25.149999618530273,25.149999618530273,24.360000610351562,24.760000228881836,14000.0
2018-11-09 00:00:00,23.413782119750977,24.84000015258789,25.1299991607666,24.670000076293945,24.75,13300.0
2018-11-12 00:00:00,23.5174617767334,24.950000762939453,25.399999618530273,24.450000762939453,24.920000076293945,16500.0
2018-11-13 00:00:00,23.574020385742188,25.010000228881836,25.399999618530273,24.739999771118164,25.260000228881836,11700.0
2018-11-14 00:00:00,23.310096740722656,24.729999542236328,25.34000015258789,24.709999084472656,25.0,18000.0
2018-11-15 00:00:00,23.65885353088379,25.100000381469727,25.40999984741211,24.84000015258789,24.84000015258789,17900.0
2018-11-16 00:00:00,23.639999389648438,25.079999923706055,25.18000030517578,24.81999969482422,24.8700008392334,20800.0
2018-11-19 00:00:00,23.564594268798828,25.0,25.5,24.40999984741211,24.989999771118164,8200.0
2018-11-20 00:00:00,23.15928077697754,24.56999969482422,25.329999923706055,24.56999969482422,24.899999618530273,19500.0
2018-11-21 00:00:00,23.35722541809082,24.780000686645508,25.209999084472656,24.520000457763672,24.6299991607666,10300.0
2018-11-23 00:00:00,23.65885353088379,25.100000381469727,25.100000381469727,24.639999389648438,24.639999389648438,9600.0
2018-11-26 00:00:00,23.91335105895996,25.3700008392334,25.5,25.100000381469727,25.100000381469727,53100.0
2018-11-27 00:00:00,23.903921127319336,25.360000610351562,25.399999618530273,25.149999618530273,25.200000762939453,49200.0
2018-11-28 00:00:00,25.289520263671875,26.829999923706055,26.829999923706055,25.399999618530273,25.5,30500.0
2018-11-29 00:00:00,25.110429763793945,26.639999389648438,26.889999389648438,26.309999465942383,26.889999389648438,35600.0
2018-11-30 00:00:00,25.460369110107422,26.920000076293945,26.920000076293945,26.5,26.68000030517578,56800.0
2018-12-03 00:00:00,25.290132522583008,26.739999771118164,26.950000762939453,26.549999237060547,26.950000762939453,14500.0
2018-12-04 00:00:00,23.26616096496582,24.600000381469727,26.670000076293945,24.469999313354492,26.670000076293945,23700.0
2018-12-05 00:00:00,,,,,,
2018-12-06 00:00:00,23.20941734313965,24.540000915527344,24.649999618530273,23.559999465942383,24.31999969482422,18900.0
2018-12-07 00:00:00,23.24724769592285,24.579999923706055,24.809999465942383,24.200000762939453,24.549999237060547,25900.0
2018-12-10 00:00:00,23.672849655151367,25.030000686645508,25.420000076293945,24.43000030517578,24.709999084472656,32500.0
2018-12-11 00:00:00,23.814712524414062,25.18000030517578,25.34000015258789,24.899999618530273,25.229999542236328,12000.0
2018-12-12 00:00:00,24.401098251342773,25.799999237060547,26.15999984741211,25.469999313354492,25.56999969482422,24000.0
2018-12-13 00:00:00,23.691762924194336,25.049999237060547,26.799999237060547,24.639999389648438,25.600000381469727,17700.0
2018-12-14 00:00:00,23.45531463623047,24.799999237060547,25.190000534057617,24.520000457763672,25.040000915527344,14900.0
2018-12-17 00:00:00,22.44333267211914,23.729999542236328,24.799999237060547,23.559999465942383,24.799999237060547,32400.0
2018-12-18 00:00:00,22.47170639038086,23.760000228881836,24.290000915527344,23.65999984741211,23.920000076293945,19100.0
2018-12-19 00:00:00,21.592134475708008,22.829999923706055,24.15999984741211,22.719999313354492,23.719999313354492,40400.0
2018-12-20 00:00:00,22.197431564331055,23.469999313354492,23.649999618530273,22.84000015258789,22.84000015258789,61700.0
2018-12-21 00:00:00,21.932615280151367,23.190000534057617,24.06999969482422,23.06999969482422,23.5,75300.0
2018-12-24 00:00:00,21.10032844543457,22.309999465942383,24.239999771118164,22.309999465942383,23.09000015258789,5900.0
2018-12-26 00:00:00,22.017732620239258,23.280000686645508,23.700000762939453,22.260000228881836,22.950000762939453,23100.0
2018-12-27 00:00:00,21.185447692871094,22.399999618530273,23.40999984741211,21.809999465942383,22.920000076293945,34800.0
2018-12-28 00:00:00,21.705625534057617,22.950000762939453,23.200000762939453,22.290000915527344,22.399999618530273,23900.0
2018-12-31 00:00:00,21.951526641845703,23.209999084472656,23.43000030517578,22.959999084472656,22.959999084472656,23700.0
2019-01-02 00:00:00,22.121767044067383,23.389999389648438,23.40999984741211,22.43000030517578,23.030000686645508,33500.0
2019-01-03 00:00:00,22.150142669677734,23.420000076293945,23.780000686645508,23.239999771118164,23.31999969482422,7400.0
2019-01-04 00:00:00,22.462251663208008,23.75,23.979999542236328,23.170000076293945,23.670000076293945,14600.0
2019-01-07 00:00:00,22.57574462890625,23.8700008392334,23.950000762939453,23.59000015258789,23.700000762939453,16600.0
2019-01-08 00:00:00,22.93514060974121,24.25,24.43000030517578,23.510000228881836,23.81999969482422,7600.0
2019-01-09 00:00:00,22.698698043823242,24.0,24.43000030517578,23.90999984741211,24.270000457763672,13100.0
2019-01-10 00:00:00,22.85947608947754,24.170000076293945,24.229999542236328,23.799999237060547,23.860000610351562,8900.0
2019-01-11 00:00:00,22.7838134765625,24.09000015258789,24.15999984741211,23.610000610351562,24.15999984741211,14000.0
2019-01-14 00:00:00,22.37712860107422,23.65999984741211,24.43000030517578,23.639999389648438,23.969999313354492,21400.0
2019-01-15 00:00:00,22.39604377746582,23.68000030517578,24.010000228881836,23.420000076293945,23.68000030517578,38700.0
2019-01-16 00:00:00,22.972970962524414,24.290000915527344,24.399999618530273,23.709999084472656,23.709999084472656,22900.0
2019-01-17 00:00:00,23.379655838012695,24.719999313354492,24.899999618530273,24.290000915527344,24.290000915527344,27200.0
2019-01-18 00:00:00,24.088991165161133,25.469999313354492,25.639999389648438,24.75,24.75,28200.0
2019-01-22 00:00:00,23.275619506835938,24.610000610351562,25.579999923706055,24.610000610351562,25.559999465942383,19200.0
2019-01-23 00:00:00,22.017732620239258,23.280000686645508,24.829999923706055,22.84000015258789,24.829999923706055,49400.0
2019-01-24 00:00:00,22.556825637817383,23.850000381469727,23.90999984741211,23.149999618530273,23.309999465942383,15200.0
2019-01-25 00:00:00,22.831098556518555,24.139999389648438,24.299999237060547,23.56999969482422,24.049999237060547,14900.0
2019-01-28 00:00:00,22.60411834716797,23.899999618530273,24.229999542236328,23.700000762939453,24.100000381469727,8000.0
2019-01-29 00:00:00,22.414962768554688,23.700000762939453,24.329999923706055,23.670000076293945,24.329999923706055,21100.0
2019-01-30 00:00:00,22.745983123779297,24.049999237060547,24.049999237060547,23.299999237060547,23.440000534057617,18300.0
2019-01-31 00:00:00,22.698698043823242,24.0,24.229999542236328,23.68000030517578,23.959999084472656,11000.0
2019-02-01 00:00:00,22.689237594604492,23.989999771118164,24.15999984741211,23.850000381469727,24.139999389648438,27400.0
2019-02-04 00:00:00,22.982425689697266,24.299999237060547,24.43000030517578,24.100000381469727,24.1200008392334,47000.0
2019-02-05 00:00:00,23.09592056274414,24.420000076293945,24.850000381469727,24.200000762939453,24.200000762939453,15500.0
2019-02-06 00:00:00,23.04863166809082,24.3700008392334,24.739999771118164,24.31999969482422,24.329999923706055,13600.0
2019-02-07 00:00:00,23.162124633789062,24.489999771118164,24.5,24.25,24.479999542236328,15000.0
2019-02-08 00:00:00,23.171585083007812,24.5,24.649999618530273,24.260000228881836,24.459999084472656,18900.0
2019-02-11 00:00:00,23.171585083007812,24.5,24.579999923706055,24.450000762939453,24.489999771118164,15600.0
2019-02-12 00:00:00,23.53097915649414,24.8799991607666,25.059999465942383,24.670000076293945,24.770000457763672,26500.0
2019-02-13 00:00:00,23.58772850036621,24.940000534057617,25.0,24.809999465942383,25.0,9600.0
2019-02-14 00:00:00,23.379655838012695,24.719999313354492,25.0,24.719999313354492,24.829999923706055,10100.0
2019-02-15 00:00:00,23.73905372619629,25.100000381469727,25.40999984741211,24.799999237060547,24.850000381469727,22100.0
2019-02-19 00:00:00,23.994415283203125,25.3700008392334,25.610000610351562,24.790000915527344,25.040000915527344,19100.0
2019-02-20 00:00:00,24.268686294555664,25.65999984741211,25.8700008392334,24.75,24.75,17200.0
2019-02-21 00:00:00,24.022785186767578,25.399999618530273,25.809999465942383,25.239999771118164,25.34000015258789,12400.0
2019-02-22 00:00:00,24.230859756469727,25.6200008392334,25.6200008392334,25.149999618530273,25.540000915527344,12700.0
2019-02-25 00:00:00,23.57826805114746,24.93000030517578,25.6200008392334,24.93000030517578,25.6200008392334,20400.0
2019-02-26 00:00:00,23.341829299926758,24.68000030517578,24.989999771118164,24.68000030517578,24.989999771118164,10400.0
2019-02-27 00:00:00,23.31344985961914,24.649999618530273,24.84000015258789,24.3700008392334,24.579999923706055,10700.0
2019-02-28 00:00:00,23.341829299926758,24.68000030517578,24.889999389648438,24.450000762939453,24.649999618530273,10400.0
2019-03-01 00:00:00,23.871461868286133,25.239999771118164,25.239999771118164,24.739999771118164,24.829999923706055,13000.0
2019-03-04 00:00:00,23.45531463623047,24.799999237060547,25.520000457763672,24.6299991607666,25.079999923706055,6100.0
2019-03-05 00:00:00,23.114839553833008,24.440000534057617,24.729999542236328,24.260000228881836,24.729999542236328,9100.0
2019-03-06 00:00:00,22.367673873901367,23.649999618530273,24.700000762939453,23.59000015258789,24.6200008392334,18600.0
2019-03-07 00:00:00,21.998817443847656,23.260000228881836,23.940000534057617,23.18000030517578,23.5,32600.0
2019-03-08 00:00:00,22.217378616333008,23.3799991607666,23.40999984741211,22.75,23.030000686645508,29300.0
2019-03-11 00:00:00,22.80655288696289,24.0,24.1200008392334,23.420000076293945,23.420000076293945,17100.0
2019-03-12 00:00:00,22.530967712402344,23.709999084472656,24.079999923706055,23.5,24.079999923706055,4100.0
2019-03-13 00:00:00,22.587989807128906,23.770000457763672,23.799999237060547,23.229999542236328,23.229999542236328,5600.0
2019-03-14 00:00:00,22.312406539916992,23.479999542236328,23.81999969482422,23.459999084472656,23.690000534057617,8900.0
2019-03-15 00:00:00,22.09384536743164,23.25,23.760000228881836,23.229999542236328,23.56999969482422,56500.0
2019-03-18 00:00:00,22.36942481994629,23.540000915527344,23.719999313354492,23.34000015258789,23.579999923706055,12000.0
2019-03-19 00:00:00,21.818267822265625,22.959999084472656,23.799999237060547,22.959999084472656,23.510000228881836,9500.0
2019-03-20 00:00:00,21.30512046813965,22.420000076293945,22.899999618530273,22.40999984741211,22.829999923706055,22800.0
2019-03-21 00:00:00,21.03904151916504,22.139999389648438,22.469999313354492,22.100000381469727,22.170000076293945,28900.0
2019-03-22 00:00:00,20.19330406188965,21.25,22.139999389648438,21.040000915527344,22.020000457763672,36600.0
2019-03-25 00:00:00,20.364349365234375,21.43000030517578,22.889999389648438,21.1200008392334,21.399999618530273,11200.0
2019-03-26 00:00:00,20.611419677734375,21.690000534057617,21.950000762939453,21.350000381469727,21.81999969482422,21100.0
2019-03-27 00:00:00,20.459379196166992,21.530000686645508,21.719999313354492,21.040000915527344,21.040000915527344,13200.0
2019-03-28 00:00:00,20.810977935791016,21.899999618530273,22.0,21.799999237060547,22.0,2600.0
2019-03-29 00:00:00,20.69694709777832,21.780000686645508,22.270000457763672,21.760000228881836,22.270000457763672,18100.0
2019-04-01 00:00:00,20.94401741027832,22.040000915527344,22.040000915527344,21.850000381469727,21.899999618530273,8300.0
2019-04-02 00:00:00,20.886999130249023,21.979999542236328,22.0,21.56999969482422,21.920000076293945,17000.0
2019-04-03 00:00:00,21.08655548095703,22.190000534057617,22.239999771118164,21.8799991607666,22.0,15100.0
2019-04-04 00:00:00,21.514177322387695,22.639999389648438,22.68000030517578,22.030000686645508,22.030000686645508,14100.0
2019-04-05 00:00:00,22.13185691833496,23.290000915527344,23.329999923706055,22.579999923706055,22.579999923706055,15400.0
2019-04-08 00:00:00,22.283899307250977,23.450000762939453,23.639999389648438,23.15999984741211,23.5,15500.0
2019-04-09 00:00:00,22.017824172973633,23.170000076293945,23.549999237060547,23.100000381469727,23.549999237060547,8600.0
2019-04-10 00:00:00,22.25539207458496,23.420000076293945,23.540000915527344,23.1299991607666,23.309999465942383,10800.0
2019-04-11 00:00:00,21.951305389404297,23.100000381469727,23.489999771118164,23.100000381469727,23.489999771118164,4100.0
2019-04-12 00:00:00,22.103349685668945,23.260000228881836,23.520000457763672,23.1299991607666,23.31999969482422,10400.0
2019-04-15 00:00:00,22.122352600097656,23.280000686645508,23.56999969482422,23.06999969482422,23.190000534057617,7300.0
2019-04-16 00:00:00,22.19837760925293,23.360000610351562,23.670000076293945,23.270000457763672,23.270000457763672,7400.0
2019-04-17 00:00:00,22.388431549072266,23.559999465942383,23.700000762939453,23.1200008392334,23.459999084472656,13400.0
2019-04-18 00:00:00,22.312406539916992,23.479999542236328,23.700000762939453,23.149999618530273,23.420000076293945,8500.0
2019-04-22 00:00:00,21.03904151916504,22.139999389648438,22.84000015258789,21.81999969482422,22.75,10700.0
2019-04-23 00:00:00,21.60920524597168,22.739999771118164,23.18000030517578,21.989999771118164,21.989999771118164,5400.0
2019-04-24 00:00:00,21.780254364013672,22.920000076293945,23.31999969482422,22.489999771118164,22.670000076293945,14200.0
2019-04-25 00:00:00,21.409650802612305,22.530000686645508,22.809999465942383,22.420000076293945,22.760000228881836,6200.0
2019-04-26 00:00:00,21.68522834777832,22.81999969482422,23.18000030517578,22.489999771118164,23.18000030517578,3400.0
2019-04-29 00:00:00,22.122352600097656,23.280000686645508,23.290000915527344,23.0,23.0,11300.0
2019-04-30 00:00:00,21.79926300048828,22.940000534057617,23.399999618530273,22.709999084472656,23.190000534057617,20000.0
2019-05-01 00:00:00,21.647216796875,22.780000686645508,23.350000381469727,22.770000457763672,23.229999542236328,23200.0
2019-05-02 00:00:00,21.87527847290039,23.020000457763672,23.200000762939453,22.8700008392334,23.15999984741211,10400.0
2019-05-03 00:00:00,22.03683090209961,23.190000534057617,23.209999084472656,23.010000228881836,23.06999969482422,27300.0
2019-05-06 00:00:00,22.188873291015625,23.350000381469727,23.760000228881836,22.579999923706055,23.030000686645508,21900.0
2019-05-07 00:00:00,21.91329574584961,23.059999465942383,23.5,23.059999465942383,23.209999084472656,9300.0
2019-05-08 00:00:00,21.951305389404297,23.100000381469727,23.450000762939453,22.75,22.75,5200.0
2019-05-09 00:00:00,22.559480667114258,23.739999771118164,23.799999237060547,23.1299991607666,23.1299991607666,14300.0
2019-05-10 00:00:00,22.711523056030273,23.899999618530273,23.969999313354492,23.56999969482422,23.579999923706055,11000.0
2019-05-13 00:00:00,21.884790420532227,23.030000686645508,24.1299991607666,22.959999084472656,23.600000381469727,8800.0
2019-05-14 00:00:00,22.09384536743164,23.25,23.8700008392334,23.010000228881836,23.209999084472656,15000.0
2019-05-15 00:00:00,21.66622543334961,22.799999237060547,23.3799991607666,22.719999313354492,23.06999969482422,11100.0
2019-05-16 00:00:00,21.66622543334961,22.799999237060547,23.020000457763672,22.479999542236328,23.020000457763672,7400.0
2019-05-17 00:00:00,21.770753860473633,22.90999984741211,23.229999542236328,22.5,22.670000076293945,7400.0
2019-05-20 00:00:00,21.818267822265625,22.959999084472656,23.209999084472656,22.43000030517578,22.709999084472656,33800.0
2019-05-21 00:00:00,22.19837760925293,23.360000610351562,23.6299991607666,23.049999237060547,23.049999237060547,34700.0
2019-05-22 00:00:00,22.33141326904297,23.5,23.709999084472656,22.950000762939453,22.989999771118164,10900.0
2019-05-23 00:00:00,22.04633331298828,23.200000762939453,23.799999237060547,22.920000076293945,23.209999084472656,13900.0
2019-05-24 00:00:00,22.426441192626953,23.600000381469727,23.600000381469727,22.989999771118164,23.15999984741211,7500.0
2019-05-28 00:00:00,22.33141326904297,23.5,23.700000762939453,23.229999542236328,23.399999618530273,13100.0
2019-05-29 00:00:00,22.264894485473633,23.43000030517578,23.600000381469727,23.209999084472656,23.209999084472656,53700.0
2019-05-30 00:00:00,22.416940689086914,23.59000015258789,23.729999542236328,23.34000015258789,23.34000015258789,48700.0
2019-05-31 00:00:00,22.24588966369629,23.40999984741211,23.649999618530273,23.209999084472656,23.25,22000.0
2019-06-03 00:00:00,22.065340042114258,23.219999313354492,23.6200008392334,23.139999389648438,23.510000228881836,70500.0
2019-06-04 00:00:00,22.52147102355957,23.700000762939453,23.700000762939453,23.469999313354492,23.549999237060547,22700.0
2019-06-05 00:00:00,22.50246238708496,23.68000030517578,23.709999084472656,23.530000686645508,23.6299991607666,17800.0
2019-06-06 00:00:00,22.50246238708496,23.68000030517578,23.709999084472656,23.520000457763672,23.709999084472656,16700.0
2019-06-07 00:00:00,22.626577377319336,23.700000762939453,23.700000762939453,23.5,23.549999237060547,11200.0
2019-06-10 00:00:00,23.208946228027344,24.309999465942383,24.360000610351562,21.889999389648438,23.709999084472656,29700.0
2019-06-11 00:00:00,23.247135162353516,24.350000381469727,24.65999984741211,23.93000030517578,24.530000686645508,67800.0
2019-06-12 00:00:00,23.380796432495117,24.489999771118164,24.670000076293945,24.049999237060547,24.049999237060547,27200.0
2019-06-13 00:00:00,23.371248245239258,24.479999542236328,24.639999389648438,23.969999313354492,24.639999389648438,21900.0
2019-06-14 00:00:00,23.5430965423584,24.65999984741211,24.75,24.299999237060547,24.600000381469727,30800.0
2019-06-17 00:00:00,23.409433364868164,24.520000457763672,24.75,24.200000762939453,24.739999771118164,20400.0
2019-06-18 00:00:00,23.629018783569336,24.75,24.75,24.219999313354492,24.219999313354492,17000.0
2019-06-19 00:00:00,23.53354835510254,24.649999618530273,24.850000381469727,24.489999771118164,24.850000381469727,18200.0
2019-06-20 00:00:00,23.53354835510254,24.649999618530273,24.829999923706055,24.309999465942383,24.829999923706055,21500.0
2019-06-21 00:00:00,23.724491119384766,24.850000381469727,24.850000381469727,24.329999923706055,24.43000030517578,80500.0
2019-06-24 00:00:00,23.600378036499023,24.719999313354492,24.850000381469727,24.440000534057617,24.850000381469727,34200.0
2019-06-25 00:00:00,23.514450073242188,24.6299991607666,24.799999237060547,24.5,24.780000686645508,38900.0
2019-06-26 00:00:00,23.409433364868164,24.520000457763672,24.649999618530273,24.420000076293945,24.600000381469727,29500.0
2019-06-27 00:00:00,23.67675018310547,24.799999237060547,24.799999237060547,24.479999542236328,24.520000457763672,66400.0
2019-06-28 00:00:00,23.724491119384766,24.850000381469727,25.0,24.59000015258789,24.8700008392334,247100.0
2019-07-01 00:00:00,24.077730178833008,25.219999313354492,25.350000381469727,24.8700008392334,24.969999313354492,57200.0
2019-07-02 00:00:00,23.53354835510254,24.649999618530273,25.190000534057617,24.56999969482422,25.15999984741211,35900.0
2019-07-03 00:00:00,23.57173728942871,24.690000534057617,24.889999389648438,24.690000534057617,24.809999465942383,5700.0
2019-07-05 00:00:00,23.791318893432617,24.920000076293945,24.969999313354492,24.700000762939453,24.799999237060547,12600.0
2019-07-08 00:00:00,23.48581314086914,24.600000381469727,24.760000228881836,24.450000762939453,24.760000228881836,15100.0
2019-07-09 00:00:00,23.67675018310547,24.799999237060547,24.81999969482422,24.25,24.25,8700.0
2019-07-10 00:00:00,23.60992431640625,24.729999542236328,24.979999542236328,24.65999984741211,24.81999969482422,15600.0
2019-07-11 00:00:00,23.61947250366211,24.739999771118164,24.8799991607666,24.68000030517578,24.829999923706055,12600.0
2019-07-12 00:00:00,23.61947250366211,24.739999771118164,25.1200008392334,24.579999923706055,24.579999923706055,33300.0
2019-07-15 00:00:00,23.447622299194336,24.559999465942383,24.920000076293945,24.329999923706055,24.920000076293945,13800.0
2019-07-16 00:00:00,23.600378036499023,24.719999313354492,24.84000015258789,24.309999465942383,24.5,11900.0
2019-07-17 00:00:00,23.5430965423584,24.65999984741211,24.75,24.549999237060547,24.65999984741211,15100.0
2019-07-18 00:00:00,23.61947250366211,24.739999771118164,24.8799991607666,24.6299991607666,24.6299991607666,14800.0
2019-07-19 00:00:00,23.53354835510254,24.649999618530273,24.860000610351562,24.489999771118164,24.65999984741211,12800.0
2019-07-22 00:00:00,23.695846557617188,24.81999969482422,24.81999969482422,24.399999618530273,24.440000534057617,12800.0
2019-07-23 00:00:00,23.934526443481445,25.06999969482422,25.25,24.780000686645508,24.780000686645508,6600.0
2019-07-24 00:00:00,24.898780822753906,26.079999923706055,26.299999237060547,25.1299991607666,25.229999542236328,40500.0
2019-07-25 00:00:00,24.564632415771484,25.729999542236328,26.149999618530273,25.729999542236328,26.030000686645508,21000.0
2019-07-26 00:00:00,24.621915817260742,25.790000915527344,25.950000762939453,25.639999389648438,25.829999923706055,28600.0
2019-07-29 00:00:00,24.898780822753906,26.079999923706055,26.280000686645508,23.700000762939453,25.8700008392334,41200.0
2019-07-30 00:00:00,25.25202178955078,26.450000762939453,26.549999237060547,25.950000762939453,25.950000762939453,28300.0
2019-07-31 00:00:00,24.650556564331055,25.81999969482422,26.540000915527344,25.68000030517578,26.25,36600.0
2019-08-01 00:00:00,24.049089431762695,25.190000534057617,26.200000762939453,25.149999618530273,26.09000015258789,22900.0
2019-08-02 00:00:00,24.144561767578125,25.290000915527344,25.399999618530273,24.700000762939453,25.139999389648438,19300.0
2019-08-05 00:00:00,23.037099838256836,24.1299991607666,25.280000686645508,23.889999389648438,24.920000076293945,16300.0
2019-08-06 00:00:00,23.218496322631836,24.31999969482422,24.489999771118164,23.90999984741211,24.219999313354492,19200.0
2019-08-07 00:00:00,23.056194305419922,24.149999618530273,24.350000381469727,23.989999771118164,23.989999771118164,9900.0
2019-08-08 00:00:00,23.524002075195312,24.639999389648438,25.0,24.18000030517578,24.18000030517578,18500.0
2019-08-09 00:00:00,23.476266860961914,24.59000015258789,24.899999618530273,24.290000915527344,24.610000610351562,12300.0
2019-08-12 00:00:00,23.5430965423584,24.65999984741211,24.8700008392334,24.440000534057617,24.440000534057617,8600.0
2019-08-13 00:00:00,23.753129959106445,24.8799991607666,25.09000015258789,24.600000381469727,24.600000381469727,11700.0
2019-08-14 00:00:00,22.941631317138672,24.030000686645508,24.549999237060547,23.8700008392334,24.3799991607666,12300.0
2019-08-15 00:00:00,23.228038787841797,24.329999923706055,24.329999923706055,24.030000686645508,24.030000686645508,12400.0
2019-08-16 00:00:00,22.8557071685791,23.940000534057617,24.68000030517578,23.799999237060547,24.389999389648438,31100.0
2019-08-19 00:00:00,23.084835052490234,24.18000030517578,24.649999618530273,24.0,24.34000015258789,55000.0
2019-08-20 00:00:00,23.15166664123535,24.25,24.360000610351562,23.959999084472656,23.959999084472656,10400.0
2019-08-21 00:00:00,23.915430068969727,25.049999237060547,25.049999237060547,24.170000076293945,24.399999618530273,40700.0
2019-08-22 00:00:00,23.705394744873047,24.829999923706055,25.079999923706055,24.700000762939453,24.969999313354492,16100.0
2019-08-23 00:00:00,22.941631317138672,24.030000686645508,24.799999237060547,23.899999618530273,24.59000015258789,20900.0
2019-08-26 00:00:00,23.390342712402344,24.5,24.5,24.110000610351562,24.329999923706055,8800.0
2019-08-27 00:00:00,22.8557071685791,23.940000534057617,24.65999984741211,23.899999618530273,24.65999984741211,14300.0
2019-08-28 00:00:00,23.208946228027344,24.309999465942383,24.360000610351562,23.979999542236328,23.979999542236328,12700.0
2019-08-29 00:00:00,23.476266860961914,24.59000015258789,24.639999389648438,24.350000381469727,24.510000228881836,7000.0
2019-08-30 00:00:00,23.275775909423828,24.3799991607666,24.700000762939453,24.239999771118164,24.700000762939453,9900.0
2019-09-03 00:00:00,22.788875579833984,23.8700008392334,24.329999923706055,23.809999465942383,24.1299991607666,13100.0
2019-09-04 00:00:00,22.893896102905273,23.979999542236328,24.260000228881836,23.709999084472656,24.100000381469727,9300.0
2019-09-05 00:00:00,23.791318893432617,24.920000076293945,25.280000686645508,24.290000915527344,24.290000915527344,25800.0
2019-09-06 00:00:00,23.5513916015625,24.540000915527344,24.850000381469727,24.520000457763672,24.850000381469727,7700.0
2019-09-09 00:00:00,24.2327880859375,25.25,25.329999923706055,24.510000228881836,24.510000228881836,15500.0
2019-09-10 00:00:00,24.54949188232422,25.579999923706055,25.75,25.049999237060547,25.06999969482422,26100.0
2019-09-11 00:00:00,25.355653762817383,26.420000076293945,26.690000534057617,25.540000915527344,25.670000076293945,33200.0
2019-09-12 00:00:00,25.768333435058594,26.850000381469727,27.149999618530273,25.90999984741211,26.399999618530273,64900.0
2019-09-13 00:00:00,25.749135971069336,26.829999923706055,27.1299991607666,26.469999313354492,26.989999771118164,37300.0
2019-09-16 00:00:00,25.816316604614258,26.899999618530273,27.239999771118164,26.6200008392334,26.780000686645508,24300.0
2019-09-17 00:00:00,25.422834396362305,26.489999771118164,26.920000076293945,26.34000015258789,26.81999969482422,33400.0
2019-09-18 00:00:00,25.566789627075195,26.639999389648438,26.799999237060547,25.770000457763672,26.600000381469727,63700.0
2019-09-19 00:00:00,25.422834396362305,26.489999771118164,27.190000534057617,26.469999313354492,26.719999313354492,23900.0
2019-09-20 00:00:00,26.41134262084961,27.520000457763672,28.0,26.290000915527344,26.479999542236328,104700.0
2019-09-23 00:00:00,25.806718826293945,26.889999389648438,27.469999313354492,26.719999313354492,27.15999984741211,42800.0
2019-09-24 00:00:00,25.777929306030273,26.860000610351562,27.0,26.200000762939453,26.940000534057617,93800.0
2019-09-25 00:00:00,26.324968338012695,27.43000030517578,27.6200008392334,26.760000228881836,26.760000228881836,57500.0
2019-09-26 00:00:00,25.921884536743164,27.010000228881836,27.670000076293945,26.959999084472656,27.290000915527344,30100.0
2019-09-27 00:00:00,26.02745819091797,27.1200008392334,27.260000228881836,26.760000228881836,27.260000228881836,23400.0
2019-09-30 00:00:00,26.344161987304688,27.450000762939453,27.649999618530273,27.100000381469727,27.309999465942383,33900.0
2019-10-01 00:00:00,25.633970260620117,26.709999084472656,27.8799991607666,26.610000610351562,27.59000015258789,30000.0
2019-10-02 00:00:00,25.480419158935547,26.549999237060547,26.760000228881836,25.940000534057617,26.56999969482422,36500.0
2019-10-03 00:00:00,25.432432174682617,26.5,26.809999465942383,26.139999389648438,26.559999465942383,25600.0
2019-10-04 00:00:00,25.845111846923828,26.93000030517578,26.93000030517578,26.399999618530273,26.600000381469727,17600.0
2019-10-07 00:00:00,25.499610900878906,26.56999969482422,27.100000381469727,26.56999969482422,26.760000228881836,33800.0
2019-10-08 00:00:00,25.125324249267578,26.18000030517578,26.530000686645508,26.059999465942383,26.440000534057617,23800.0
2019-10-09 00:00:00,25.5476016998291,26.6200008392334,26.770000457763672,26.280000686645508,26.600000381469727,15700.0
2019-10-10 00:00:00,25.52840232849121,26.600000381469727,26.809999465942383,26.5,26.639999389648438,26200.0
2019-10-11 00:00:00,25.83551025390625,26.920000076293945,27.34000015258789,26.850000381469727,26.969999313354492,24900.0
2019-10-14 00:00:00,25.672361373901367,26.75,26.899999618530273,26.56999969482422,26.729999542236328,12400.0
2019-10-15 00:00:00,25.806718826293945,26.889999389648438,27.290000915527344,26.670000076293945,26.75,28500.0
2019-10-16 00:00:00,25.739540100097656,26.81999969482422,27.049999237060547,26.729999542236328,26.950000762939453,12300.0
2019-10-17 00:00:00,25.777929306030273,26.860000610351562,27.049999237060547,26.610000610351562,26.969999313354492,18100.0
2019-10-18 00:00:00,25.960277557373047,27.049999237060547,27.049999237060547,26.65999984741211,26.65999984741211,23800.0
2019-10-21 00:00:00,26.401744842529297,27.510000228881836,27.739999771118164,27.049999237060547,27.079999923706055,23800.0
2019-10-22 00:00:00,26.536102294921875,27.649999618530273,27.790000915527344,27.149999618530273,27.540000915527344,50400.0
2019-10-23 00:00:00,27.275081634521484,28.420000076293945,28.459999084472656,27.65999984741211,27.65999984741211,33100.0
2019-10-24 00:00:00,27.275081634521484,28.420000076293945,28.719999313354492,28.149999618530273,28.479999542236328,61300.0
2019-10-25 00:00:00,27.6397762298584,28.799999237060547,29.149999618530273,28.360000610351562,28.360000610351562,36200.0
2019-10-28 00:00:00,27.419038772583008,28.56999969482422,29.170000076293945,28.489999771118164,28.899999618530273,31600.0
2019-10-29 00:00:00,27.65896987915039,28.81999969482422,29.06999969482422,25.75,28.940000534057617,32000.0
2019-10-30 00:00:00,27.793325424194336,28.959999084472656,29.100000381469727,28.479999542236328,28.8799991607666,36200.0
2019-10-31 00:00:00,27.303876876831055,28.450000762939453,29.010000228881836,27.860000610351562,29.010000228881836,29500.0
2019-11-01 00:00:00,27.956478118896484,29.1299991607666,29.229999542236328,28.700000762939453,28.709999084472656,58400.0
2019-11-04 00:00:00,28.589893341064453,29.790000915527344,30.09000015258789,29.299999237060547,29.420000076293945,59800.0
2019-11-05 00:00:00,29.319276809692383,30.549999237060547,30.600000381469727,29.760000228881836,29.760000228881836,77000.0
2019-11-06 00:00:00,29.290485382080078,30.520000457763672,30.780000686645508,30.059999465942383,30.56999969482422,88100.0
2019-11-07 00:00:00,28.599489212036133,29.799999237060547,30.850000381469727,29.68000030517578,30.850000381469727,35200.0
2019-11-08 00:00:00,28.76264190673828,29.969999313354492,30.190000534057617,29.8799991607666,29.889999389648438,30500.0
2019-11-11 00:00:00,28.551502227783203,29.75,30.1200008392334,29.600000381469727,29.950000762939453,20600.0
2019-11-12 00:00:00,28.647476196289062,29.850000381469727,29.940000534057617,29.579999923706055,29.850000381469727,21600.0
2019-11-13 00:00:00,28.359560012817383,29.549999237060547,29.829999923706055,29.489999771118164,29.719999313354492,21800.0
2019-11-14 00:00:00,28.551502227783203,29.75,29.920000076293945,29.459999084472656,29.459999084472656,30500.0
2019-11-15 00:00:00,28.28278350830078,29.469999313354492,29.979999542236328,29.31999969482422,29.860000610351562,34200.0
2019-11-18 00:00:00,28.263586044311523,29.450000762939453,29.649999618530273,29.299999237060547,29.510000228881836,65600.0
2019-11-19 00:00:00,28.263586044311523,29.450000762939453,29.700000762939453,29.40999984741211,29.579999923706055,52400.0
2019-11-20 00:00:00,28.27318572998047,29.459999084472656,29.729999542236328,29.299999237060547,29.43000030517578,96900.0
2019-11-21 00:00:00,28.119632720947266,29.299999237060547,29.6200008392334,29.1200008392334,29.6200008392334,34900.0
2019-11-22 00:00:00,27.994869232177734,29.170000076293945,29.489999771118164,28.979999542236328,29.09000015258789,35700.0
2019-11-25 00:00:00,28.167619705200195,29.350000381469727,29.479999542236328,29.09000015258789,29.15999984741211,83200.0
2019-11-26 00:00:00,27.716550827026367,28.8799991607666,29.440000534057617,28.559999465942383,29.3799991607666,197800.0
2019-11-27 00:00:00,28.052452087402344,29.229999542236328,29.5,29.020000457763672,29.100000381469727,34400.0
2019-11-28 00:00:00,,,,,,
2019-11-29 00:00:00,27.76453971862793,28.93000030517578,29.420000076293945,28.860000610351562,29.229999542236328,11500.0
2019-12-02 00:00:00,27.687761306762695,28.850000381469727,29.030000686645508,28.690000534057617,28.989999771118164,28000.0
2019-12-03 00:00:00,27.1599178314209,28.299999237060547,28.65999984741211,28.15999984741211,28.6299991607666,30400.0
2019-12-04 00:00:00,27.49581527709961,28.649999618530273,28.899999618530273,28.459999084472656,28.459999084472656,25700.0
2019-12-05 00:00:00,27.419038772583008,28.56999969482422,28.950000762939453,28.309999465942383,28.68000030517578,18500.0
2019-12-06 00:00:00,27.843242645263672,28.8799991607666,29.139999389648438,28.780000686645508,28.899999618530273,39000.0
2019-12-09 00:00:00,28.007143020629883,29.049999237060547,29.25,28.75,28.780000686645508,25500.0
2019-12-10 00:00:00,28.37350082397461,29.43000030517578,29.43000030517578,28.920000076293945,28.93000030517578,15400.0
2019-12-11 00:00:00,27.862529754638672,28.899999618530273,29.56999969482422,28.729999542236328,29.510000228881836,29600.0
2019-12-12 00:00:00,28.537397384643555,29.600000381469727,29.600000381469727,28.889999389648438,28.899999618530273,61700.0
2019-12-13 00:00:00,28.7302188873291,29.799999237060547,29.950000762939453,29.360000610351562,29.59000015258789,26600.0
2019-12-16 00:00:00,28.778423309326172,29.850000381469727,30.190000534057617,29.450000762939453,29.899999618530273,63900.0
2019-12-17 00:00:00,29.559345245361328,30.65999984741211,30.729999542236328,29.65999984741211,29.729999542236328,87000.0
2019-12-18 00:00:00,29.337602615356445,30.43000030517578,30.8799991607666,30.15999984741211,30.809999465942383,37900.0
2019-12-19 00:00:00,29.154422760009766,30.239999771118164,30.459999084472656,30.059999465942383,30.100000381469727,41200.0
2019-12-20 00:00:00,29.260475158691406,30.350000381469727,30.579999923706055,29.959999084472656,30.25,84400.0
2019-12-23 00:00:00,29.106216430664062,30.190000534057617,30.56999969482422,29.940000534057617,30.56999969482422,44500.0
2019-12-24 00:00:00,29.231552124023438,30.31999969482422,30.3799991607666,29.760000228881836,30.3799991607666,10400.0
2019-12-26 00:00:00,29.327960968017578,30.420000076293945,30.559999465942383,30.219999313354492,30.299999237060547,44800.0
2019-12-27 00:00:00,29.260475158691406,30.350000381469727,30.450000762939453,30.110000610351562,30.399999618530273,46600.0
2019-12-30 00:00:00,29.47257423400879,30.56999969482422,30.950000762939453,30.3700008392334,30.559999465942383,33200.0
2019-12-31 00:00:00,29.405086517333984,30.5,30.639999389648438,30.059999465942383,30.639999389648438,105600.0
2020-01-02 00:00:00,29.096576690673828,30.18000030517578,30.6200008392334,29.829999923706055,30.6200008392334,33300.0
2020-01-03 00:00:00,28.768779754638672,29.84000015258789,30.18000030517578,29.6299991607666,29.770000457763672,34900.0
2020-01-06 00:00:00,28.633808135986328,29.700000762939453,29.90999984741211,29.309999465942383,29.790000915527344,41500.0
2020-01-07 00:00:00,28.412065505981445,29.469999313354492,29.649999618530273,29.200000762939453,29.639999389648438,32400.0
2020-01-08 00:00:00,28.556678771972656,29.6200008392334,29.829999923706055,29.350000381469727,29.350000381469727,31400.0
2020-01-09 00:00:00,28.27709197998047,29.329999923706055,29.809999465942383,29.260000228881836,29.760000228881836,25000.0
2020-01-10 00:00:00,27.968578338623047,29.010000228881836,29.3700008392334,28.920000076293945,29.3700008392334,30000.0
2020-01-13 00:00:00,28.074630737304688,29.1200008392334,29.350000381469727,28.8799991607666,29.049999237060547,33600.0
2020-01-14 00:00:00,27.746835708618164,28.780000686645508,29.31999969482422,28.75,29.09000015258789,34600.0
2020-01-15 00:00:00,27.62150001525879,28.649999618530273,28.790000915527344,28.209999084472656,28.739999771118164,32300.0
2020-01-16 00:00:00,27.958934783935547,29.0,29.06999969482422,28.729999542236328,28.729999542236328,43700.0
2020-01-17 00:00:00,27.99750328063965,29.040000915527344,29.399999618530273,29.020000457763672,29.239999771118164,34500.0
2020-01-21 00:00:00,27.862529754638672,28.899999618530273,29.06999969482422,28.780000686645508,28.940000534057617,30700.0
2020-01-22 00:00:00,27.640783309936523,28.670000076293945,28.969999313354492,28.6299991607666,28.8700008392334,14300.0
2020-01-23 00:00:00,27.746835708618164,28.780000686645508,28.940000534057617,28.34000015258789,28.549999237060547,36800.0
2020-01-24 00:00:00,27.361190795898438,28.3799991607666,29.040000915527344,28.260000228881836,29.040000915527344,22800.0
2020-01-27 00:00:00,27.34191131591797,28.360000610351562,28.739999771118164,27.84000015258789,28.0,36500.0
2020-01-28 00:00:00,27.515451431274414,28.540000915527344,28.59000015258789,28.15999984741211,28.489999771118164,38500.0
2020-01-29 00:00:00,27.34191131591797,28.360000610351562,28.75,28.149999618530273,28.75,43100.0
2020-01-30 00:00:00,27.496170043945312,28.520000457763672,28.649999618530273,28.100000381469727,28.190000534057617,25100.0
2020-01-31 00:00:00,27.496170043945312,28.520000457763672,29.149999618530273,28.270000457763672,28.270000457763672,33300.0
2020-02-03 00:00:00,28.151758193969727,29.200000762939453,29.229999542236328,28.6299991607666,28.6299991607666,35200.0
2020-02-04 00:00:00,28.595245361328125,29.65999984741211,29.75,29.260000228881836,29.610000610351562,30900.0
2020-02-05 00:00:00,29.125497817993164,30.209999084472656,30.299999237060547,29.790000915527344,29.8799991607666,27000.0
2020-02-06 00:00:00,28.923036575317383,30.0,30.149999618530273,29.229999542236328,30.149999618530273,39500.0
2020-02-07 00:00:00,28.826627731323242,29.899999618530273,30.030000686645508,29.770000457763672,29.829999923706055,29300.0
2020-02-10 00:00:00,29.038732528686523,30.1200008392334,30.18000030517578,29.850000381469727,29.850000381469727,17600.0
2020-02-11 00:00:00,28.971240997314453,30.049999237060547,30.579999923706055,30.010000228881836,30.270000457763672,18500.0
2020-02-12 00:00:00,28.759140014648438,29.829999923706055,30.360000610351562,29.729999542236328,30.239999771118164,18600.0
2020-02-13 00:00:00,28.662729263305664,29.729999542236328,29.8799991607666,29.530000686645508,29.780000686645508,34200.0
2020-02-14 00:00:00,28.47955322265625,29.540000915527344,29.850000381469727,29.399999618530273,29.760000228881836,14600.0
2020-02-18 00:00:00,28.334936141967773,29.389999389648438,29.799999237060547,29.229999542236328,29.700000762939453,12800.0
2020-02-19 00:00:00,28.354215621948242,29.40999984741211,29.709999084472656,29.270000457763672,29.270000457763672,8100.0
2020-02-20 00:00:00,28.344579696655273,29.399999618530273,29.489999771118164,29.239999771118164,29.360000610351562,25600.0
2020-02-21 00:00:00,28.16139793395996,29.209999084472656,29.459999084472656,29.0,29.459999084472656,16300.0
2020-02-24 00:00:00,27.380475997924805,28.399999618530273,28.739999771118164,28.059999465942383,28.549999237060547,25200.0
2020-02-25 00:00:00,26.908065795898438,27.90999984741211,28.420000076293945,27.729999542236328,28.420000076293945,34400.0
2020-02-26 00:00:00,26.734525680541992,27.729999542236328,28.139999389648438,27.420000076293945,28.079999923706055,22300.0
2020-02-27 00:00:00,25.82827377319336,26.790000915527344,27.700000762939453,26.719999313354492,27.360000610351562,31900.0
2020-02-28 00:00:00,25.69329833984375,26.649999618530273,27.3700008392334,25.809999465942383,26.18000030517578,76000.0
2020-03-02 00:00:00,26.281400680541992,27.260000228881836,27.469999313354492,26.489999771118164,26.739999771118164,25900.0
2020-03-03 00:00:00,25.288373947143555,26.229999542236328,27.420000076293945,26.15999984741211,27.040000915527344,16500.0
2020-03-04 00:00:00,26.040372848510742,27.010000228881836,27.530000686645508,26.579999923706055,26.579999923706055,21400.0
2020-03-05 00:00:00,24.66170883178711,25.579999923706055,26.440000534057617,25.1200008392334,26.440000534057617,42700.0
2020-03-06 00:00:00,23.353012084960938,24.09000015258789,24.56999969482422,21.770000457763672,23.0,92800.0
2020-03-09 00:00:00,20.822860717773438,21.479999542236328,23.299999237060547,21.209999084472656,22.760000228881836,49100.0
2020-03-10 00:00:00,21.714710235595703,22.399999618530273,22.6299991607666,21.0,21.1200008392334,49600.0
2020-03-11 00:00:00,20.50295639038086,21.149999618530273,23.989999771118164,20.850000381469727,21.809999465942383,52100.0
2020-03-12 00:00:00,18.767717361450195,19.360000610351562,20.59000015258789,18.799999237060547,19.739999771118164,73200.0
2020-03-13 00:00:00,19.989168167114258,20.6200008392334,21.420000076293945,19.440000534057617,20.239999771118164,66200.0
2020-03-16 00:00:00,17.6625919342041,18.219999313354492,20.209999084472656,16.959999084472656,20.209999084472656,66500.0
2020-03-17 00:00:00,21.637161254882812,22.31999969482422,22.31999969482422,18.3799991607666,18.420000076293945,60600.0
2020-03-18 00:00:00,16.19878578186035,16.709999084472656,21.450000762939453,15.960000038146973,21.450000762939453,107300.0
2020-03-19 00:00:00,18.28301429748535,18.860000610351562,19.690000534057617,15.699999809265137,16.75,93200.0
2020-03-20 00:00:00,16.567163467407227,17.09000015258789,19.40999984741211,16.93000030517578,18.739999771118164,102600.0
2020-03-23 00:00:00,16.712575912475586,17.239999771118164,18.389999389648438,15.609999656677246,17.639999389648438,58000.0
2020-03-24 00:00:00,18.554445266723633,19.139999389648438,19.34000015258789,17.489999771118164,18.139999389648438,47100.0
2020-03-25 00:00:00,18.428424835205078,19.010000228881836,19.84000015258789,18.209999084472656,19.049999237060547,49800.0
2020-03-26 00:00:00,19.33966827392578,19.950000762939453,20.0,18.940000534057617,19.280000686645508,46300.0
2020-03-27 00:00:00,18.292707443237305,18.8700008392334,19.540000915527344,18.75,19.270000457763672,97000.0
2020-03-30 00:00:00,19.310585021972656,19.920000076293945,19.93000030517578,18.030000686645508,19.110000610351562,36100.0
2020-03-31 00:00:00,19.504467010498047,20.1200008392334,20.1200008392334,19.020000457763672,19.540000915527344,81400.0
2020-04-01 00:00:00,18.53506088256836,19.1200008392334,19.510000228881836,19.0,19.170000076293945,82100.0
2020-04-02 00:00:00,18.593223571777344,19.18000030517578,20.360000610351562,18.229999542236328,19.0,60300.0
2020-04-03 00:00:00,17.585039138793945,18.139999389648438,19.579999923706055,17.540000915527344,19.139999389648438,43700.0
2020-04-06 00:00:00,18.680471420288086,19.270000457763672,19.350000381469727,18.6299991607666,18.90999984741211,61400.0
2020-04-07 00:00:00,17.536571502685547,18.09000015258789,19.780000686645508,17.899999618530273,19.649999618530273,52400.0
2020-04-08 00:00:00,17.643205642700195,18.200000762939453,18.90999984741211,17.559999465942383,18.3799991607666,45700.0
2020-04-09 00:00:00,19.543241500854492,20.15999984741211,20.170000076293945,18.299999237060547,18.6299991607666,43900.0
2020-04-13 00:00:00,18.65138816833496,19.239999771118164,20.469999313354492,18.440000534057617,20.06999969482422,21700.0
2020-04-14 00:00:00,18.137601852416992,18.709999084472656,20.209999084472656,18.079999923706055,19.84000015258789,33300.0
2020-04-15 00:00:00,16.382976531982422,16.899999618530273,18.06999969482422,16.40999984741211,18.030000686645508,71400.0
2020-04-16 00:00:00,16.29572868347168,16.809999465942383,17.440000534057617,16.15999984741211,17.100000381469727,44400.0
2020-04-17 00:00:00,17.61412239074707,18.170000076293945,18.440000534057617,17.31999969482422,17.350000381469727,37400.0
2020-04-20 00:00:00,17.497793197631836,18.049999237060547,18.31999969482422,17.489999771118164,17.489999771118164,32100.0
2020-04-21 00:00:00,17.24574851989746,17.790000915527344,17.809999465942383,17.170000076293945,17.170000076293945,38600.0
2020-04-22 00:00:00,17.05186653137207,17.59000015258789,18.139999389648438,17.09000015258789,18.06999969482422,30300.0
2020-04-23 00:00:00,17.488100051879883,18.040000915527344,18.1299991607666,17.020000457763672,17.020000457763672,32900.0
2020-04-24 00:00:00,18.12790870666504,18.700000762939453,18.899999618530273,17.920000076293945,18.149999618530273,24500.0
2020-04-27 00:00:00,19.40752410888672,20.020000457763672,20.559999465942383,18.6299991607666,18.700000762939453,40600.0
2020-04-28 00:00:00,20.658058166503906,21.309999465942383,22.700000762939453,20.739999771118164,20.739999771118164,51900.0
2020-04-29 00:00:00,22.364213943481445,23.06999969482422,23.950000762939453,22.110000610351562,22.469999313354492,248700.0
2020-04-30 00:00:00,21.3657283782959,22.040000915527344,22.920000076293945,21.5,22.75,42700.0
2020-05-01 00:00:00,20.4738712310791,21.1200008392334,21.549999237060547,20.079999923706055,21.25,45400.0
2020-05-04 00:00:00,20.31876564025879,20.959999084472656,21.510000228881836,20.18000030517578,20.690000534057617,25900.0
2020-05-05 00:00:00,19.3493595123291,19.959999084472656,22.25,19.8700008392334,21.579999923706055,55900.0
2020-05-06 00:00:00,18.884044647216797,19.479999542236328,20.06999969482422,19.229999542236328,20.06999969482422,37700.0
2020-05-07 00:00:00,18.874351501464844,19.469999313354492,20.469999313354492,18.520000457763672,19.8799991607666,38700.0
2020-05-08 00:00:00,19.388137817382812,20.0,20.700000762939453,19.59000015258789,20.079999923706055,42800.0
2020-05-11 00:00:00,18.728939056396484,19.31999969482422,19.639999389648438,18.450000762939453,19.530000686645508,46100.0
2020-05-12 00:00:00,17.400854110717773,17.950000762939453,19.350000381469727,17.950000762939453,19.350000381469727,54800.0
2020-05-13 00:00:00,16.954923629760742,17.489999771118164,18.010000228881836,16.700000762939453,17.940000534057617,51600.0
2020-05-14 00:00:00,16.906455993652344,17.440000534057617,17.670000076293945,16.729999542236328,17.010000228881836,93800.0
2020-05-15 00:00:00,16.799821853637695,17.329999923706055,17.6200008392334,17.1299991607666,17.520000457763672,66400.0
2020-05-18 00:00:00,18.341176986694336,18.920000076293945,19.110000610351562,17.93000030517578,17.93000030517578,81900.0
2020-05-19 00:00:00,16.848289489746094,17.3799991607666,18.760000228881836,17.34000015258789,18.760000228881836,85900.0
2020-05-20 00:00:00,17.837085723876953,18.399999618530273,18.6299991607666,17.950000762939453,17.950000762939453,67300.0
2020-05-21 00:00:00,17.97280502319336,18.540000915527344,18.600000381469727,18.260000228881836,18.389999389648438,49300.0
2020-05-22 00:00:00,18.108522415161133,18.68000030517578,18.84000015258789,18.350000381469727,18.489999771118164,47000.0
2020-05-26 00:00:00,19.368749618530273,19.979999542236328,20.079999923706055,19.200000762939453,19.200000762939453,57200.0
2020-05-27 00:00:00,20.687143325805664,21.34000015258789,21.799999237060547,20.209999084472656,20.670000076293945,61700.0
2020-05-28 00:00:00,20.153968811035156,20.790000915527344,21.829999923706055,20.6299991607666,21.790000915527344,56700.0
2020-05-29 00:00:00,19.72743034362793,20.350000381469727,20.979999542236328,19.010000228881836,20.420000076293945,47600.0
2020-06-01 00:00:00,19.397830963134766,20.010000228881836,20.850000381469727,20.010000228881836,20.469999313354492,39700.0
2020-06-02 00:00:00,19.155481338500977,19.760000228881836,20.299999237060547,19.489999771118164,20.149999618530273,15400.0
2020-06-03 00:00:00,20.4060115814209,21.049999237060547,21.719999313354492,20.1299991607666,20.25,36700.0
2020-06-04 00:00:00,20.755001068115234,21.40999984741211,21.600000381469727,20.889999389648438,20.90999984741211,35100.0
2020-06-05 00:00:00,22.66754150390625,23.229999542236328,23.969999313354492,22.479999542236328,22.829999923706055,62400.0
2020-06-08 00:00:00,22.63827133178711,23.200000762939453,23.989999771118164,23.079999923706055,23.989999771118164,34100.0
2020-06-09 00:00:00,22.19916534423828,22.75,23.059999465942383,21.850000381469727,22.520000457763672,22600.0
2020-06-10 00:00:00,20.52081298828125,21.030000686645508,22.510000228881836,20.959999084472656,22.510000228881836,33300.0
2020-06-11 00:00:00,18.92051887512207,19.389999389648438,20.200000762939453,19.15999984741211,19.719999313354492,54200.0
2020-06-12 00:00:00,19.593812942504883,20.079999923706055,20.5,19.200000762939453,20.3700008392334,64300.0
2020-06-15 00:00:00,19.80848503112793,20.299999237060547,20.43000030517578,19.170000076293945,19.209999084472656,32900.0
2020-06-16 00:00:00,20.315895080566406,20.81999969482422,21.540000915527344,20.549999237060547,21.309999465942383,42200.0
2020-06-17 00:00:00,19.379140853881836,19.860000610351562,20.760000228881836,19.81999969482422,20.760000228881836,17300.0
2020-06-18 00:00:00,19.55478286743164,20.040000915527344,21.520000457763672,19.559999465942383,19.559999465942383,26700.0
2020-06-19 00:00:00,19.34986686706543,19.829999923706055,20.350000381469727,19.219999313354492,20.350000381469727,61800.0
2020-06-22 00:00:00,19.63284683227539,20.1200008392334,20.1299991607666,19.510000228881836,19.6200008392334,20200.0
2020-06-23 00:00:00,19.22301483154297,19.700000762939453,20.540000915527344,19.670000076293945,20.389999389648438,20000.0
2020-06-24 00:00:00,18.627784729003906,19.09000015258789,19.860000610351562,19.0,19.3700008392334,31700.0
2020-06-25 00:00:00,19.34986686706543,19.829999923706055,19.829999923706055,18.829999923706055,18.829999923706055,24000.0
2020-06-26 00:00:00,19.164466857910156,19.639999389648438,20.010000228881836,18.68000030517578,19.56999969482422,138400.0
2020-06-29 00:00:00,19.83776092529297,20.329999923706055,20.530000686645508,19.979999542236328,19.979999542236328,37000.0
2020-06-30 00:00:00,20.442747116088867,20.950000762939453,21.1200008392334,20.18000030517578,20.18000030517578,50700.0
2020-07-01 00:00:00,19.037614822387695,19.510000228881836,21.229999542236328,19.260000228881836,21.229999542236328,36100.0
2020-07-02 00:00:00,18.98882293701172,19.459999084472656,20.219999313354492,19.34000015258789,20.139999389648438,16400.0
2020-07-06 00:00:00,19.086402893066406,19.559999465942383,20.079999923706055,19.309999465942383,19.90999984741211,13600.0
2020-07-07 00:00:00,18.256982803344727,18.709999084472656,19.260000228881836,18.670000076293945,19.190000534057617,22000.0
2020-07-08 00:00:00,18.208192825317383,18.65999984741211,19.030000686645508,18.420000076293945,18.760000228881836,25900.0
2020-07-09 00:00:00,17.466594696044922,17.899999618530273,18.81999969482422,17.639999389648438,18.81999969482422,43400.0
2020-07-10 00:00:00,18.305774688720703,18.760000228881836,19.239999771118164,17.850000381469727,17.850000381469727,16400.0
2020-07-13 00:00:00,18.325288772583008,18.780000686645508,19.149999618530273,18.709999084472656,19.149999618530273,39700.0
2020-07-14 00:00:00,18.091100692749023,18.540000915527344,18.959999084472656,18.360000610351562,18.920000076293945,33400.0
2020-07-15 00:00:00,18.58875274658203,19.049999237060547,19.100000381469727,18.81999969482422,19.100000381469727,69000.0
2020-07-16 00:00:00,18.491174697875977,18.950000762939453,19.059999465942383,18.59000015258789,18.770000457763672,42200.0
2020-07-17 00:00:00,18.52044677734375,18.979999542236328,19.200000762939453,18.739999771118164,18.809999465942383,40800.0
2020-07-20 00:00:00,18.256982803344727,18.709999084472656,18.950000762939453,18.549999237060547,18.809999465942383,19000.0
2020-07-21 00:00:00,18.754634857177734,19.219999313354492,19.969999313354492,19.079999923706055,19.479999542236328,48800.0
2020-07-22 00:00:00,18.79366683959961,19.260000228881836,19.31999969482422,19.040000915527344,19.209999084472656,31700.0
2020-07-23 00:00:00,19.623088836669922,20.110000610351562,20.170000076293945,19.100000381469727,19.190000534057617,29100.0
2020-07-24 00:00:00,19.525508880615234,20.010000228881836,20.149999618530273,19.799999237060547,19.860000610351562,22900.0
2020-07-27 00:00:00,18.9107608795166,19.3799991607666,19.889999389648438,19.299999237060547,19.889999389648438,24200.0
2020-07-28 00:00:00,18.803424835205078,19.270000457763672,19.600000381469727,19.149999618530273,19.190000534057617,22800.0
2020-07-29 00:00:00,19.26204490661621,19.739999771118164,19.860000610351562,19.149999618530273,19.239999771118164,14300.0
2020-07-30 00:00:00,18.64729881286621,19.110000610351562,19.399999618530273,18.90999984741211,19.399999618530273,27000.0
2020-07-31 00:00:00,18.37407875061035,18.829999923706055,19.1299991607666,18.610000610351562,19.020000457763672,43600.0
2020-08-03 00:00:00,18.657058715820312,19.1200008392334,19.399999618530273,18.8700008392334,18.8700008392334,22300.0
2020-08-04 00:00:00,18.491174697875977,18.950000762939453,18.979999542236328,18.6299991607666,18.93000030517578,21000.0
2020-08-05 00:00:00,18.979066848754883,19.450000762939453,19.450000762939453,18.969999313354492,19.149999618530273,25800.0
2020-08-06 00:00:00,18.969310760498047,19.440000534057617,19.59000015258789,19.270000457763672,19.469999313354492,20800.0
2020-08-07 00:00:00,20.03291893005371,20.530000686645508,20.530000686645508,19.459999084472656,19.520000457763672,24800.0
2020-08-10 00:00:00,20.345169067382812,20.850000381469727,21.09000015258789,20.489999771118164,20.59000015258789,26800.0
2020-08-11 00:00:00,20.667179107666016,21.18000030517578,21.709999084472656,20.989999771118164,20.989999771118164,25200.0
2020-08-12 00:00:00,20.833065032958984,21.350000381469727,21.6299991607666,21.06999969482422,21.6299991607666,39000.0
2020-08-13 00:00:00,20.364686965942383,20.8700008392334,21.110000610351562,20.719999313354492,21.110000610351562,17000.0
2020-08-14 00:00:00,20.43299102783203,20.940000534057617,21.100000381469727,20.549999237060547,20.649999618530273,22900.0
2020-08-17 00:00:00,20.16952896118164,20.670000076293945,20.950000762939453,20.510000228881836,20.950000762939453,15600.0
2020-08-18 00:00:00,19.54502296447754,20.030000686645508,20.530000686645508,19.950000762939453,20.530000686645508,21800.0
2020-08-19 00:00:00,19.652359008789062,20.139999389648438,20.43000030517578,19.860000610351562,20.059999465942383,22100.0
2020-08-20 00:00:00,19.66211700439453,20.149999618530273,20.18000030517578,19.940000534057617,20.149999618530273,21600.0
2020-08-21 00:00:00,19.954856872558594,20.450000762939453,20.6200008392334,19.920000076293945,20.170000076293945,66200.0
2020-08-24 00:00:00,20.286624908447266,20.790000915527344,21.010000228881836,20.309999465942383,20.559999465942383,25100.0
2020-08-25 00:00:00,20.159770965576172,20.65999984741211,21.079999923706055,20.15999984741211,21.079999923706055,27800.0
2020-08-26 00:00:00,19.906064987182617,20.399999618530273,20.709999084472656,20.399999618530273,20.709999084472656,17300.0
2020-08-27 00:00:00,20.071949005126953,20.56999969482422,20.940000534057617,20.510000228881836,20.530000686645508,13400.0
2020-08-28 00:00:00,20.04267692565918,20.540000915527344,20.90999984741211,20.170000076293945,20.81999969482422,14100.0
2020-08-31 00:00:00,19.779212951660156,20.270000457763672,21.530000686645508,20.270000457763672,20.399999618530273,33600.0
2020-09-01 00:00:00,19.779212951660156,20.270000457763672,20.440000534057617,19.969999313354492,20.260000228881836,14500.0
2020-09-02 00:00:00,19.87679100036621,20.3700008392334,20.399999618530273,20.110000610351562,20.190000534057617,19700.0
2020-09-03 00:00:00,19.710908889770508,20.200000762939453,20.899999618530273,20.149999618530273,20.280000686645508,22600.0
2020-09-04 00:00:00,20.198801040649414,20.700000762939453,20.81999969482422,20.280000686645508,20.68000030517578,25300.0
2020-09-08 00:00:00,19.418170928955078,19.899999618530273,20.549999237060547,19.639999389648438,20.549999237060547,29700.0
2020-09-09 00:00:00,19.2034969329834,19.68000030517578,20.149999618530273,19.65999984741211,20.030000686645508,24700.0
2020-09-10 00:00:00,19.242528915405273,19.719999313354492,20.149999618530273,19.610000610351562,19.959999084472656,27100.0
2020-09-11 00:00:00,19.016494750976562,19.350000381469727,19.709999084472656,19.15999984741211,19.709999084472656,22500.0
2020-09-14 00:00:00,19.832189559936523,20.18000030517578,20.440000534057617,19.3799991607666,19.3799991607666,28100.0
2020-09-15 00:00:00,19.60615348815918,19.950000762939453,20.280000686645508,19.559999465942383,19.559999465942383,20000.0
2020-09-16 00:00:00,19.773223876953125,20.1200008392334,20.25,19.579999923706055,19.579999923706055,20400.0
2020-09-17 00:00:00,19.694602966308594,20.040000915527344,20.149999618530273,19.729999542236328,19.8700008392334,20500.0
2020-09-18 00:00:00,19.920637130737305,20.270000457763672,20.270000457763672,19.65999984741211,20.270000457763672,79300.0
2020-09-21 00:00:00,18.348215103149414,18.670000076293945,20.0,18.459999084472656,19.729999542236328,54100.0
2020-09-22 00:00:00,18.102523803710938,18.420000076293945,18.8700008392334,18.219999313354492,18.8700008392334,43300.0
2020-09-23 00:00:00,17.46372413635254,17.770000457763672,18.690000534057617,17.729999542236328,18.549999237060547,31700.0
2020-09-24 00:00:00,17.473554611206055,17.780000686645508,18.510000228881836,17.65999984741211,17.93000030517578,38200.0
2020-09-25 00:00:00,17.473554611206055,17.780000686645508,17.950000762939453,17.549999237060547,17.549999237060547,46400.0
2020-09-28 00:00:00,18.52511215209961,18.850000381469727,18.969999313354492,18.200000762939453,18.200000762939453,37700.0
2020-09-29 00:00:00,18.417009353637695,18.739999771118164,18.739999771118164,18.260000228881836,18.690000534057617,12400.0
2020-09-30 00:00:00,18.466144561767578,18.790000915527344,19.049999237060547,18.59000015258789,18.739999771118164,27200.0
2020-10-01 00:00:00,18.613561630249023,18.940000534057617,18.969999313354492,18.559999465942383,18.860000610351562,23300.0
2020-10-02 00:00:00,19.448909759521484,19.790000915527344,19.84000015258789,18.149999618530273,18.149999618530273,31900.0
2020-10-05 00:00:00,20.146671295166016,20.5,20.5,19.3700008392334,19.3700008392334,25900.0
2020-10-06 00:00:00,20.353052139282227,20.709999084472656,21.600000381469727,20.149999618530273,20.5,29300.0
2020-10-07 00:00:00,21.198230743408203,21.56999969482422,21.860000610351562,21.209999084472656,21.389999389648438,23900.0
2020-10-08 00:00:00,21.45374870300293,21.829999923706055,22.09000015258789,21.489999771118164,21.799999237060547,20300.0
2020-10-09 00:00:00,21.168750762939453,21.540000915527344,22.06999969482422,21.469999313354492,21.899999618530273,12500.0
2020-10-12 00:00:00,21.51271629333496,21.889999389648438,22.0,21.209999084472656,21.399999618530273,14600.0
2020-10-13 00:00:00,20.579090118408203,20.940000534057617,21.700000762939453,20.6299991607666,21.700000762939453,21100.0
2020-10-14 00:00:00,20.254777908325195,20.610000610351562,21.239999771118164,20.610000610351562,20.8799991607666,10500.0
2020-10-15 00:00:00,20.510297775268555,20.8700008392334,21.149999618530273,20.459999084472656,20.75,16000.0
2020-10-16 00:00:00,20.6380558013916,21.0,21.079999923706055,20.450000762939453,20.760000228881836,15000.0
2020-10-19 00:00:00,20.45132827758789,20.809999465942383,21.020000457763672,20.790000915527344,20.979999542236328,7600.0
2020-10-20 00:00:00,20.854263305664062,21.219999313354492,21.3700008392334,20.479999542236328,21.0,9200.0
2020-10-21 00:00:00,21.080299377441406,21.450000762939453,21.450000762939453,21.040000915527344,21.040000915527344,5500.0
2020-10-22 00:00:00,21.365299224853516,21.739999771118164,21.979999542236328,21.719999313354492,21.8799991607666,11900.0
2020-10-23 00:00:00,21.394784927368164,21.770000457763672,22.1200008392334,21.770000457763672,21.899999618530273,8700.0
2020-10-26 00:00:00,21.198230743408203,21.56999969482422,21.75,21.31999969482422,21.719999313354492,28500.0
2020-10-27 00:00:00,20.795297622680664,21.15999984741211,22.649999618530273,21.110000610351562,22.649999618530273,34500.0
2020-10-28 00:00:00,21.080299377441406,21.450000762939453,21.549999237060547,21.0,21.0,61000.0
2020-10-29 00:00:00,20.932884216308594,21.299999237060547,21.43000030517578,21.010000228881836,21.290000915527344,24600.0
2020-10-30 00:00:00,20.942710876464844,21.309999465942383,21.610000610351562,21.010000228881836,21.219999313354492,17200.0
2020-11-02 00:00:00,21.434093475341797,21.809999465942383,21.81999969482422,21.09000015258789,21.31999969482422,18900.0
2020-11-03 00:00:00,22.25961685180664,22.649999618530273,22.649999618530273,22.040000915527344,22.200000762939453,21000.0
2020-11-04 00:00:00,20.29408836364746,20.649999618530273,22.049999237060547,20.649999618530273,22.049999237060547,13600.0
2020-11-05 00:00:00,20.74616050720215,21.110000610351562,21.260000228881836,20.6299991607666,20.6299991607666,11300.0
2020-11-06 00:00:00,20.058223724365234,20.40999984741211,20.969999313354492,20.34000015258789,20.969999313354492,14400.0
2020-11-09 00:00:00,21.954959869384766,22.34000015258789,23.3700008392334,20.610000610351562,20.610000610351562,51600.0
2020-11-10 00:00:00,22.957380294799805,23.360000610351562,23.760000228881836,22.030000686645508,22.729999542236328,36700.0
2020-11-11 00:00:00,22.357892990112305,22.75,23.989999771118164,22.270000457763672,23.989999771118164,25900.0
2020-11-12 00:00:00,21.70926856994629,22.09000015258789,22.31999969482422,21.540000915527344,22.239999771118164,15900.0
2020-11-13 00:00:00,22.220308303833008,22.610000610351562,22.969999313354492,22.229999542236328,22.420000076293945,16100.0
2020-11-16 00:00:00,22.99669075012207,23.399999618530273,23.8700008392334,22.93000030517578,23.190000534057617,42800.0
2020-11-17 00:00:00,22.947551727294922,23.350000381469727,23.5,22.709999084472656,22.8799991607666,15300.0
2020-11-18 00:00:00,22.800138473510742,23.200000762939453,23.780000686645508,23.020000457763672,23.75,11200.0
2020-11-19 00:00:00,22.633068084716797,23.030000686645508,23.030000686645508,22.649999618530273,22.829999923706055,10500.0
2020-11-20 00:00:00,22.58392906188965,22.979999542236328,23.15999984741211,22.600000381469727,22.68000030517578,18700.0
2020-11-23 00:00:00,22.74117088317871,23.139999389648438,23.440000534057617,23.0,23.190000534057617,19600.0
2020-11-24 00:00:00,24.392213821411133,24.81999969482422,25.079999923706055,23.43000030517578,23.43000030517578,36300.0
2020-11-25 00:00:00,24.195663452148438,24.6200008392334,24.639999389648438,23.969999313354492,24.420000076293945,17200.0
2020-11-27 00:00:00,23.8123836517334,24.229999542236328,24.610000610351562,23.709999084472656,24.389999389648438,7900.0
2020-11-30 00:00:00,22.377548217773438,22.770000457763672,24.260000228881836,22.729999542236328,24.229999542236328,27300.0
2020-12-01 00:00:00,23.517555236816406,23.93000030517578,24.049999237060547,23.0,23.06999969482422,28800.0
2020-12-02 00:00:00,23.8123836517334,24.229999542236328,24.6299991607666,23.809999465942383,24.299999237060547,20300.0
2020-12-03 00:00:00,24.126867294311523,24.549999237060547,24.600000381469727,24.059999465942383,24.059999465942383,13300.0
2020-12-04 00:00:00,25.08601188659668,25.3700008392334,25.610000610351562,24.399999618530273,24.399999618530273,24400.0
2020-12-07 00:00:00,24.838809967041016,25.1200008392334,25.420000076293945,24.739999771118164,25.049999237060547,15000.0
2020-12-08 00:00:00,25.610076904296875,25.899999618530273,25.940000534057617,24.780000686645508,24.780000686645508,27500.0
2020-12-09 00:00:00,25.629854202270508,25.920000076293945,26.09000015258789,25.729999542236328,26.09000015258789,21400.0
2020-12-10 00:00:00,25.68918228149414,25.979999542236328,26.0,25.450000762939453,25.450000762939453,11300.0
2020-12-11 00:00:00,25.263996124267578,25.549999237060547,25.8700008392334,25.299999237060547,25.510000228881836,13900.0
2020-12-14 00:00:00,25.31343650817871,25.600000381469727,25.940000534057617,25.549999237060547,25.639999389648438,22900.0
2020-12-15 00:00:00,25.333213806152344,25.6200008392334,26.200000762939453,25.559999465942383,25.8799991607666,28700.0
2020-12-16 00:00:00,25.293659210205078,25.579999923706055,26.350000381469727,25.579999923706055,25.889999389648438,35600.0
2020-12-17 00:00:00,25.728734970092773,26.020000457763672,26.030000686645508,25.549999237060547,25.549999237060547,28900.0
2020-12-18 00:00:00,23.978546142578125,24.25,26.190000534057617,23.989999771118164,26.190000534057617,104200.0
2020-12-21 00:00:00,24.364181518554688,24.639999389648438,26.040000915527344,24.0,24.389999389648438,35800.0
2020-12-22 00:00:00,24.05765151977539,24.329999923706055,24.8799991607666,24.239999771118164,24.559999465942383,32500.0
2020-12-23 00:00:00,24.700376510620117,24.979999542236328,25.030000686645508,24.469999313354492,24.469999313354492,20200.0
2020-12-24 00:00:00,24.522390365600586,24.799999237060547,25.18000030517578,24.5,25.18000030517578,7900.0
2020-12-28 00:00:00,24.631160736083984,24.90999984741211,25.3799991607666,24.8700008392334,24.889999389648438,17200.0
2020-12-29 00:00:00,24.087318420410156,24.360000610351562,25.020000457763672,24.25,25.020000457763672,19600.0
2020-12-30 00:00:00,24.482839584350586,24.760000228881836,24.799999237060547,24.200000762939453,24.209999084472656,18000.0
2020-12-31 00:00:00,24.304855346679688,24.579999923706055,25.290000915527344,24.579999923706055,25.059999465942383,12600.0
2021-01-04 00:00:00,23.889554977416992,24.15999984741211,24.700000762939453,23.65999984741211,24.6200008392334,29600.0
2021-01-05 00:00:00,24.087318420410156,24.360000610351562,24.84000015258789,24.020000457763672,24.020000457763672,21400.0
2021-01-06 00:00:00,26.3714599609375,26.670000076293945,26.989999771118164,24.979999542236328,25.010000228881836,39700.0
2021-01-07 00:00:00,26.2330265045166,26.530000686645508,27.0,26.31999969482422,27.0,19200.0
2021-01-08 00:00:00,25.570526123046875,25.860000610351562,26.899999618530273,25.290000915527344,26.899999618530273,15800.0
2021-01-11 00:00:00,25.86716651916504,26.15999984741211,26.15999984741211,25.3700008392334,25.3700008392334,10900.0
2021-01-12 00:00:00,26.025375366210938,26.31999969482422,26.399999618530273,25.579999923706055,25.719999313354492,18000.0
2021-01-13 00:00:00,25.254108428955078,25.540000915527344,26.1299991607666,25.479999542236328,26.1299991607666,11700.0
2021-01-14 00:00:00,25.68918228149414,25.979999542236328,26.760000228881836,25.479999542236328,25.850000381469727,16900.0
2021-01-15 00:00:00,25.214555740356445,25.5,25.920000076293945,25.149999618530273,25.440000534057617,16600.0
2021-01-19 00:00:00,24.799257278442383,25.079999923706055,25.860000610351562,24.790000915527344,25.860000610351562,14900.0
2021-01-20 00:00:00,24.57183074951172,24.850000381469727,25.3799991607666,24.5,25.010000228881836,23100.0
2021-01-21 00:00:00,24.20597267150879,24.479999542236328,25.020000457763672,24.329999923706055,25.020000457763672,14300.0
2021-01-22 00:00:00,24.294965744018555,24.56999969482422,24.600000381469727,24.100000381469727,24.100000381469727,25400.0
2021-01-25 00:00:00,23.948883056640625,24.219999313354492,24.639999389648438,23.850000381469727,24.280000686645508,26000.0
2021-01-26 00:00:00,22.604108810424805,22.860000610351562,24.719999313354492,22.739999771118164,24.229999542236328,44900.0
2021-01-27 00:00:00,21.358211517333984,21.600000381469727,22.389999389648438,21.420000076293945,22.06999969482422,57100.0
2021-01-28 00:00:00,22.258026123046875,22.510000228881836,23.100000381469727,21.84000015258789,22.100000381469727,43500.0
2021-01-29 00:00:00,22.080039978027344,22.329999923706055,22.81999969482422,22.329999923706055,22.729999542236328,40600.0
2021-02-01 00:00:00,22.643659591674805,22.899999618530273,23.09000015258789,22.299999237060547,22.479999542236328,35900.0
2021-02-02 00:00:00,22.989742279052734,23.25,23.489999771118164,22.979999542236328,23.06999969482422,63200.0
2021-02-03 00:00:00,22.337129592895508,22.59000015258789,23.18000030517578,22.549999237060547,23.18000030517578,23700.0
2021-02-04 00:00:00,24.097204208374023,24.3700008392334,24.3700008392334,22.780000686645508,22.780000686645508,33000.0
2021-02-05 00:00:00,23.86977767944336,24.139999389648438,24.65999984741211,23.6299991607666,24.65999984741211,30200.0
2021-02-08 00:00:00,23.988435745239258,24.260000228881836,24.280000686645508,23.59000015258789,24.020000457763672,17700.0
2021-02-09 00:00:00,23.800561904907227,24.06999969482422,24.200000762939453,23.670000076293945,24.0,17900.0
2021-02-10 00:00:00,23.43470573425293,23.700000762939453,24.290000915527344,23.649999618530273,24.15999984741211,22700.0
2021-02-11 00:00:00,22.55466651916504,22.809999465942383,23.889999389648438,22.3700008392334,23.889999389648438,41800.0
2021-02-12 00:00:00,22.9600772857666,23.219999313354492,23.219999313354492,22.65999984741211,22.65999984741211,42000.0
2021-02-16 00:00:00,23.72145652770996,23.989999771118164,24.15999984741211,23.06999969482422,23.43000030517578,30100.0
2021-02-17 00:00:00,23.948883056640625,24.219999313354492,24.3799991607666,23.799999237060547,23.979999542236328,19200.0
2021-02-18 00:00:00,23.444591522216797,23.709999084472656,24.290000915527344,23.6200008392334,24.06999969482422,23900.0
2021-02-19 00:00:00,24.225749969482422,24.5,24.520000457763672,23.799999237060547,23.799999237060547,20900.0
2021-02-22 00:00:00,24.76959228515625,25.049999237060547,25.239999771118164,24.170000076293945,24.170000076293945,60500.0
2021-02-23 00:00:00,25.31343650817871,25.600000381469727,26.350000381469727,25.100000381469727,25.25,29400.0
2021-02-24 00:00:00,25.71884536743164,26.010000228881836,26.360000610351562,25.600000381469727,25.989999771118164,38800.0
2021-02-25 00:00:00,25.175003051757812,25.459999084472656,26.25,25.459999084472656,26.25,18800.0
2021-02-26 00:00:00,24.413623809814453,24.690000534057617,25.40999984741211,24.690000534057617,25.40999984741211,22300.0
2021-03-01 00:00:00,25.08601188659668,25.3700008392334,25.6299991607666,25.049999237060547,25.139999389648438,35800.0
2021-03-02 00:00:00,24.848695755004883,25.1299991607666,25.709999084472656,24.969999313354492,25.260000228881836,23000.0
2021-03-03 00:00:00,26.302242279052734,26.600000381469727,26.979999542236328,25.100000381469727,25.100000381469727,29500.0
2021-03-04 00:00:00,26.4307861328125,26.729999542236328,27.559999465942383,26.299999237060547,26.600000381469727,40000.0
2021-03-05 00:00:00,27.09702491760254,27.25,27.780000686645508,26.75,26.8700008392334,34400.0
2021-03-08 00:00:00,27.852758407592773,28.010000228881836,28.229999542236328,26.90999984741211,27.260000228881836,24200.0
2021-03-09 00:00:00,27.554441452026367,27.709999084472656,28.25,27.170000076293945,27.93000030517578,31000.0
2021-03-10 00:00:00,28.449392318725586,28.610000610351562,28.719999313354492,27.450000762939453,27.760000228881836,30700.0
2021-03-11 00:00:00,28.310176849365234,28.469999313354492,28.979999542236328,28.18000030517578,28.780000686645508,28700.0
2021-03-12 00:00:00,28.568716049194336,28.729999542236328,28.979999542236328,28.469999313354492,28.809999465942383,22600.0
2021-03-15 00:00:00,27.44506072998047,27.600000381469727,28.68000030517578,27.389999389648438,28.68000030517578,21500.0
2021-03-16 00:00:00,26.937923431396484,27.09000015258789,28.350000381469727,26.899999618530273,27.649999618530273,21200.0
2021-03-17 00:00:00,26.828540802001953,26.979999542236328,27.440000534057617,26.799999237060547,27.389999389648438,19000.0
2021-03-18 00:00:00,27.007530212402344,27.15999984741211,28.489999771118164,26.68000030517578,27.739999771118164,45900.0
2021-03-19 00:00:00,27.504724502563477,27.65999984741211,28.3700008392334,26.489999771118164,26.989999771118164,143400.0
2021-03-22 00:00:00,26.70921516418457,26.860000610351562,28.31999969482422,26.489999771118164,27.59000015258789,34700.0
2021-03-23 00:00:00,25.625333786010742,25.770000457763672,26.559999465942383,25.56999969482422,26.559999465942383,20800.0
2021-03-24 00:00:00,25.307130813598633,25.450000762939453,27.239999771118164,25.450000762939453,25.959999084472656,33200.0
2021-03-25 00:00:00,26.10264015197754,26.25,26.3700008392334,25.329999923706055,25.329999923706055,32600.0
2021-03-26 00:00:00,26.6694393157959,26.81999969482422,27.020000457763672,26.43000030517578,27.020000457763672,15600.0
2021-03-29 00:00:00,25.89381980895996,26.040000915527344,26.6200008392334,25.889999389648438,26.350000381469727,16900.0
2021-03-30 00:00:00,26.231908798217773,26.3799991607666,26.489999771118164,25.5,26.229999542236328,17000.0
2021-03-31 00:00:00,25.873929977416992,26.020000457763672,26.5,25.110000610351562,26.139999389648438,59500.0
2021-04-01 00:00:00,25.953481674194336,26.100000381469727,26.260000228881836,25.780000686645508,25.780000686645508,30600.0
2021-04-05 00:00:00,26.36117935180664,26.510000228881836,26.510000228881836,26.020000457763672,26.350000381469727,11300.0
2021-04-06 00:00:00,26.062862396240234,26.209999084472656,26.8700008392334,26.110000610351562,26.280000686645508,46500.0
2021-04-07 00:00:00,25.605445861816406,25.75,26.229999542236328,25.709999084472656,26.059999465942383,13600.0
2021-04-08 00:00:00,26.01314353942871,26.15999984741211,26.170000076293945,25.6299991607666,26.059999465942383,16300.0
2021-04-09 00:00:00,25.79438018798828,25.940000534057617,26.40999984741211,25.940000534057617,26.350000381469727,13400.0
2021-04-12 00:00:00,25.953481674194336,26.100000381469727,26.329999923706055,25.90999984741211,26.139999389648438,16300.0
2021-04-13 00:00:00,25.257410049438477,25.399999618530273,25.809999465942383,25.260000228881836,25.809999465942383,14700.0
2021-04-14 00:00:00,25.704885482788086,25.850000381469727,26.020000457763672,25.450000762939453,25.450000762939453,11700.0
2021-04-15 00:00:00,25.51595115661621,25.65999984741211,25.959999084472656,25.049999237060547,25.959999084472656,24600.0
2021-04-16 00:00:00,25.54578399658203,25.690000534057617,26.040000915527344,25.270000457763672,25.940000534057617,26300.0
2021-04-19 00:00:00,25.317073822021484,25.459999084472656,25.700000762939453,25.190000534057617,25.510000228881836,20100.0
2021-04-20 00:00:00,24.760217666625977,24.899999618530273,25.690000534057617,24.549999237060547,25.270000457763672,31700.0
2021-04-21 00:00:00,25.118196487426758,25.260000228881836,25.3700008392334,24.989999771118164,25.0,18700.0
2021-04-22 00:00:00,25.177860260009766,25.31999969482422,25.600000381469727,24.899999618530273,25.260000228881836,19000.0
2021-04-23 00:00:00,25.565670013427734,25.709999084472656,26.290000915527344,25.3700008392334,25.3700008392334,23300.0
2021-04-26 00:00:00,25.33696174621582,25.479999542236328,26.170000076293945,25.479999542236328,25.889999389648438,11500.0
2021-04-27 00:00:00,25.187803268432617,25.329999923706055,25.5,24.90999984741211,25.25,15600.0
2021-04-28 00:00:00,25.15797233581543,25.299999237060547,25.469999313354492,24.90999984741211,25.469999313354492,21200.0
2021-04-29 00:00:00,25.038646697998047,25.18000030517578,26.09000015258789,24.729999542236328,25.5,19600.0
2021-04-30 00:00:00,25.128141403198242,25.270000457763672,25.350000381469727,24.8700008392334,24.8700008392334,31600.0
2021-05-03 00:00:00,25.625333786010742,25.770000457763672,25.860000610351562,25.1299991607666,25.1299991607666,21400.0
2021-05-04 00:00:00,24.97898292541504,25.1200008392334,25.700000762939453,24.950000762939453,25.459999084472656,31500.0
2021-05-05 00:00:00,25.386682510375977,25.530000686645508,25.530000686645508,24.899999618530273,25.309999465942383,17800.0
2021-05-06 00:00:00,25.873929977416992,26.020000457763672,26.020000457763672,25.34000015258789,25.540000915527344,41600.0
2021-05-07 00:00:00,25.973369598388672,26.1200008392334,26.149999618530273,25.65999984741211,25.690000534057617,15400.0
2021-05-10 00:00:00,25.346904754638672,25.489999771118164,26.15999984741211,25.489999771118164,26.030000686645508,19500.0
2021-05-11 00:00:00,24.859657287597656,25.0,25.579999923706055,24.850000381469727,25.020000457763672,13100.0
2021-05-12 00:00:00,24.760217666625977,24.899999618530273,25.219999313354492,24.65999984741211,25.139999389648438,16400.0
2021-05-13 00:00:00,25.26735496520996,25.40999984741211,25.829999923706055,25.1299991607666,25.229999542236328,21000.0
2021-05-14 00:00:00,26.023088455200195,26.170000076293945,26.170000076293945,25.559999465942383,25.760000228881836,14400.0
2021-05-17 00:00:00,26.32140350341797,26.469999313354492,26.510000228881836,25.459999084472656,26.100000381469727,13500.0
2021-05-18 00:00:00,25.635278701782227,25.780000686645508,26.440000534057617,25.489999771118164,26.280000686645508,18900.0
2021-05-19 00:00:00,25.704885482788086,25.850000381469727,25.899999618530273,25.139999389648438,25.56999969482422,15200.0
2021-05-20 00:00:00,25.79438018798828,25.940000534057617,25.940000534057617,25.450000762939453,25.600000381469727,31500.0
2021-05-21 00:00:00,26.311458587646484,26.459999084472656,26.469999313354492,26.09000015258789,26.18000030517578,17400.0
2021-05-24 00:00:00,26.301517486572266,26.450000762939453,26.479999542236328,25.90999984741211,26.18000030517578,70100.0
2021-05-25 00:00:00,25.54578399658203,25.690000534057617,26.5,25.649999618530273,26.450000762939453,84700.0
2021-05-26 00:00:00,25.913705825805664,26.059999465942383,26.270000457763672,25.690000534057617,25.719999313354492,12500.0
2021-05-27 00:00:00,26.192134857177734,26.34000015258789,26.790000915527344,26.059999465942383,26.06999969482422,48000.0
2021-05-28 00:00:00,26.649551391601562,26.799999237060547,27.0,26.15999984741211,26.5,39700.0
2021-06-01 00:00:00,27.037363052368164,27.190000534057617,27.31999969482422,26.799999237060547,27.09000015258789,29800.0
2021-06-02 00:00:00,26.788766860961914,26.940000534057617,27.389999389648438,26.770000457763672,27.3799991607666,14700.0
2021-06-03 00:00:00,26.56999969482422,26.719999313354492,27.34000015258789,26.600000381469727,26.940000534057617,28000.0
2021-06-04 00:00:00,26.149999618530273,26.149999618530273,26.65999984741211,25.809999465942383,26.459999084472656,18300.0
2021-06-07 00:00:00,26.56999969482422,26.56999969482422,26.68000030517578,26.15999984741211,26.299999237060547,19700.0
2021-06-08 00:00:00,26.75,26.75,26.799999237060547,26.209999084472656,26.420000076293945,20400.0
2021-06-09 00:00:00,26.469999313354492,26.469999313354492,26.5,26.31999969482422,26.5,17500.0
2021-06-10 00:00:00,26.299999237060547,26.299999237060547,26.799999237060547,26.1200008392334,26.229999542236328,19400.0
2021-06-11 00:00:00,26.350000381469727,26.350000381469727,26.700000762939453,26.18000030517578,26.34000015258789,18800.0
2021-06-14 00:00:00,26.209999084472656,26.209999084472656,26.309999465942383,26.020000457763672,26.110000610351562,83700.0
2021-06-15 00:00:00,26.389999389648438,26.389999389648438,26.5,25.760000228881836,26.43000030517578,37500.0
2021-06-16 00:00:00,26.579999923706055,26.579999923706055,26.809999465942383,26.06999969482422,26.06999969482422,12700.0
2021-06-17 00:00:00,25.989999771118164,25.989999771118164,26.760000228881836,25.799999237060547,26.760000228881836,26300.0
2021-06-18 00:00:00,25.399999618530273,25.399999618530273,25.530000686645508,24.940000534057617,25.530000686645508,67500.0
2021-06-21 00:00:00,26.290000915527344,26.290000915527344,26.81999969482422,25.479999542236328,25.670000076293945,35500.0
2021-06-22 00:00:00,26.360000610351562,26.360000610351562,26.399999618530273,25.8799991607666,26.229999542236328,32800.0
2021-06-23 00:00:00,26.34000015258789,26.34000015258789,26.350000381469727,25.860000610351562,25.959999084472656,75500.0
2021-06-24 00:00:00,26.790000915527344,26.790000915527344,26.850000381469727,26.139999389648438,26.34000015258789,34300.0
2021-06-25 00:00:00,26.329999923706055,26.329999923706055,27.0,26.209999084472656,26.829999923706055,158000.0
2021-06-28 00:00:00,26.010000228881836,26.010000228881836,26.399999618530273,25.770000457763672,26.399999618530273,23100.0
2021-06-29 00:00:00,25.860000610351562,25.860000610351562,26.170000076293945,25.75,26.010000228881836,29100.0
2021-06-30 00:00:00,25.790000915527344,25.790000915527344,26.079999923706055,25.65999984741211,25.65999984741211,34000.0
2021-07-01 00:00:00,26.079999923706055,26.079999923706055,26.09000015258789,25.729999542236328,25.790000915527344,30200.0
2021-07-02 00:00:00,25.579999923706055,25.579999923706055,26.100000381469727,25.469999313354492,26.100000381469727,53100.0
2021-07-06 00:00:00,25.049999237060547,25.049999237060547,25.59000015258789,24.93000030517578,25.59000015258789,28100.0
2021-07-07 00:00:00,24.899999618530273,24.899999618530273,25.18000030517578,24.81999969482422,24.8700008392334,17000.0
2021-07-08 00:00:00,24.56999969482422,24.56999969482422,24.850000381469727,24.3700008392334,24.530000686645508,31000.0
2021-07-09 00:00:00,25.65999984741211,25.65999984741211,25.690000534057617,24.770000457763672,24.889999389648438,18400.0
2021-07-12 00:00:00,25.329999923706055,25.329999923706055,25.65999984741211,25.229999542236328,25.260000228881836,25100.0
2021-07-13 00:00:00,24.860000610351562,24.860000610351562,25.43000030517578,24.729999542236328,25.43000030517578,14600.0
2021-07-14 00:00:00,24.709999084472656,24.709999084472656,24.860000610351562,24.520000457763672,24.860000610351562,16400.0
2021-07-15 00:00:00,25.049999237060547,25.049999237060547,25.149999618530273,22.700000762939453,24.09000015258789,43100.0
2021-07-16 00:00:00,25.18000030517578,25.18000030517578,25.299999237060547,24.850000381469727,25.299999237060547,29600.0
2021-07-19 00:00:00,23.850000381469727,23.850000381469727,24.739999771118164,23.850000381469727,24.43000030517578,32400.0
2021-07-20 00:00:00,23.989999771118164,23.989999771118164,24.8700008392334,23.829999923706055,23.829999923706055,56200.0
2021-07-21 00:00:00,24.299999237060547,24.299999237060547,24.739999771118164,24.270000457763672,24.280000686645508,20700.0
2021-07-22 00:00:00,23.68000030517578,23.68000030517578,23.799999237060547,23.549999237060547,23.760000228881836,24100.0
2021-07-23 00:00:00,23.899999618530273,23.899999618530273,23.93000030517578,23.34000015258789,23.93000030517578,30800.0
2021-07-26 00:00:00,23.899999618530273,23.899999618530273,24.43000030517578,23.719999313354492,23.719999313354492,32200.0
2021-07-27 00:00:00,23.969999313354492,23.969999313354492,24.049999237060547,23.559999465942383,23.559999465942383,35700.0
2021-07-28 00:00:00,24.1299991607666,24.1299991607666,24.610000610351562,23.559999465942383,23.799999237060547,44000.0
2021-07-29 00:00:00,24.610000610351562,24.610000610351562,24.780000686645508,24.34000015258789,24.43000030517578,15600.0
2021-07-30 00:00:00,24.34000015258789,24.34000015258789,25.020000457763672,23.93000030517578,24.469999313354492,20800.0
2021-08-02 00:00:00,23.950000762939453,23.950000762939453,24.530000686645508,23.84000015258789,24.280000686645508,23100.0
2021-08-03 00:00:00,24.270000457763672,24.270000457763672,24.3799991607666,23.799999237060547,23.799999237060547,15300.0
2021-08-04 00:00:00,24.239999771118164,24.239999771118164,25.350000381469727,23.93000030517578,23.93000030517578,18600.0
2021-08-05 00:00:00,24.219999313354492,24.219999313354492,24.3700008392334,24.040000915527344,24.15999984741211,44000.0
2021-08-06 00:00:00,24.6200008392334,24.6200008392334,24.81999969482422,24.489999771118164,24.5,24700.0
2021-08-09 00:00:00,24.530000686645508,24.530000686645508,24.760000228881836,24.34000015258789,24.43000030517578,25500.0
2021-08-10 00:00:00,24.31999969482422,24.31999969482422,24.520000457763672,24.299999237060547,24.459999084472656,12400.0
2021-08-11 00:00:00,24.190000534057617,24.190000534057617,24.3700008392334,23.969999313354492,24.219999313354492,36200.0
2021-08-12 00:00:00,23.649999618530273,23.649999618530273,24.010000228881836,23.579999923706055,24.0,24700.0
2021-08-13 00:00:00,23.8700008392334,23.8700008392334,23.8700008392334,23.56999969482422,23.649999618530273,14200.0
2021-08-16 00:00:00,23.770000457763672,23.770000457763672,23.8700008392334,23.540000915527344,23.540000915527344,24800.0
2021-08-17 00:00:00,23.5,23.5,23.6299991607666,23.34000015258789,23.6299991607666,17200.0
2021-08-18 00:00:00,23.260000228881836,23.260000228881836,23.90999984741211,23.260000228881836,23.90999984741211,17600.0
2021-08-19 00:00:00,23.170000076293945,23.170000076293945,23.200000762939453,23.020000457763672,23.079999923706055,17300.0
2021-08-20 00:00:00,23.09000015258789,23.09000015258789,23.399999618530273,22.8799991607666,23.020000457763672,79500.0
2021-08-23 00:00:00,23.40999984741211,23.40999984741211,23.43000030517578,23.149999618530273,23.3700008392334,15000.0
2021-08-24 00:00:00,23.459999084472656,23.459999084472656,23.489999771118164,23.309999465942383,23.350000381469727,16500.0
2021-08-25 00:00:00,23.360000610351562,23.360000610351562,23.610000610351562,23.360000610351562,23.610000610351562,14500.0
2021-08-26 00:00:00,22.649999618530273,22.649999618530273,23.549999237060547,22.600000381469727,23.549999237060547,118700.0
2021-08-27 00:00:00,23.309999465942383,23.309999465942383,23.420000076293945,22.639999389648438,22.8799991607666,86500.0
2021-08-30 00:00:00,22.809999465942383,22.809999465942383,23.549999237060547,22.799999237060547,23.549999237060547,23900.0
2021-08-31 00:00:00,23.190000534057617,23.190000534057617,23.350000381469727,22.75,22.75,38500.0
2021-09-01 00:00:00,23.299999237060547,23.299999237060547,23.459999084472656,23.059999465942383,23.280000686645508,20600.0
2021-09-02 00:00:00,23.200000762939453,23.200000762939453,23.469999313354492,23.059999465942383,23.469999313354492,12700.0
2021-09-03 00:00:00,23.079999923706055,23.079999923706055,23.3799991607666,22.719999313354492,23.3799991607666,17400.0
2021-09-07 00:00:00,22.8700008392334,22.8700008392334,23.059999465942383,22.8700008392334,23.020000457763672,13700.0
2021-09-08 00:00:00,22.709999084472656,22.709999084472656,23.020000457763672,22.65999984741211,22.729999542236328,20400.0
2021-09-09 00:00:00,22.690000534057617,22.690000534057617,23.06999969482422,22.68000030517578,22.8799991607666,31100.0
2021-09-10 00:00:00,22.65999984741211,22.65999984741211,23.170000076293945,22.5,22.760000228881836,32200.0
2021-09-13 00:00:00,22.649999618530273,22.649999618530273,22.920000076293945,22.5,22.920000076293945,21300.0
2021-09-14 00:00:00,22.700000762939453,22.700000762939453,22.850000381469727,22.5,22.850000381469727,27000.0
2021-09-15 00:00:00,22.84000015258789,22.84000015258789,22.93000030517578,22.75,22.84000015258789,28100.0
2021-09-16 00:00:00,22.81999969482422,22.81999969482422,22.959999084472656,22.649999618530273,22.959999084472656,16000.0
2021-09-17 00:00:00,22.700000762939453,22.700000762939453,22.950000762939453,22.639999389648438,22.8700008392334,95600.0
2021-09-20 00:00:00,22.360000610351562,22.360000610351562,22.3700008392334,22.020000457763672,22.3700008392334,25900.0
2021-09-21 00:00:00,22.229999542236328,22.229999542236328,22.649999618530273,22.229999542236328,22.639999389648438,28100.0
2021-09-22 00:00:00,22.399999618530273,22.399999618530273,23.360000610351562,22.360000610351562,23.360000610351562,33300.0
2021-09-23 00:00:00,22.809999465942383,22.809999465942383,22.8700008392334,22.489999771118164,22.520000457763672,58400.0
2021-09-24 00:00:00,23.549999237060547,23.549999237060547,23.6299991607666,22.799999237060547,22.799999237060547,26200.0
2021-09-27 00:00:00,24.579999923706055,24.579999923706055,24.700000762939453,23.729999542236328,23.760000228881836,28900.0
2021-09-28 00:00:00,24.360000610351562,24.360000610351562,24.68000030517578,24.309999465942383,24.579999923706055,32900.0
2021-09-29 00:00:00,24.799999237060547,24.799999237060547,24.889999389648438,24.350000381469727,24.350000381469727,15400.0
2021-09-30 00:00:00,24.739999771118164,24.739999771118164,24.8700008392334,24.65999984741211,24.799999237060547,54200.0
2021-10-01 00:00:00,25.290000915527344,25.290000915527344,25.389999389648438,24.81999969482422,24.860000610351562,21700.0
2021-10-04 00:00:00,25.290000915527344,25.290000915527344,25.479999542236328,25.1200008392334,25.1200008392334,24300.0
2021-10-05 00:00:00,25.360000610351562,25.360000610351562,25.440000534057617,25.25,25.299999237060547,71600.0
2021-10-06 00:00:00,25.520000457763672,25.520000457763672,25.540000915527344,25.1200008392334,25.170000076293945,18900.0
2021-10-07 00:00:00,25.899999618530273,25.899999618530273,26.010000228881836,25.510000228881836,25.65999984741211,31000.0
2021-10-08 00:00:00,26.399999618530273,26.399999618530273,26.459999084472656,25.950000762939453,26.200000762939453,49400.0
2021-10-11 00:00:00,26.100000381469727,26.100000381469727,26.780000686645508,26.100000381469727,26.270000457763672,18700.0
2021-10-12 00:00:00,25.989999771118164,25.989999771118164,26.1299991607666,25.799999237060547,26.0,34400.0
2021-10-13 00:00:00,26.219999313354492,26.219999313354492,26.219999313354492,25.899999618530273,26.010000228881836,32700.0
2021-10-14 00:00:00,26.360000610351562,26.360000610351562,26.489999771118164,26.25,26.489999771118164,19200.0
2021-10-15 00:00:00,26.25,26.25,26.8700008392334,26.25,26.719999313354492,38900.0
2021-10-18 00:00:00,26.329999923706055,26.329999923706055,26.530000686645508,25.8700008392334,26.059999465942383,20400.0
2021-10-19 00:00:00,26.489999771118164,26.489999771118164,26.489999771118164,26.309999465942383,26.399999618530273,30500.0
2021-10-20 00:00:00,26.780000686645508,26.780000686645508,26.780000686645508,26.450000762939453,26.450000762939453,15800.0
2021-10-21 00:00:00,26.790000915527344,26.790000915527344,26.989999771118164,26.56999969482422,26.989999771118164,25800.0
2021-10-22 00:00:00,26.84000015258789,26.84000015258789,26.920000076293945,26.600000381469727,26.600000381469727,9000.0
2021-10-25 00:00:00,26.979999542236328,26.979999542236328,27.0,26.75,26.860000610351562,13800.0
2021-10-26 00:00:00,27.190000534057617,27.190000534057617,27.559999465942383,26.799999237060547,27.0,30700.0
2021-10-27 00:00:00,26.760000228881836,26.760000228881836,27.200000762939453,26.760000228881836,27.06999969482422,25200.0
2021-10-28 00:00:00,26.950000762939453,26.950000762939453,27.0,26.760000228881836,26.760000228881836,11100.0
2021-10-29 00:00:00,26.8700008392334,26.8700008392334,27.06999969482422,26.780000686645508,26.899999618530273,26200.0
2021-11-01 00:00:00,27.290000915527344,27.290000915527344,27.959999084472656,26.850000381469727,27.0,25400.0
2021-11-02 00:00:00,26.959999084472656,26.959999084472656,27.479999542236328,26.68000030517578,27.239999771118164,30400.0
2021-11-03 00:00:00,27.959999084472656,27.959999084472656,28.0,27.329999923706055,27.329999923706055,33600.0
2021-11-04 00:00:00,27.690000534057617,27.690000534057617,27.950000762939453,27.209999084472656,27.950000762939453,13800.0
2021-11-05 00:00:00,28.0,28.0,28.0,27.809999465942383,27.829999923706055,30000.0
2021-11-08 00:00:00,28.510000228881836,28.510000228881836,28.510000228881836,27.950000762939453,28.0,31000.0
2021-11-09 00:00:00,28.280000686645508,28.280000686645508,28.459999084472656,27.450000762939453,28.459999084472656,14200.0
2021-11-10 00:00:00,28.43000030517578,28.43000030517578,28.5,28.190000534057617,28.290000915527344,13500.0
2021-11-11 00:00:00,28.68000030517578,28.68000030517578,28.75,28.15999984741211,28.479999542236328,11600.0
2021-11-12 00:00:00,28.309999465942383,28.309999465942383,28.68000030517578,28.040000915527344,28.59000015258789,11300.0
2021-11-15 00:00:00,27.959999084472656,27.959999084472656,28.31999969482422,27.59000015258789,28.31999969482422,87800.0
2021-11-16 00:00:00,27.850000381469727,27.850000381469727,28.049999237060547,27.719999313354492,27.979999542236328,13300.0
2021-11-17 00:00:00,27.690000534057617,27.690000534057617,27.790000915527344,27.31999969482422,27.399999618530273,87800.0
2021-11-18 00:00:00,28.059999465942383,28.059999465942383,28.219999313354492,27.389999389648438,27.739999771118164,20400.0
2021-11-19 00:00:00,27.700000762939453,27.700000762939453,28.049999237060547,27.549999237060547,27.760000228881836,111500.0
2021-11-22 00:00:00,28.3700008392334,28.3700008392334,28.5,27.959999084472656,27.959999084472656,75400.0
2021-11-23 00:00:00,29.0,29.0,29.0,28.399999618530273,28.399999618530273,59800.0
2021-11-24 00:00:00,28.799999237060547,28.799999237060547,28.989999771118164,28.639999389648438,28.739999771118164,8000.0
2021-11-26 00:00:00,27.530000686645508,27.530000686645508,28.09000015258789,26.950000762939453,28.09000015258789,25300.0
2021-11-29 00:00:00,26.860000610351562,26.860000610351562,27.56999969482422,26.860000610351562,27.56999969482422,13000.0
2021-11-30 00:00:00,26.510000228881836,26.510000228881836,27.18000030517578,25.459999084472656,26.6200008392334,24900.0
2021-12-01 00:00:00,26.75,26.75,27.81999969482422,26.75,27.06999969482422,31000.0
2021-12-02 00:00:00,27.719999313354492,27.719999313354492,27.850000381469727,26.549999237060547,27.5,16200.0
2021-12-03 00:00:00,27.09000015258789,27.09000015258789,27.670000076293945,26.59000015258789,27.670000076293945,16300.0
2021-12-06 00:00:00,27.469999313354492,27.469999313354492,27.75,27.229999542236328,27.440000534057617,12900.0
2021-12-07 00:00:00,27.309999465942383,27.309999465942383,27.610000610351562,27.110000610351562,27.610000610351562,11800.0
2021-12-08 00:00:00,26.959999084472656,26.959999084472656,27.260000228881836,26.780000686645508,27.260000228881836,11700.0
2021-12-09 00:00:00,26.969999313354492,26.969999313354492,27.3799991607666,26.760000228881836,26.770000457763672,16300.0
2021-12-10 00:00:00,26.8700008392334,26.8700008392334,27.239999771118164,25.049999237060547,25.049999237060547,11000.0
2021-12-13 00:00:00,26.68000030517578,26.68000030517578,27.389999389648438,25.889999389648438,26.649999618530273,20200.0
2021-12-14 00:00:00,26.56999969482422,26.56999969482422,26.8799991607666,25.959999084472656,26.670000076293945,53400.0
2021-12-15 00:00:00,27.09000015258789,27.09000015258789,27.209999084472656,26.010000228881836,26.350000381469727,19200.0
2021-12-16 00:00:00,26.850000381469727,26.850000381469727,27.3799991607666,26.530000686645508,27.3799991607666,22600.0
2021-12-17 00:00:00,25.540000915527344,25.540000915527344,26.8799991607666,25.530000686645508,26.8799991607666,174800.0
2021-12-20 00:00:00,25.899999618530273,25.899999618530273,26.479999542236328,24.850000381469727,25.610000610351562,41700.0
2021-12-21 00:00:00,26.40999984741211,26.40999984741211,27.18000030517578,26.1299991607666,26.290000915527344,22400.0
2021-12-22 00:00:00,26.350000381469727,26.350000381469727,26.690000534057617,24.770000457763672,25.75,30400.0
2021-12-23 00:00:00,26.579999923706055,26.579999923706055,26.989999771118164,26.3700008392334,26.399999618530273,23000.0
2021-12-27 00:00:00,26.90999984741211,26.90999984741211,26.979999542236328,26.43000030517578,26.43000030517578,13200.0
2021-12-28 00:00:00,27.049999237060547,27.049999237060547,27.190000534057617,26.860000610351562,27.010000228881836,28900.0
2021-12-29 00:00:00,27.15999984741211,27.15999984741211,27.440000534057617,26.860000610351562,26.8799991607666,18800.0
2021-12-30 00:00:00,26.809999465942383,26.809999465942383,27.09000015258789,26.65999984741211,26.8700008392334,10700.0
2021-12-31 00:00:00,26.399999618530273,26.399999618530273,26.719999313354492,26.0,26.200000762939453,16600.0
2022-01-03 00:00:00,27.059999465942383,27.059999465942383,27.06999969482422,26.56999969482422,26.56999969482422,26800.0
2022-01-04 00:00:00,27.299999237060547,27.299999237060547,27.8799991607666,27.1299991607666,27.1299991607666,11700.0
2022-01-05 00:00:00,27.329999923706055,27.329999923706055,27.90999984741211,27.059999465942383,27.469999313354492,14700.0
2022-01-06 00:00:00,27.780000686645508,27.780000686645508,27.969999313354492,27.100000381469727,27.270000457763672,12000.0
2022-01-07 00:00:00,27.299999237060547,27.299999237060547,28.059999465942383,27.25,27.790000915527344,25700.0
2022-01-10 00:00:00,27.40999984741211,27.40999984741211,27.5,26.950000762939453,27.149999618530273,30700.0
2022-01-11 00:00:00,27.479999542236328,27.479999542236328,27.790000915527344,26.899999618530273,27.299999237060547,20200.0
2022-01-12 00:00:00,27.479999542236328,27.479999542236328,27.989999771118164,27.450000762939453,27.600000381469727,23100.0
2022-01-13 00:00:00,27.600000381469727,27.600000381469727,27.899999618530273,27.40999984741211,27.479999542236328,18600.0
2022-01-14 00:00:00,27.8700008392334,27.8700008392334,28.0,27.399999618530273,27.59000015258789,23500.0
2022-01-18 00:00:00,27.8700008392334,27.8700008392334,28.389999389648438,27.469999313354492,27.850000381469727,31000.0
2022-01-19 00:00:00,27.549999237060547,27.549999237060547,28.239999771118164,27.34000015258789,28.100000381469727,15800.0
2022-01-20 00:00:00,26.5,26.5,27.549999237060547,26.239999771118164,27.549999237060547,14900.0
2022-01-21 00:00:00,27.0,27.0,27.290000915527344,26.15999984741211,26.15999984741211,90100.0
2022-01-24 00:00:00,27.459999084472656,27.459999084472656,27.6299991607666,26.34000015258789,26.719999313354492,34800.0
2022-01-25 00:00:00,27.450000762939453,27.450000762939453,27.799999237060547,26.399999618530273,27.149999618530273,28800.0
2022-01-26 00:00:00,27.549999237060547,27.549999237060547,28.8799991607666,27.309999465942383,28.549999237060547,52700.0
2022-01-27 00:00:00,27.760000228881836,27.760000228881836,28.309999465942383,27.40999984741211,27.600000381469727,24900.0
2022-01-28 00:00:00,27.65999984741211,27.65999984741211,27.850000381469727,27.15999984741211,27.479999542236328,27700.0
2022-01-31 00:00:00,27.65999984741211,27.65999984741211,27.959999084472656,25.959999084472656,27.420000076293945,32300.0
2022-02-01 00:00:00,27.6200008392334,27.6200008392334,27.700000762939453,27.25,27.43000030517578,38300.0
2022-02-02 00:00:00,27.600000381469727,27.600000381469727,27.739999771118164,27.3799991607666,27.420000076293945,23700.0
2022-02-03 00:00:00,27.600000381469727,27.600000381469727,27.719999313354492,27.440000534057617,27.440000534057617,20300.0
2022-02-04 00:00:00,27.850000381469727,27.850000381469727,27.90999984741211,27.600000381469727,27.639999389648438,22300.0
2022-02-07 00:00:00,,,,,,
